0.0 0.7 1.0
Linear 24 explicit
 0.000000 0.0 0.0 0.0 0.0 0.0 0.0 0.0 0.0 0.0 0.0 0.0 0.0 0.0 0.0 0.0 0.0 0.0 0.0 0.0 0.0 0.0 0.0 0.0 0.0
 0.010000 3.598235647586E-17 2.781320866334491E-17 0.0 4.41109771080086E-17 0.0037596927012750856 4.179118645958649E-18 0.0 1.112603406380299E-17 5.259332947670997E-18 0.0 8.58594661324489E-18 9.85047312861875E-4 5.2716825874670345E-19 0.033538158128626094 3.911225586895055E-18 0.0898894686247812 0.027524022280313698 0.010084717428053171 0.010695841523722865 0.038417766066597234 0.01433971623292006 0.01649635913023569 4.822933204816938E-4 0.02102725838297738
 0.020000 0.0 2.3282654124154468E-17 0.0 4.372104209165534E-17 0.001522894127952702 9.315510665181982E-19 0.0 0.0 8.685202478194252E-18 0.0 5.835087294982241E-17 1.418211667767803E-4 0.0 0.03242631687763689 0.0 0.0923448825858268 0.02991944073403444 0.016014309868452946 0.008755589473155115 0.043778148512753294 0.016602626583615266 0.020488843382256483 0.0 0.026873663015180564
 0.030000 9.119084682101399E-17 3.177345385072162E-17 0.0 1.5240834707584497E-17 8.409840362902186E-4 6.788720371855505E-18 0.0 2.605992601463819E-18 0.0 1.119469598156899E-17 0.0 3.646906013789085E-4 0.0 0.033201245874514264 0.0 0.0981056188255441 0.03113672811755188 0.02060727222432799 0.0072899685096209435 0.04652911387692384 0.018056981453974035 0.023279061075079044 2.733498167888368E-18 0.03332542840682424
 0.040000 7.854784027177962E-17 4.40255919376514E-17 0.0 0.0 4.460997212889258E-18 0.0 0.0 0.0 0.0 0.0 2.3973273068090083E-17 3.110283918089614E-17 1.2449534465790824E-17 0.033932821697922666 0.0 0.10230852800680669 0.034139438238786 0.022513722154053954 0.008327239854995146 0.04822940679584027 0.019785315429072855 0.025087649307701795 3.926110141431472E-18 0.04170167482878428
 0.050000 0.0 8.60137675856215E-18 2.919063269100571E-17 0.0 0.0 1.7599778226779104E-17 0.0 0.0 6.676252959237404E-18 0.0 4.5777587362335413E-17 0.0 7.925692527866982E-18 0.03384563658347288 1.4924206175944094E-17 0.10516257931448353 0.03445741292738397 0.02810746730364425 0.01109559867624391 0.04711210819055576 0.0213409513876944 0.0269590675272773 2.7494879450939675E-18 0.04681863311730883
 0.060000 0.0 8.58008295144144E-18 2.7522491550900903E-17 8.674103673570418E-17 0.0 0.0 1.743902434740957E-17 2.8363375828682144E-17 3.417503248543255E-18 0.0 0.0 0.0 1.133449027810767E-17 0.03414187389168574 1.7697102118399437E-17 0.10812025406180086 0.03922570079989608 0.028394861294522775 0.013144469160850493 0.047356547512923765 0.023445403022094566 0.028259611801114214 0.0 0.055194479408501654
 0.070000 0.0 2.0200525858657217E-18 1.9873998735853183E-17 1.0770862860805208E-17 9.788254090915985E-18 1.5673700942389215E-17 0.0 0.0 0.0 0.0 0.0 0.0 9.091430342467972E-18 0.034009963537956926 1.3415458837172197E-17 0.10964219968902206 0.04388770542403899 0.02989631530428856 0.015547804016724162 0.047032527117945734 0.02593519682002428 0.029988779533714614 5.533457078939133E-19 0.0624536003938584
 0.080000 0.0 3.0316412875384716E-17 0.0 0.0 4.99939505121626E-18 3.8699500239519984E-17 0.0 7.102465718762977E-17 0.0 0.0 1.3249976508695502E-17 0.0 0.0 0.03412709749676822 1.5344912233570407E-17 0.11157542454865972 0.04703191069114599 0.03371754717023001 0.015923496729580426 0.04816081996180763 0.028661809646311664 0.033159016331904545 4.105872007125816E-18 0.07051920870765975
 0.090000 0.0 0.0 0.0 4.568177427371451E-17 6.380404154259265E-18 0.0 0.0 1.3957144822510024E-17 2.810038703346937E-17 1.083918420017964E-17 0.0 0.0 0.0 0.03464772681461467 0.0 0.11564304380867922 0.05048954061009798 0.0376991758988011 0.018050726018754747 0.049742479818437484 0.031487345978800874 0.0361893554323887 0.0 0.08102163833594477
 0.100000 8.426848793799644E-17 0.0 0.0 0.0 3.257923236195355E-17 4.2454672532509834E-17 0.0 7.812315740159493E-17 4.974238731694319E-17 0.0 0.0 1.5987295796457043E-17 6.012039375563347E-18 0.02770867285146169 3.1265214797714123E-17 0.10351351417097227 0.055107521250351364 0.057706407118054505 0.04662729972905283 0.049633127437196105 0.0398970498816564 0.04196329222659897 0.040907909714438175 0.09525816133948913
 0.110000 0.0 0.0 0.0 0.0 4.412482228634485E-17 0.0 0.0 0.0 2.6991526963268363E-17 1.286125507085022E-17 0.0 4.1197297902278766E-18 1.2870260517953744E-17 0.025027616963640288 0.019949813450623657 0.10357157145981796 0.05786304760607127 0.06320648256294202 0.05367585841645439 0.048084460976163534 0.04247881781912017 0.04360707993287343 0.06113899190819466 0.11298726490373516
 0.120000 1.4330583066984617E-16 4.9497802073259676E-17 0.0 4.494320564530086E-17 0.0 0.0 2.1387336401571358E-17 2.0932596456873124E-17 3.0190652511805245E-17 2.1651338726251784E-17 0.0 0.0 0.0 0.023221933905803665 0.018529752600524835 0.10029355850447584 0.06440393630956515 0.07121581050643967 0.05506814091541664 0.0468570191689778 0.047980394796300646 0.0490179600032711 0.06735447652469956 0.12233639174707621
 0.130000 1.0623255424281865E-16 0.0 0.0 0.0 0.0 0.0 4.727461259814201E-17 4.837457045822059E-17 0.0 6.044846426768433E-17 0.0 0.0 5.938562542499485E-18 0.01757169083143296 0.02905935414590663 0.09604471291095323 0.07430567736266384 0.08003155878781852 0.0568757713892357 0.047485984851941054 0.0545618464366987 0.05555355650611147 0.0710482541331351 0.14338108656995163
 0.140000 2.8866689888846965E-17 4.34873143219958E-17 0.0 0.0 0.0 0.0 5.528919137197428E-17 2.496939273370055E-17 1.0048698956500402E-17 1.942354297620714E-17 8.92448106949295E-17 0.0 0.0 0.015342409952347716 0.028343630363046487 0.0923712624256107 0.08350319988066626 0.08842211163718794 0.05856042552441749 0.0470318839218853 0.0615061771207781 0.062289363403645624 0.07261276801493075 0.1578230006485203
 0.150000 2.8007624407383265E-17 6.380493438307167E-17 1.0122249427571238E-16 0.0 0.0 0.0 3.488005363220684E-18 0.0 8.307397109852954E-17 2.4703905962006314E-17 6.513044549010592E-17 0.0 0.0023384261362726258 0.01145864725573807 0.0325793556300504 0.08603839450880371 0.0930521145004196 0.0990403666636221 0.061946290767628726 0.04628326722118912 0.06922284397081827 0.06973714680030735 0.0774742386920439 0.17493843973032522
 0.160000 0.0 0.0 0.0 0.0 1.2907476047140582E-16 0.0 2.4660006593614204E-17 0.0 5.161587917646721E-17 0.0 9.080351396233192E-17 0.0 0.003963026912621375 0.007383240664737149 0.0352364406368135 0.07791628192743595 0.10056842935215952 0.10953450804170664 0.06523252438925929 0.04402294199501774 0.07602270014064126 0.07624077895861632 0.08419179565492445 0.18882744719476074
 0.170000 5.583075158891641E-17 1.0422138583447428E-16 0.0 0.0 0.0 2.5496085067271372E-17 3.015031682750027E-17 9.891680080916297E-17 5.4220825832872024E-17 0.0 0.0 0.0 0.003508807667937484 0.005015510167838174 0.033598173216069664 0.07233867580520224 0.10708047521348812 0.11974002730979666 0.06872996871682437 0.042067946456458005 0.0824971612589889 0.0825066876687986 0.09314911785819244 0.20285657445079183
 0.180000 6.165751256132762E-17 0.0 8.411949844637654E-17 6.131177092304465E-17 0.0 0.0 8.950595405896788E-18 0.0 0.0 1.1849920809539022E-17 4.736100344956591E-17 2.5720363882365213E-17 0.002934895798264152 0.0016858894038057927 0.037096398917383304 0.06893631687238753 0.11332906593121303 0.13126634184724348 0.07214087032629568 0.038691899843470774 0.08852300345839383 0.0883371823492583 0.10689963669150526 0.21988544585543998
 0.190000 1.7305085054857465E-16 0.0 2.3221462607328366E-17 0.0 0.0 1.5793416354233598E-18 1.8647093685463423E-17 1.0163112495928852E-16 0.0 8.970423217259593E-18 4.3797160127495013E-17 0.0 0.002546443744956672 0.0 0.04045583866881332 0.06375974324742137 0.11548976963044864 0.13979189898305458 0.07379850380609979 0.035262216025008855 0.09199794297249521 0.09195864511589587 0.12123866724130054 0.23174217629784757
 0.200000 0.0 0.0 0.0 6.216248006853622E-17 1.1187223168800649E-16 0.0 9.814131417652103E-17 0.0 1.536302325615456E-16 1.7036497907392396E-17 6.305739638918745E-17 3.3519360572454467E-17 0.0018925097490223137 0.0 0.046525258281045756 0.05976916339755003 0.11680254058488794 0.1471552575231155 0.07452376355566269 0.030780004835736917 0.09447107342930487 0.09442644540224698 0.1385531376236256 0.24031621397400332
 0.210000 2.374115447382597E-17 3.270662632022885E-18 5.874967889892868E-18 1.2656652383951795E-16 0.0 0.0 0.0 0.0 1.0235867632943633E-16 6.249755731100743E-17 5.843756006917692E-17 7.519464967229304E-18 8.340906168362598E-4 2.3105501854237668E-17 0.05745264580314627 0.056393720065627435 0.1195842683068223 0.15661775034500705 0.07506194510863855 0.026017482906285406 0.09764503374010075 0.09772851590065126 0.16385596208609263 0.2575219102659358
 0.220000 0.0 1.5452717845942196E-16 7.669151928887782E-17 0.0 5.411148146817324E-17 0.0 0.0 0.0 0.0 0.0 5.836495562011366E-18 1.203627001529747E-16 5.085205406842889E-4 0.0 0.06845811561903792 0.051014696178765445 0.12183037499946572 0.1645900777355322 0.07347389972114952 0.02144129615660459 0.10023879485276906 0.1006674564694454 0.18739854835012604 0.2733979752056113
 0.230000 0.0 0.0 5.4163615304514383E-17 0.0 1.2994047447147144E-16 2.960498823444483E-17 0.0 0.0 1.1001668962344776E-16 1.4078577064472163E-16 0.0 0.0 0.0 0.0 0.08158886772266266 0.04482030152913628 0.12205821915547657 0.1729650064154498 0.06892182266777888 0.014272491022233706 0.1012162975051808 0.10229716086884173 0.21967597070471195 0.2866251485007679
 0.240000 0.0 6.59893042356898E-17 0.0 2.4522177880335368E-17 9.83767818131452E-18 0.0 0.0 0.0 1.2428146050259704E-17 0.0 5.918827265337188E-18 0.0 0.0 0.0 0.09105512768812725 0.04497253439115074 0.12200823913559893 0.17946415571449154 0.06206916638048066 0.009257168802995628 0.10187781893055022 0.10415512047870065 0.24885374307289368 0.29938981450654767
 0.250000 3.998294840080434E-16 1.0936069129063634E-17 0.0 0.0 2.333180171774881E-17 0.0 5.772126241149127E-17 0.0 0.0 7.256236892333631E-18 0.0 0.0 5.803066713717022E-18 6.692960443649658E-18 0.1000504007730332 0.0340099030127045 0.12345779572538687 0.18182580190217534 0.058956336692304 0.011833598589349851 0.1045085073226127 0.10759674847752448 0.27527808929656555 0.3053329802187159
 0.260000 1.1196041596917577E-17 1.1004662352098434E-16 0.0 5.867732704343136E-17 0.0 4.327399764461031E-17 0.0 0.0 0.0 1.9579758115478282E-17 2.6900536945007552E-17 8.938835753003961E-17 1.708573097474057E-17 0.0 0.10806863938297111 0.037303948238444004 0.12153489960187676 0.18529468306781943 0.05005642789607031 0.008047624576716409 0.10356349038035091 0.10815193090344441 0.3067709109833617 0.31291212366770793
 0.270000 7.264358513965008E-16 0.0 0.0 3.7619851626776875E-16 7.436553447239165E-17 0.0 0.0 2.1096220058251183E-16 3.8070997471697644E-17 0.0 7.029142603907344E-17 5.715968654086105E-17 0.0 1.6546124501748134E-17 0.1233193409158455 0.04462937723828507 0.11606724707053294 0.1829830403676118 0.03657217406600528 9.34044283935948E-4 0.098221397566552 0.10436272565704359 0.3325772336750896 0.3284746035985306
 0.280000 0.0 0.0 0.0 3.7797099139401215E-17 5.47469255961458E-17 0.0 1.5314865000999966E-16 0.0 3.142639446943481E-17 0.0 0.0 0.0 0.0 4.2588975190802174E-18 0.135427991801277 0.05026727589225435 0.11092177283604836 0.18252771999957235 0.021739496141637407 0.0 0.09276701086605489 0.10018710111012241 0.3622583389532055 0.33725374021983967
 0.290000 0.0 2.4623545647979303E-16 2.9306970579889974E-17 0.0 0.0 2.3269449162153394E-17 0.0 2.8329833185612073E-16 1.7955976023041394E-16 2.1684405300494126E-16 5.240656014254483E-18 3.385897643632011E-17 0.0 0.0 0.14981839263810956 0.060027733547289706 0.10338546416294105 0.17671203993606172 0.009878588209709 0.0 0.08580576406489893 0.09439485160826246 0.38247600816052674 0.34472653473344694
 0.300000 1.2689297105264266E-16 3.122586499058699E-16 4.079635261434892E-17 1.157124231221255E-16 2.524764041367299E-17 0.0 0.0 9.066816274263297E-17 0.0 1.0983929556870251E-16 0.0 0.0 0.0 1.1759061107913552E-17 0.15490892501585257 0.07747077441571217 0.09829957777511494 0.1740038889012585 0.0025883734670277356 8.715284665450752E-18 0.08175828696284011 0.09054767453180369 0.41379492809804064 0.3335850749137831
 0.310000 3.6725911875056614E-16 6.193265526470095E-17 2.874343410184977E-16 0.0 0.0 6.809830106774001E-17 3.881357122096068E-18 0.0 0.0 0.0 7.291693501392802E-17 0.0 4.0734392781416005E-17 0.0 0.17497392269264403 0.10065006988630543 0.08729320372906786 0.16495769135659666 1.4012367916242368E-17 0.0 0.0693901615134081 0.07939830407557448 0.43346973812983475 0.35286268293307776
 0.320000 0.0 1.0676245076312737E-16 0.0 0.0 0.0 3.6463208071794204E-17 2.5745590600160983E-16 0.0 1.1233195800985694E-16 0.0 0.0 8.268179441971406E-17 1.970151509251583E-18 0.0 0.19508859066754233 0.10687808281433034 0.07879006547518662 0.1593791547139524 0.0 2.357354132234673E-17 0.061920360037338217 0.0724297458002521 0.4559637058776511 0.34830668652783686
 0.330000 0.0 0.0 1.1635504184213146E-16 6.16596607931004E-17 0.0 0.0 1.3634090099640294E-16 2.698525891883619E-16 3.591316436335702E-16 0.0 0.0 8.390281397612797E-18 0.0 4.180047451597579E-18 0.22192699327532805 0.12378390547572866 0.07239978250170022 0.14883782353916342 0.0 1.8954916749722282E-17 0.056970740264063596 0.06772052254953338 0.45399631979489025 0.33564626631287536
 0.340000 0.0 3.5331892728025174E-16 0.0 0.0 1.3901900787284152E-16 0.0 1.472388331458887E-16 0.0 0.0 0.0 0.0 0.0 0.0 0.0 0.24063633502286863 0.1409923355740914 0.06449407823594823 0.14598834496309812 7.856091922090193E-18 0.0 0.0468460579589533 0.05998379064801846 0.4966850432269386 0.35582185767946867
 0.350000 1.3142934382892037E-16 0.0 1.9549307539039606E-16 0.0 0.0 1.578432415758206E-16 0.0 3.655311513744202E-17 1.488645434499485E-16 0.0 2.6318843499408057E-17 1.0133805616489663E-16 3.740889229040173E-17 0.0 0.26338039686230347 0.13869275560437405 0.056829886492264635 0.1389195966545393 7.940283772788864E-18 0.0 0.037556845470827126 0.051935959455223356 0.5071112717771986 0.34875590903541975
 0.360000 0.0 0.0 2.8436477047675216E-16 0.0 1.2929766277227207E-16 1.354691750860725E-16 3.4082644141035586E-17 0.0 0.0 0.0 0.0 0.0 0.0 1.8622498942654693E-17 0.29549942478577923 0.14794052168403204 0.04370578115849933 0.12197088367085478 0.0 0.0 0.02500228582476354 0.039236737831090954 0.5143216352751696 0.333352168259976
 0.370000 0.0 2.4502872270463564E-16 0.0 0.0 0.0 1.361773357713807E-16 0.0 0.0 2.2710341627825257E-16 0.0 0.0 1.592453117584699E-17 0.0 0.0 0.3193770253792631 0.150517903298995 0.04136904125576341 0.12050062855124184 0.0 1.413834873706597E-17 0.021028323072225637 0.036723632080994634 0.5306577480966084 0.32886681268413276
 0.380000 5.596290215633345E-16 0.0 0.0 8.229143072677952E-17 9.512446337635149E-17 0.0 0.0 0.0 1.394925855449855E-16 1.0595132406783934E-16 1.4083195964305426E-17 7.331141711955452E-17 2.1372569212025142E-17 1.9681457817401174E-17 0.3518938207827295 0.15713113959556113 0.04106857815296891 0.11644886834177473 3.780819055589545E-17 2.3509656484286086E-17 0.02027205091295526 0.035720535256290556 0.5392148532784812 0.31908044355061915
 0.390000 0.0 0.0 1.130280800181224E-16 4.013719475473674E-17 1.2322636362873785E-16 1.822910992040434E-16 0.0 4.9016055925173556E-17 7.563100894578068E-17 0.0 4.600014591099635E-17 6.394050408548438E-17 1.4870336107995663E-17 0.0 0.37061376086364767 0.15823223653679805 0.03802336960373922 0.10746727428682648 0.0 1.7122608223422148E-17 0.018709901020096596 0.03209727641831548 0.5449137665266225 0.29667229990002514
 0.400000 0.0 1.3209145195786696E-16 9.372506749208812E-18 0.0 0.0 1.3779913194539997E-16 0.0 1.3685318300776754E-16 0.0 0.0 4.6515488438239533E-17 0.0 3.291965536480311E-17 0.0 0.3938026273017151 0.16855711153896408 0.033456564698777704 0.10579615349383523 0.0 2.2296436571586113E-17 0.013656840618443812 0.027430634590970067 0.5607051946260281 0.2852272819924695
 0.410000 0.0 1.6781564332854E-16 0.0 1.8881264690497868E-16 1.2889645552441916E-16 0.0 0.0 0.0 6.771802737195459E-17 0.0 0.0 3.521806658274119E-17 0.0 0.0 0.41368629079203895 0.17491362305840788 0.032687715275612594 0.10763162170623859 0.0 3.0772628950207893E-17 0.014154354101727265 0.028100505113829114 0.5533460366745039 0.25891667422361814
 0.420000 2.362251986977407E-16 0.0 3.2053680108505285E-16 0.0 0.0 3.3277678714496077E-17 1.9185585065757624E-16 0.0 2.715886861461879E-16 1.7192242215486408E-16 0.0 0.0 1.4047091316243718E-17 0.0 0.4565595835447381 0.18051277651954362 0.019705424196637428 0.0974236929346134 0.0 0.0 4.346420681553289E-17 0.014158425542256959 0.5698068071038734 0.2449121930997583
 0.430000 0.0 7.035148615000708E-17 2.414592825340484E-16 1.8883027127373806E-16 0.0 0.0 0.0 9.40767845142062E-17 0.0 0.0 0.0 0.0 0.009097568241310795 0.0 0.43638400365953034 0.13283790297828088 0.00703539279134592 0.06642840824496789 3.352076518855632E-17 1.2860813658362485E-17 0.0 0.0023772523368432333 0.4526529330524638 0.20444952420259513
 0.440000 2.3291230638899823E-16 0.0 6.895763232596864E-16 0.0 4.345567659919966E-16 4.494026551833114E-16 0.0 0.0 0.0 0.0 1.3291617131754486E-16 0.0 4.266263186135794E-17 0.0 0.47649772716571437 0.14565068066224773 0.023444302456484545 0.10253391672694936 9.207968658465164E-18 1.3883784581314712E-17 0.0 0.014619241273745342 0.5056252591562463 0.19719425598988582
 0.450000 2.321599908582184E-16 8.70802550563956E-17 5.183653666776556E-16 9.178098842213021E-17 0.0 2.0538636990010274E-17 0.0 6.100323586049589E-17 0.0 0.0 4.243222372867573E-17 0.0 0.0 0.0 0.48195589813679096 0.12773552072157612 0.01970802538240429 0.09745295132310759 0.0 4.051262051915533E-17 0.0 0.00998629057234187 0.49066059603867257 0.18964707287663551
 0.460000 0.0 4.470902566448054E-17 1.7702544570014777E-16 1.6394306478403207E-16 0.0 8.649209210850627E-18 1.1979172925245993E-16 1.6270498629646253E-17 1.3087662053579465E-17 0.0 0.0 0.0 0.0 0.0 0.4929668962236956 0.10009335901959637 0.0040553611333580255 0.0845481118702012 2.9855281852145293E-17 0.0 2.518782426294397E-17 0.0 0.45252389856088876 0.164418789713747
 0.470000 0.0 1.2903054751397398E-16 3.2245692426918297E-16 0.0 0.0 0.0 5.819963995343279E-17 1.1184132038100763E-16 1.3700272331405366E-16 4.962381545886861E-17 0.0 0.0 0.01188249266000985 2.6138837272544266E-17 0.445234924542136 0.11282735129956163 0.002667449559524243 0.08669563637673797 2.7392139064664563E-18 0.0 0.0 0.0018263377151474568 0.4051419767511258 0.10141331500105438
 0.480000 0.0 0.0 1.0667995168264455E-16 9.18348620751535E-17 5.902437882054603E-17 0.0 1.483481289022615E-16 1.3987834200865696E-17 1.9420472012851774E-17 0.0 0.0 0.0 0.03526145089180773 4.540744119659867E-18 0.409995214670386 0.08799998243804612 0.0 0.06721862243782772 1.5683728091451598E-17 0.0 0.0 2.3546794658615722E-17 0.33869292548254926 0.0646681825645006
 0.490000 0.0 1.267949338780737E-16 1.9865377173844899E-16 0.0 0.0 4.90278052948509E-17 0.0 0.0 0.0 1.843063176675809E-17 1.479516308886675E-17 8.758361295246597E-18 0.047376514625677796 1.84003870608879E-17 0.3536202341088189 0.06359063123036926 0.0 0.03784639137255982 7.804901066769278E-18 6.766362772735485E-17 0.0 0.0 0.2583581359733188 0.0042435370693144694
 0.500000 6.101560919625267E-18 0.0 4.9702917935899555E-17 0.014109247647124587 2.0340263865871735E-17 0.042789860586137395 0.004964115513748776 0.0 8.734105898304558E-18 0.0 0.0 0.0 0.044709310479647345 2.6209339323217314E-4 0.28286675835082764 0.045839530052117994 1.4083772081600067E-18 0.0 1.047878117527132E-17 1.617926657940376E-17 0.0 3.1399364676989445E-17 0.1530184764374268 0.0
 0.510000 4.886896425710025E-18 0.026094539226834922 0.0 0.005815268993379131 7.642395937626348E-17 7.212794524397313E-18 0.0487655543120306 0.10975270078927539 1.581111533561519E-17 0.017028202851406243 1.4856972908575933E-17 2.6318075712592086E-17 0.056415902020055454 1.0208931972871794E-17 0.2458826244813827 0.0 1.6899124026280297E-17 0.0 2.5367948174424554E-17 1.868750188512183E-18 0.0 0.0 0.09165197697682997 0.0
 0.520000 2.8899578336254745E-17 0.05219768024993093 0.0 0.0 0.0 2.355398746591879E-17 0.09739491802019962 0.15522520388581162 7.82891126152139E-18 0.018426222217560392 0.032067120192288745 2.6203594600271076E-18 0.030643018465101958 0.0 0.14446477402520522 0.0 3.309965437135779E-17 0.0 0.0 0.0 4.111352451713484E-18 0.0 0.012479792426067974 0.0
 0.530000 0.0333377132015197 0.08021297001141642 0.027019840983281182 0.009497848781574931 0.016331533694570795 7.613606378011599E-18 0.08410176048987976 0.20041515768120177 8.064037166553268E-18 0.039232615554643774 0.08595482822695599 0.009388877639455406 0.012944777812434253 5.372985731644022E-18 0.04360347617837669 1.4463179425361579E-18 0.0 0.0 0.0 2.526059408220809E-18 4.018817677000339E-17 2.4022705308610755E-17 0.0 0.0
 0.540000 0.05428178696136901 0.09922167008551602 0.09379611155502075 2.80302370710516E-17 0.07673170472651206 0.0 0.081421651919798 0.22633178201706514 0.017965616453129888 0.04234670777906681 0.059754555876527046 0.10078696711363386 0.0 0.015321152902767306 0.0 0.031680641085009405 8.74213494390204E-17 6.842257382358942E-17 0.0 0.0 0.0 0.0 1.4323950440385974E-17 1.4751689426016775E-17
