Left Percent:
0.00,0.00,0.00,0.00,0.00,0.00,0.00,0.00,0.00,0.00,0.00,0.06,0.10,0.14,0.17,0.18,0.18,0.19,0.19,0.20,0.21,0.21,0.22,0.23,0.23,0.24,0.25,0.27,0.29,0.33,0.39,0.44,0.47,0.51,0.53,0.55,0.56,0.57,0.58,0.58,0.58,0.58,0.58,0.58,0.58,0.58,0.57,0.55,0.51,0.46,0.41,0.33,0.28,0.23,0.20,0.12,0.13,0.17,0.20,0.22,0.27,0.35,0.38,
Right Percent:
0.00,0.00,0.00,0.00,0.00,0.00,0.00,0.00,0.00,0.00,0.00,0.00,0.00,0.00,0.00,0.00,0.00,0.00,0.00,0.00,0.00,0.00,0.00,0.00,0.00,0.00,0.00,0.00,0.00,0.00,0.00,0.00,0.00,0.00,0.00,0.00,0.00,0.00,0.00,0.00,0.00,0.00,0.00,0.00,0.00,0.00,0.00,0.00,0.00,0.00,0.00,0.00,0.00,0.00,0.00,0.00,0.00,0.00,0.00,0.00,0.00,0.00,0.00,
Mid0 percent:
0.00,0.00,0.00,0.00,0.00,0.00,0.00,0.00,0.00,0.00,0.00,0.00,0.00,0.00,0.01,0.02,0.04,0.05,0.07,0.09,0.11,0.12,0.15,0.16,0.17,0.18,0.19,0.20,0.21,0.22,0.24,0.28,0.31,0.35,0.37,0.39,0.40,0.40,0.41,0.41,0.41,0.41,0.41,0.41,0.41,0.41,0.40,0.39,0.36,0.29,0.23,0.20,0.17,0.14,0.11,0.04,0.03,0.08,0.10,0.11,0.10,0.14,0.14,
Mid1 percent:
0.00,0.00,0.00,0.00,0.00,0.00,0.00,0.00,0.00,0.00,0.00,0.00,0.00,0.00,0.00,0.01,0.02,0.04,0.06,0.08,0.11,0.12,0.14,0.16,0.18,0.19,0.20,0.21,0.22,0.23,0.25,0.30,0.34,0.37,0.39,0.40,0.41,0.41,0.42,0.42,0.42,0.42,0.42,0.42,0.42,0.42,0.41,0.40,0.38,0.32,0.25,0.21,0.19,0.16,0.12,0.05,0.05,0.09,0.12,0.13,0.11,0.15,0.14,
Left Percent:
0.00,0.01,0.01,0.01,0.01,0.02,0.02,0.02,0.01,0.01,0.01,0.03,0.03,0.03,0.04,0.04,0.05,0.07,0.09,0.10,0.15,0.18,0.21,0.23,0.25,0.27,0.29,0.31,0.33,0.35,0.36,0.38,0.39,0.42,0.43,0.44,0.45,0.45,0.45,0.45,0.46,0.46,0.46,0.46,0.46,0.46,0.45,0.44,0.43,0.41,0.39,0.37,0.33,0.30,0.27,0.21,0.20,0.22,0.23,0.26,0.27,0.25,0.25,
Right Percent:
0.00,0.00,0.00,0.00,0.00,0.00,0.00,0.00,0.00,0.00,0.00,0.00,0.00,0.00,0.00,0.00,0.00,0.00,0.00,0.00,0.00,0.00,0.00,0.00,0.00,0.00,0.00,0.00,0.00,0.00,0.00,0.00,0.00,0.00,0.00,0.00,0.00,0.00,0.00,0.00,0.00,0.00,0.00,0.00,0.00,0.00,0.00,0.00,0.00,0.00,0.00,0.00,0.00,0.00,0.00,0.00,0.00,0.00,0.00,0.00,0.00,0.00,0.00,
Mid0 percent:
0.00,0.00,0.00,0.00,0.00,0.00,0.00,0.00,0.00,0.00,0.00,0.00,0.00,0.00,0.00,0.00,0.00,0.00,0.00,0.00,0.00,0.00,0.00,0.00,0.00,0.00,0.00,0.00,0.05,0.14,0.21,0.25,0.28,0.33,0.34,0.34,0.35,0.35,0.35,0.35,0.35,0.35,0.35,0.35,0.35,0.35,0.35,0.34,0.34,0.32,0.24,0.11,0.00,0.00,0.00,0.00,0.00,0.00,0.00,0.00,0.00,0.01,0.03,
Mid1 percent:
0.00,0.00,0.00,0.00,0.00,0.00,0.00,0.00,0.00,0.00,0.00,0.00,0.00,0.00,0.00,0.00,0.00,0.00,0.00,0.00,0.00,0.00,0.00,0.00,0.00,0.00,0.00,0.00,0.05,0.12,0.19,0.23,0.25,0.29,0.30,0.31,0.32,0.33,0.33,0.33,0.33,0.34,0.34,0.34,0.34,0.34,0.33,0.32,0.32,0.29,0.20,0.11,0.00,0.00,0.00,0.00,0.00,0.00,0.00,0.00,0.01,0.01,0.01,
Left Percent:
0.00,0.03,0.06,0.07,0.07,0.07,0.09,0.09,0.08,0.08,0.08,0.11,0.12,0.12,0.13,0.13,0.13,0.13,0.13,0.13,0.14,0.14,0.15,0.15,0.15,0.17,0.18,0.20,0.25,0.28,0.31,0.36,0.39,0.40,0.41,0.41,0.42,0.42,0.42,0.42,0.42,0.42,0.42,0.42,0.41,0.41,0.41,0.40,0.37,0.34,0.30,0.27,0.20,0.12,0.08,0.05,0.05,0.08,0.12,0.19,0.25,0.28,0.29,
Right Percent:
0.00,0.00,0.00,0.00,0.00,0.00,0.00,0.00,0.00,0.00,0.00,0.00,0.00,0.00,0.00,0.00,0.00,0.00,0.00,0.00,0.00,0.00,0.00,0.00,0.00,0.00,0.00,0.00,0.00,0.00,0.00,0.00,0.00,0.00,0.00,0.00,0.00,0.00,0.00,0.00,0.00,0.00,0.00,0.00,0.00,0.00,0.00,0.00,0.00,0.00,0.00,0.00,0.00,0.00,0.00,0.00,0.00,0.00,0.00,0.00,0.00,0.00,0.00,
Mid0 percent:
0.00,0.00,0.00,0.00,0.00,0.00,0.02,0.02,0.02,0.02,0.02,0.08,0.09,0.11,0.12,0.12,0.13,0.14,0.14,0.15,0.16,0.16,0.18,0.18,0.19,0.20,0.20,0.21,0.22,0.24,0.25,0.28,0.32,0.35,0.37,0.39,0.40,0.41,0.41,0.41,0.41,0.41,0.40,0.41,0.41,0.40,0.39,0.36,0.32,0.29,0.25,0.23,0.20,0.16,0.12,0.07,0.06,0.08,0.12,0.13,0.18,0.22,0.21,
Mid1 percent:
0.00,0.00,0.00,0.00,0.01,0.01,0.03,0.03,0.03,0.03,0.03,0.08,0.10,0.11,0.12,0.13,0.14,0.14,0.15,0.15,0.16,0.16,0.18,0.19,0.19,0.20,0.20,0.22,0.23,0.24,0.25,0.30,0.36,0.38,0.41,0.42,0.44,0.45,0.45,0.46,0.46,0.45,0.45,0.46,0.45,0.44,0.43,0.41,0.33,0.30,0.26,0.24,0.21,0.17,0.11,0.07,0.07,0.09,0.11,0.13,0.17,0.21,0.19,
Left Percent:
0.00,0.01,0.04,0.06,0.06,0.06,0.07,0.09,0.10,0.10,0.09,0.16,0.17,0.19,0.20,0.21,0.21,0.22,0.23,0.23,0.24,0.24,0.25,0.26,0.27,0.28,0.29,0.32,0.34,0.39,0.45,0.48,0.53,0.57,0.60,0.62,0.62,0.63,0.63,0.63,0.63,0.63,0.63,0.63,0.63,0.63,0.63,0.62,0.58,0.51,0.41,0.33,0.30,0.27,0.24,0.17,0.16,0.19,0.21,0.23,0.31,0.36,0.40,
Right Percent:
0.00,0.00,0.00,0.00,0.00,0.00,0.00,0.00,0.00,0.00,0.00,0.00,0.00,0.00,0.00,0.00,0.00,0.00,0.00,0.00,0.00,0.00,0.00,0.00,0.00,0.00,0.00,0.00,0.00,0.00,0.00,0.00,0.00,0.00,0.00,0.00,0.00,0.00,0.00,0.00,0.00,0.00,0.00,0.00,0.00,0.00,0.00,0.00,0.00,0.00,0.00,0.00,0.00,0.00,0.00,0.00,0.00,0.00,0.00,0.00,0.00,0.00,0.00,
Mid0 percent:
0.00,0.00,0.00,0.00,0.00,0.00,0.00,0.00,0.00,0.00,0.00,0.01,0.01,0.03,0.05,0.07,0.08,0.10,0.12,0.14,0.17,0.19,0.21,0.22,0.24,0.26,0.27,0.28,0.30,0.30,0.31,0.31,0.32,0.33,0.34,0.35,0.36,0.36,0.37,0.37,0.37,0.37,0.37,0.37,0.37,0.37,0.37,0.36,0.35,0.34,0.31,0.29,0.26,0.21,0.16,0.09,0.09,0.12,0.15,0.15,0.12,0.15,0.14,
Mid1 percent:
0.00,0.00,0.00,0.00,0.00,0.00,0.00,0.00,0.00,0.00,0.00,0.00,0.01,0.03,0.04,0.06,0.08,0.10,0.12,0.15,0.18,0.19,0.21,0.22,0.23,0.24,0.26,0.28,0.28,0.29,0.30,0.31,0.32,0.33,0.34,0.35,0.36,0.36,0.37,0.37,0.37,0.37,0.36,0.36,0.36,0.36,0.36,0.35,0.34,0.33,0.31,0.28,0.25,0.22,0.17,0.10,0.09,0.13,0.16,0.16,0.12,0.17,0.15,
Left Percent:
0.00,0.00,0.02,0.03,0.03,0.04,0.06,0.06,0.06,0.06,0.06,0.10,0.11,0.12,0.14,0.15,0.16,0.17,0.18,0.19,0.21,0.23,0.25,0.28,0.31,0.34,0.37,0.40,0.43,0.46,0.48,0.51,0.53,0.54,0.55,0.57,0.57,0.58,0.59,0.59,0.59,0.60,0.60,0.60,0.60,0.61,0.60,0.60,0.59,0.56,0.53,0.50,0.47,0.41,0.37,0.32,0.27,0.26,0.26,0.26,0.18,0.12,0.04,
Right Percent:
0.00,0.00,0.00,0.00,0.00,0.00,0.00,0.00,0.00,0.00,0.00,0.00,0.00,0.00,0.00,0.00,0.00,0.00,0.00,0.00,0.00,0.00,0.00,0.00,0.00,0.00,0.00,0.00,0.00,0.00,0.00,0.00,0.00,0.00,0.00,0.00,0.00,0.00,0.00,0.00,0.00,0.00,0.00,0.00,0.00,0.00,0.00,0.00,0.00,0.00,0.00,0.00,0.00,0.00,0.00,0.00,0.00,0.00,0.00,0.00,0.00,0.00,0.00,
Mid0 percent:
0.00,0.02,0.04,0.05,0.05,0.06,0.07,0.08,0.07,0.07,0.07,0.12,0.13,0.14,0.15,0.16,0.16,0.16,0.17,0.17,0.18,0.18,0.19,0.19,0.20,0.21,0.22,0.23,0.28,0.31,0.35,0.39,0.41,0.44,0.45,0.46,0.48,0.48,0.48,0.49,0.49,0.49,0.49,0.49,0.49,0.49,0.48,0.48,0.46,0.42,0.37,0.32,0.28,0.20,0.17,0.13,0.11,0.14,0.16,0.17,0.19,0.21,0.19,
Mid1 percent:
0.00,0.03,0.05,0.06,0.07,0.07,0.08,0.08,0.08,0.08,0.08,0.13,0.13,0.14,0.14,0.15,0.15,0.16,0.16,0.17,0.17,0.18,0.19,0.19,0.20,0.21,0.22,0.24,0.27,0.31,0.33,0.36,0.38,0.41,0.42,0.43,0.44,0.44,0.45,0.45,0.45,0.45,0.45,0.45,0.45,0.46,0.45,0.44,0.42,0.39,0.35,0.31,0.27,0.20,0.17,0.13,0.12,0.13,0.16,0.16,0.17,0.18,0.16,
Left Percent:
0.00,0.00,0.00,0.01,0.01,0.02,0.03,0.04,0.04,0.04,0.04,0.10,0.11,0.12,0.13,0.14,0.15,0.16,0.17,0.17,0.18,0.19,0.20,0.21,0.24,0.27,0.31,0.34,0.38,0.43,0.46,0.50,0.52,0.53,0.55,0.55,0.56,0.57,0.57,0.58,0.58,0.58,0.58,0.58,0.58,0.59,0.58,0.58,0.57,0.54,0.52,0.48,0.43,0.36,0.29,0.23,0.20,0.19,0.19,0.19,0.15,0.15,0.09,
Right Percent:
0.00,0.00,0.00,0.00,0.00,0.00,0.00,0.00,0.00,0.00,0.00,0.00,0.00,0.00,0.00,0.00,0.00,0.00,0.00,0.00,0.00,0.00,0.00,0.00,0.00,0.00,0.00,0.00,0.00,0.00,0.00,0.00,0.00,0.00,0.00,0.00,0.00,0.00,0.00,0.00,0.00,0.00,0.00,0.00,0.00,0.00,0.00,0.00,0.00,0.00,0.00,0.00,0.00,0.00,0.00,0.00,0.00,0.00,0.00,0.00,0.00,0.00,0.00,
Mid0 percent:
0.00,0.00,0.00,0.00,0.00,0.00,0.01,0.02,0.02,0.02,0.02,0.10,0.11,0.12,0.13,0.14,0.15,0.15,0.16,0.17,0.17,0.17,0.18,0.19,0.19,0.20,0.21,0.22,0.24,0.29,0.33,0.37,0.39,0.42,0.44,0.45,0.46,0.47,0.47,0.47,0.48,0.48,0.48,0.48,0.48,0.48,0.47,0.46,0.44,0.40,0.34,0.29,0.23,0.19,0.15,0.11,0.10,0.12,0.13,0.14,0.17,0.20,0.17,
Mid1 percent:
0.00,0.00,0.00,0.00,0.00,0.01,0.01,0.03,0.03,0.03,0.03,0.09,0.10,0.12,0.14,0.14,0.15,0.16,0.16,0.17,0.18,0.18,0.19,0.20,0.20,0.22,0.23,0.24,0.26,0.29,0.33,0.36,0.38,0.39,0.41,0.41,0.42,0.42,0.42,0.42,0.43,0.43,0.43,0.43,0.43,0.43,0.42,0.42,0.41,0.38,0.33,0.29,0.25,0.20,0.17,0.12,0.11,0.13,0.15,0.16,0.16,0.18,0.15,
Left Percent:
0.00,0.00,0.00,0.00,0.00,0.00,0.00,0.00,0.00,0.00,0.00,0.05,0.05,0.06,0.07,0.08,0.09,0.10,0.11,0.12,0.12,0.13,0.14,0.15,0.15,0.17,0.20,0.24,0.27,0.31,0.35,0.37,0.40,0.43,0.45,0.47,0.48,0.48,0.49,0.49,0.49,0.49,0.49,0.49,0.49,0.49,0.50,0.49,0.46,0.43,0.39,0.35,0.31,0.24,0.18,0.13,0.12,0.13,0.14,0.12,0.07,0.05,0.02,
Right Percent:
0.00,0.00,0.00,0.00,0.00,0.00,0.00,0.00,0.00,0.00,0.00,0.00,0.00,0.00,0.00,0.00,0.00,0.00,0.00,0.00,0.00,0.00,0.00,0.00,0.00,0.00,0.00,0.00,0.00,0.00,0.00,0.00,0.00,0.00,0.00,0.00,0.00,0.00,0.00,0.00,0.00,0.00,0.00,0.00,0.00,0.00,0.00,0.00,0.00,0.00,0.00,0.00,0.00,0.00,0.00,0.00,0.00,0.00,0.00,0.00,0.00,0.00,0.00,
Mid0 percent:
0.00,0.00,0.00,0.00,0.00,0.00,0.00,0.00,0.00,0.00,0.00,0.00,0.00,0.00,0.00,0.00,0.00,0.00,0.00,0.02,0.04,0.07,0.10,0.13,0.15,0.18,0.21,0.22,0.23,0.24,0.26,0.28,0.30,0.32,0.35,0.39,0.40,0.41,0.41,0.41,0.41,0.42,0.41,0.41,0.41,0.40,0.41,0.40,0.35,0.31,0.28,0.25,0.24,0.19,0.15,0.07,0.05,0.08,0.11,0.10,0.04,0.04,0.02,
Mid1 percent:
0.00,0.00,0.00,0.00,0.00,0.00,0.00,0.00,0.00,0.00,0.00,0.00,0.00,0.00,0.00,0.00,0.00,0.00,0.00,0.01,0.03,0.06,0.10,0.13,0.15,0.18,0.20,0.22,0.24,0.25,0.26,0.28,0.31,0.34,0.38,0.41,0.42,0.43,0.44,0.44,0.44,0.44,0.44,0.43,0.43,0.43,0.44,0.42,0.38,0.32,0.28,0.26,0.25,0.19,0.15,0.07,0.05,0.08,0.11,0.10,0.05,0.03,0.01,
Left Percent:
0.00,0.04,0.11,0.13,0.14,0.16,0.18,0.18,0.18,0.18,0.17,0.26,0.27,0.30,0.31,0.32,0.33,0.34,0.35,0.36,0.37,0.38,0.39,0.41,0.42,0.44,0.47,0.47,0.73,0.67,0.82,0.82,0.85,0.88,0.86,0.88,0.88,0.61,0.57,0.57,0.57,0.57,0.58,0.58,0.58,0.58,0.58,0.57,0.56,0.54,0.51,0.47,0.43,0.36,0.29,0.23,0.21,0.19,0.18,0.18,0.13,0.08,0.02,
Right Percent:
0.00,0.00,0.00,0.00,0.00,0.00,0.00,0.00,0.00,0.00,0.00,0.00,0.00,0.00,0.00,0.00,0.00,0.00,0.00,0.00,0.00,0.00,0.00,0.00,0.00,0.00,0.00,0.00,0.00,0.00,0.00,0.00,0.00,0.00,0.00,0.00,0.00,0.00,0.00,0.00,0.00,0.00,0.00,0.00,0.00,0.00,0.00,0.00,0.00,0.00,0.00,0.00,0.00,0.00,0.00,0.00,0.00,0.00,0.00,0.00,0.00,0.00,0.00,
Mid0 percent:
0.00,0.00,0.00,0.00,0.00,0.00,0.00,0.00,0.00,0.00,0.00,0.00,0.00,0.00,0.00,0.00,0.00,0.00,0.00,0.00,0.00,0.00,0.00,0.00,0.00,0.00,0.00,0.05,0.15,0.33,0.40,0.43,0.47,0.51,0.51,0.52,0.52,0.46,0.45,0.45,0.45,0.45,0.45,0.45,0.45,0.45,0.43,0.43,0.41,0.37,0.30,0.23,0.21,0.17,0.14,0.10,0.09,0.12,0.13,0.13,0.13,0.18,0.16,
Mid1 percent:
0.00,0.00,0.00,0.00,0.00,0.00,0.00,0.00,0.00,0.00,0.00,0.00,0.00,0.00,0.00,0.00,0.00,0.00,0.00,0.00,0.00,0.00,0.00,0.00,0.00,0.00,0.00,0.02,0.13,0.16,0.31,0.40,0.44,0.46,0.48,0.48,0.48,0.45,0.44,0.45,0.44,0.45,0.45,0.44,0.44,0.45,0.44,0.43,0.41,0.37,0.31,0.25,0.22,0.18,0.16,0.11,0.10,0.12,0.14,0.14,0.13,0.16,0.13,
Left Percent:
0.00,0.00,0.01,0.01,0.02,0.03,0.03,0.03,0.02,0.01,0.01,0.25,0.25,0.25,0.23,0.21,0.18,0.00,0.00,0.00,0.00,0.00,0.00,0.00,0.00,0.00,0.01,0.02,0.02,0.03,0.05,0.08,0.10,0.13,0.16,0.21,0.23,0.32,0.32,0.33,0.33,0.33,0.35,0.34,0.31,0.21,0.18,0.18,0.15,0.10,0.04,0.01,0.00,0.00,0.00,0.00,0.00,0.00,0.00,0.00,0.02,0.10,0.12,
Right Percent:
0.00,0.00,0.00,0.00,0.00,0.00,0.00,0.00,0.00,0.00,0.00,0.00,0.00,0.00,0.00,0.00,0.00,0.00,0.00,0.00,0.00,0.00,0.00,0.00,0.00,0.00,0.00,0.00,0.00,0.00,0.00,0.00,0.00,0.00,0.00,0.00,0.00,0.00,0.00,0.00,0.00,0.00,0.00,0.00,0.00,0.00,0.00,0.00,0.00,0.00,0.00,0.00,0.00,0.00,0.00,0.00,0.00,0.00,0.00,0.00,0.00,0.00,0.00,
Mid0 percent:
0.00,0.00,0.00,0.00,0.00,0.00,0.00,0.00,0.00,0.00,0.00,0.00,0.00,0.00,0.00,0.00,0.01,0.03,0.05,0.07,0.08,0.09,0.10,0.12,0.13,0.15,0.20,0.21,0.23,0.25,0.28,0.31,0.32,0.33,0.34,0.35,0.35,0.36,0.36,0.36,0.37,0.37,0.37,0.37,0.37,0.36,0.35,0.35,0.35,0.33,0.28,0.23,0.20,0.16,0.06,0.03,0.02,0.03,0.05,0.06,0.07,0.12,0.13,
Mid1 percent:
0.00,0.00,0.00,0.00,0.00,0.00,0.00,0.00,0.00,0.00,0.00,0.00,0.00,0.00,0.00,0.00,0.00,0.02,0.03,0.05,0.07,0.09,0.10,0.12,0.14,0.16,0.20,0.22,0.24,0.26,0.28,0.30,0.31,0.32,0.33,0.33,0.34,0.35,0.35,0.35,0.35,0.35,0.35,0.35,0.35,0.34,0.34,0.34,0.33,0.31,0.28,0.24,0.21,0.16,0.07,0.04,0.02,0.03,0.05,0.06,0.07,0.12,0.13,
Left Percent:
0.00,0.00,0.01,0.01,0.02,0.03,0.04,0.04,0.04,0.04,0.04,0.07,0.07,0.08,0.08,0.08,0.08,0.08,0.09,0.09,0.09,0.09,0.10,0.13,0.16,0.19,0.24,0.28,0.33,0.37,0.43,0.49,0.56,0.58,0.60,0.61,0.62,0.62,0.62,0.62,0.62,0.61,0.61,0.61,0.61,0.59,0.57,0.56,0.53,0.50,0.46,0.39,0.32,0.17,0.09,0.05,0.04,0.06,0.08,0.11,0.18,0.27,0.32,
Right Percent:
0.00,0.00,0.00,0.00,0.00,0.00,0.00,0.00,0.00,0.00,0.00,0.00,0.00,0.00,0.00,0.00,0.00,0.00,0.00,0.00,0.00,0.00,0.00,0.00,0.00,0.00,0.00,0.00,0.00,0.00,0.00,0.00,0.00,0.00,0.00,0.00,0.00,0.00,0.00,0.00,0.00,0.00,0.00,0.00,0.00,0.00,0.00,0.00,0.00,0.00,0.00,0.00,0.00,0.00,0.00,0.00,0.00,0.00,0.00,0.00,0.00,0.00,0.00,
Mid0 percent:
0.00,0.00,0.00,0.00,0.00,0.00,0.00,0.00,0.00,0.00,0.00,0.01,0.02,0.03,0.04,0.05,0.07,0.08,0.10,0.11,0.12,0.15,0.16,0.19,0.20,0.22,0.23,0.25,0.27,0.28,0.29,0.30,0.31,0.32,0.33,0.33,0.34,0.34,0.34,0.34,0.34,0.34,0.34,0.34,0.35,0.34,0.34,0.34,0.33,0.32,0.30,0.28,0.24,0.17,0.12,0.06,0.05,0.08,0.11,0.11,0.09,0.12,0.14,
Mid1 percent:
0.00,0.00,0.00,0.00,0.00,0.00,0.00,0.00,0.00,0.00,0.00,0.01,0.01,0.03,0.04,0.05,0.06,0.07,0.10,0.11,0.12,0.14,0.16,0.19,0.20,0.22,0.23,0.24,0.26,0.27,0.28,0.29,0.30,0.31,0.32,0.33,0.33,0.34,0.34,0.34,0.34,0.34,0.34,0.34,0.34,0.34,0.34,0.33,0.33,0.31,0.29,0.27,0.24,0.17,0.13,0.06,0.05,0.08,0.11,0.11,0.08,0.13,0.15,
Left Percent:
0.00,0.01,0.03,0.04,0.05,0.06,0.07,0.07,0.07,0.07,0.06,0.11,0.13,0.15,0.18,0.20,0.21,0.23,0.24,0.25,0.27,0.30,0.33,0.35,0.38,0.40,0.42,0.45,0.47,0.50,0.52,0.54,0.56,0.59,0.62,0.64,0.65,0.66,0.67,0.68,0.69,0.69,0.70,0.70,0.71,0.71,0.71,0.70,0.68,0.63,0.58,0.53,0.48,0.44,0.40,0.33,0.28,0.28,0.28,0.27,0.15,0.07,0.00,
Right Percent:
0.00,0.00,0.00,0.00,0.00,0.00,0.00,0.00,0.00,0.00,0.00,0.00,0.00,0.00,0.00,0.00,0.00,0.00,0.00,0.00,0.00,0.00,0.00,0.00,0.00,0.00,0.00,0.00,0.00,0.00,0.00,0.00,0.00,0.00,0.00,0.00,0.00,0.00,0.00,0.00,0.00,0.00,0.00,0.00,0.00,0.00,0.00,0.00,0.00,0.00,0.00,0.00,0.00,0.00,0.00,0.00,0.00,0.00,0.00,0.00,0.00,0.00,0.00,
Mid0 percent:
0.00,0.02,0.04,0.05,0.05,0.06,0.07,0.07,0.07,0.07,0.07,0.12,0.13,0.13,0.14,0.14,0.14,0.15,0.15,0.16,0.16,0.17,0.17,0.18,0.18,0.20,0.21,0.23,0.27,0.31,0.34,0.37,0.40,0.42,0.44,0.44,0.45,0.46,0.46,0.46,0.46,0.47,0.47,0.47,0.47,0.47,0.47,0.45,0.44,0.39,0.35,0.29,0.22,0.17,0.14,0.10,0.09,0.11,0.13,0.15,0.20,0.24,0.21,
Mid1 percent:
0.00,0.02,0.04,0.05,0.05,0.06,0.08,0.08,0.08,0.08,0.08,0.12,0.13,0.14,0.14,0.15,0.15,0.15,0.16,0.16,0.16,0.17,0.17,0.18,0.19,0.19,0.20,0.21,0.25,0.28,0.32,0.34,0.35,0.38,0.39,0.40,0.41,0.41,0.42,0.42,0.42,0.42,0.42,0.42,0.42,0.42,0.42,0.41,0.40,0.36,0.32,0.27,0.21,0.17,0.14,0.11,0.09,0.12,0.14,0.15,0.19,0.20,0.17,
Left Percent:
0.00,0.02,0.03,0.04,0.04,0.04,0.04,0.04,0.04,0.04,0.04,0.05,0.05,0.06,0.06,0.06,0.07,0.07,0.09,0.09,0.11,0.13,0.17,0.20,0.22,0.24,0.27,0.31,0.35,0.39,0.44,0.49,0.51,0.54,0.56,0.58,0.59,0.59,0.59,0.59,0.59,0.59,0.59,0.59,0.59,0.58,0.58,0.57,0.54,0.49,0.43,0.37,0.30,0.12,0.03,0.01,0.01,0.03,0.02,0.05,0.10,0.18,0.18,
Right Percent:
0.00,0.00,0.00,0.00,0.00,0.00,0.00,0.00,0.00,0.00,0.00,0.00,0.00,0.00,0.00,0.00,0.00,0.00,0.00,0.00,0.00,0.00,0.00,0.00,0.00,0.00,0.00,0.00,0.00,0.00,0.00,0.00,0.00,0.00,0.00,0.00,0.00,0.00,0.00,0.00,0.00,0.00,0.00,0.00,0.00,0.00,0.00,0.00,0.00,0.00,0.00,0.00,0.00,0.00,0.00,0.00,0.00,0.00,0.00,0.00,0.00,0.00,0.00,
Mid0 percent:
0.00,0.00,0.01,0.01,0.02,0.02,0.02,0.02,0.02,0.02,0.02,0.05,0.05,0.05,0.06,0.06,0.07,0.07,0.08,0.08,0.10,0.10,0.12,0.14,0.16,0.17,0.19,0.20,0.23,0.25,0.29,0.32,0.33,0.33,0.34,0.35,0.35,0.35,0.35,0.35,0.35,0.35,0.35,0.35,0.35,0.35,0.35,0.34,0.33,0.32,0.29,0.26,0.21,0.10,0.02,0.00,0.00,0.00,0.00,0.05,0.06,0.06,0.07,
Mid1 percent:
0.00,0.00,0.00,0.00,0.01,0.01,0.01,0.01,0.01,0.01,0.01,0.02,0.02,0.03,0.03,0.03,0.04,0.04,0.05,0.05,0.06,0.06,0.08,0.10,0.12,0.13,0.15,0.17,0.20,0.22,0.25,0.28,0.30,0.32,0.32,0.33,0.34,0.34,0.34,0.34,0.34,0.34,0.34,0.34,0.34,0.34,0.34,0.33,0.32,0.31,0.26,0.22,0.18,0.06,0.01,0.00,0.00,0.00,0.01,0.05,0.06,0.06,0.08,
Left Percent:
0.00,0.06,0.07,0.07,0.07,0.07,0.07,0.07,0.07,0.07,0.07,0.09,0.10,0.10,0.11,0.11,0.12,0.13,0.14,0.15,0.16,0.18,0.19,0.24,0.27,0.31,0.33,0.36,0.38,0.40,0.42,0.43,0.44,0.45,0.46,0.47,0.49,0.49,0.50,0.50,0.50,0.51,0.51,0.51,0.52,0.52,0.52,0.52,0.51,0.49,0.47,0.45,0.44,0.40,0.37,0.32,0.29,0.26,0.25,0.24,0.22,0.17,0.15,
Right Percent:
0.00,0.00,0.00,0.00,0.00,0.00,0.00,0.00,0.00,0.00,0.00,0.00,0.00,0.00,0.00,0.00,0.00,0.00,0.00,0.00,0.00,0.00,0.00,0.00,0.00,0.00,0.00,0.00,0.00,0.00,0.00,0.00,0.00,0.00,0.00,0.00,0.00,0.00,0.00,0.00,0.00,0.00,0.00,0.00,0.00,0.00,0.00,0.00,0.00,0.00,0.00,0.00,0.00,0.00,0.00,0.00,0.00,0.00,0.00,0.00,0.00,0.00,0.00,
Mid0 percent:
0.00,0.00,0.00,0.00,0.00,0.00,0.00,0.00,0.00,0.00,0.00,0.00,0.00,0.00,0.00,0.00,0.00,0.00,0.00,0.00,0.00,0.00,0.00,0.00,0.00,0.00,0.00,0.02,0.05,0.10,0.15,0.17,0.19,0.21,0.23,0.24,0.26,0.26,0.26,0.27,0.27,0.27,0.27,0.27,0.27,0.27,0.27,0.26,0.25,0.21,0.16,0.12,0.08,0.01,0.00,0.00,0.00,0.00,0.00,0.00,0.00,0.00,0.01,
Mid1 percent:
0.00,0.00,0.00,0.00,0.00,0.00,0.00,0.00,0.00,0.00,0.00,0.00,0.00,0.00,0.00,0.00,0.00,0.00,0.00,0.00,0.00,0.00,0.00,0.00,0.00,0.00,0.00,0.02,0.04,0.10,0.15,0.18,0.21,0.23,0.24,0.25,0.26,0.26,0.26,0.27,0.27,0.27,0.27,0.27,0.27,0.27,0.27,0.27,0.25,0.22,0.17,0.12,0.08,0.01,0.00,0.00,0.00,0.00,0.00,0.00,0.00,0.00,0.00,
Left Percent:
0.00,0.04,0.07,0.09,0.09,0.09,0.11,0.12,0.11,0.11,0.11,0.17,0.17,0.18,0.19,0.20,0.20,0.21,0.21,0.22,0.23,0.23,0.24,0.24,0.25,0.26,0.27,0.29,0.31,0.36,0.41,0.45,0.47,0.50,0.52,0.54,0.55,0.56,0.56,0.56,0.56,0.56,0.56,0.56,0.56,0.56,0.56,0.54,0.50,0.46,0.40,0.31,0.27,0.23,0.20,0.15,0.13,0.15,0.17,0.21,0.34,0.44,0.44,
Right Percent:
0.00,0.00,0.00,0.00,0.00,0.00,0.00,0.00,0.00,0.00,0.00,0.00,0.00,0.00,0.00,0.00,0.00,0.00,0.00,0.00,0.00,0.00,0.00,0.00,0.00,0.00,0.00,0.00,0.00,0.00,0.00,0.00,0.00,0.00,0.00,0.00,0.00,0.00,0.00,0.00,0.00,0.00,0.00,0.00,0.00,0.00,0.00,0.00,0.00,0.00,0.00,0.00,0.00,0.00,0.00,0.00,0.00,0.00,0.00,0.00,0.00,0.00,0.00,
Mid0 percent:
0.00,0.01,0.03,0.04,0.05,0.05,0.06,0.07,0.07,0.07,0.07,0.12,0.12,0.13,0.14,0.15,0.15,0.16,0.16,0.17,0.17,0.18,0.18,0.19,0.20,0.20,0.21,0.23,0.26,0.29,0.33,0.36,0.38,0.41,0.42,0.43,0.44,0.44,0.45,0.45,0.45,0.45,0.46,0.46,0.46,0.46,0.45,0.44,0.42,0.38,0.31,0.25,0.22,0.18,0.15,0.10,0.10,0.12,0.15,0.18,0.22,0.23,0.21,
Mid1 percent:
0.00,0.02,0.04,0.05,0.05,0.06,0.07,0.08,0.08,0.08,0.08,0.12,0.13,0.14,0.15,0.16,0.16,0.16,0.17,0.17,0.18,0.19,0.19,0.20,0.21,0.22,0.22,0.24,0.25,0.28,0.30,0.34,0.37,0.40,0.41,0.42,0.43,0.43,0.43,0.43,0.43,0.44,0.44,0.44,0.45,0.44,0.44,0.43,0.40,0.35,0.30,0.24,0.22,0.19,0.16,0.12,0.11,0.13,0.16,0.17,0.21,0.21,0.18,
Left Percent:
0.00,0.00,0.03,0.04,0.05,0.05,0.07,0.07,0.07,0.07,0.07,0.11,0.12,0.13,0.14,0.15,0.16,0.17,0.18,0.19,0.20,0.22,0.25,0.27,0.31,0.33,0.36,0.39,0.42,0.45,0.48,0.50,0.53,0.54,0.57,0.58,0.59,0.59,0.60,0.61,0.61,0.61,0.62,0.62,0.63,0.63,0.63,0.62,0.60,0.56,0.53,0.48,0.44,0.40,0.35,0.29,0.25,0.24,0.25,0.26,0.20,0.17,0.08,
Right Percent:
0.00,0.00,0.00,0.00,0.00,0.00,0.00,0.00,0.00,0.00,0.00,0.00,0.00,0.00,0.00,0.00,0.00,0.00,0.00,0.00,0.00,0.00,0.00,0.00,0.00,0.00,0.00,0.00,0.00,0.00,0.00,0.00,0.00,0.00,0.00,0.00,0.00,0.00,0.00,0.00,0.00,0.00,0.00,0.00,0.00,0.00,0.00,0.00,0.00,0.00,0.00,0.00,0.00,0.00,0.00,0.00,0.00,0.00,0.00,0.00,0.00,0.00,0.00,
Mid0 percent:
0.00,0.02,0.04,0.05,0.05,0.06,0.07,0.08,0.07,0.07,0.07,0.12,0.12,0.13,0.14,0.15,0.15,0.16,0.16,0.16,0.17,0.18,0.18,0.18,0.19,0.20,0.22,0.27,0.31,0.34,0.37,0.40,0.42,0.43,0.45,0.47,0.47,0.48,0.48,0.49,0.49,0.49,0.49,0.49,0.50,0.49,0.49,0.47,0.45,0.42,0.38,0.33,0.28,0.19,0.16,0.11,0.10,0.13,0.14,0.18,0.20,0.22,0.20,
Mid1 percent:
0.00,0.03,0.05,0.06,0.07,0.07,0.08,0.09,0.09,0.09,0.08,0.12,0.12,0.13,0.14,0.15,0.15,0.15,0.16,0.16,0.17,0.17,0.17,0.18,0.18,0.19,0.21,0.25,0.28,0.31,0.34,0.36,0.38,0.38,0.40,0.41,0.41,0.41,0.42,0.42,0.42,0.42,0.42,0.42,0.43,0.43,0.42,0.41,0.40,0.38,0.34,0.30,0.26,0.18,0.15,0.11,0.10,0.12,0.14,0.16,0.18,0.19,0.17,
Left Percent:
0.00,0.00,0.03,0.05,0.05,0.06,0.07,0.08,0.08,0.07,0.07,0.12,0.13,0.14,0.16,0.17,0.17,0.18,0.19,0.20,0.21,0.22,0.24,0.27,0.30,0.34,0.37,0.40,0.43,0.45,0.49,0.52,0.54,0.56,0.57,0.59,0.59,0.60,0.61,0.62,0.62,0.62,0.63,0.63,0.63,0.63,0.63,0.62,0.60,0.57,0.52,0.48,0.45,0.40,0.36,0.28,0.26,0.25,0.27,0.29,0.30,0.32,0.24,
Right Percent:
0.00,0.00,0.00,0.00,0.00,0.00,0.00,0.00,0.00,0.00,0.00,0.00,0.00,0.00,0.00,0.00,0.00,0.00,0.00,0.00,0.00,0.00,0.00,0.00,0.00,0.00,0.00,0.00,0.00,0.00,0.00,0.00,0.00,0.00,0.00,0.00,0.00,0.00,0.00,0.00,0.00,0.00,0.00,0.00,0.00,0.00,0.00,0.00,0.00,0.00,0.00,0.00,0.00,0.00,0.00,0.00,0.00,0.00,0.00,0.00,0.00,0.00,0.00,
Mid0 percent:
0.00,0.02,0.04,0.05,0.06,0.06,0.07,0.07,0.07,0.07,0.07,0.11,0.12,0.13,0.14,0.14,0.15,0.15,0.16,0.16,0.16,0.17,0.17,0.18,0.19,0.20,0.22,0.26,0.31,0.33,0.36,0.38,0.40,0.42,0.43,0.44,0.45,0.46,0.46,0.46,0.47,0.46,0.47,0.47,0.47,0.47,0.46,0.45,0.43,0.41,0.36,0.33,0.29,0.20,0.16,0.11,0.10,0.12,0.14,0.19,0.20,0.22,0.20,
Mid1 percent:
0.00,0.04,0.06,0.06,0.07,0.07,0.08,0.09,0.08,0.09,0.09,0.12,0.13,0.13,0.14,0.15,0.15,0.16,0.16,0.17,0.17,0.17,0.18,0.18,0.19,0.20,0.22,0.26,0.30,0.32,0.35,0.36,0.38,0.39,0.40,0.41,0.42,0.42,0.42,0.43,0.43,0.43,0.43,0.43,0.43,0.43,0.42,0.42,0.41,0.39,0.34,0.31,0.28,0.19,0.15,0.12,0.11,0.13,0.14,0.17,0.20,0.21,0.17,
Left Percent:
0.00,0.02,0.05,0.06,0.07,0.07,0.08,0.08,0.08,0.08,0.08,0.12,0.13,0.14,0.15,0.16,0.17,0.18,0.18,0.19,0.20,0.22,0.24,0.27,0.30,0.32,0.34,0.38,0.41,0.45,0.47,0.50,0.52,0.54,0.55,0.56,0.57,0.58,0.58,0.59,0.59,0.59,0.59,0.60,0.59,0.60,0.60,0.59,0.57,0.55,0.51,0.48,0.45,0.39,0.35,0.27,0.25,0.25,0.27,0.30,0.31,0.33,0.29,
Right Percent:
0.00,0.00,0.00,0.00,0.00,0.00,0.00,0.00,0.00,0.00,0.00,0.00,0.00,0.00,0.00,0.00,0.00,0.00,0.00,0.00,0.00,0.00,0.00,0.00,0.00,0.00,0.00,0.00,0.00,0.00,0.00,0.00,0.00,0.00,0.00,0.00,0.00,0.00,0.00,0.00,0.00,0.00,0.00,0.00,0.00,0.00,0.00,0.00,0.00,0.00,0.00,0.00,0.00,0.00,0.00,0.00,0.00,0.00,0.00,0.00,0.00,0.00,0.00,
Mid0 percent:
0.00,0.02,0.03,0.04,0.05,0.05,0.06,0.06,0.06,0.06,0.06,0.11,0.11,0.12,0.13,0.13,0.14,0.15,0.15,0.15,0.16,0.16,0.17,0.17,0.18,0.19,0.20,0.21,0.23,0.28,0.31,0.35,0.37,0.38,0.40,0.42,0.42,0.43,0.43,0.44,0.44,0.44,0.44,0.44,0.44,0.44,0.43,0.43,0.40,0.36,0.32,0.27,0.23,0.18,0.14,0.11,0.10,0.12,0.13,0.14,0.18,0.20,0.17,
Mid1 percent:
0.00,0.02,0.03,0.04,0.05,0.05,0.06,0.06,0.06,0.06,0.06,0.10,0.11,0.12,0.12,0.13,0.14,0.15,0.15,0.16,0.16,0.17,0.18,0.18,0.19,0.20,0.21,0.22,0.24,0.29,0.33,0.35,0.38,0.39,0.42,0.42,0.43,0.44,0.44,0.44,0.44,0.45,0.45,0.44,0.44,0.44,0.44,0.43,0.42,0.38,0.33,0.30,0.24,0.18,0.15,0.10,0.10,0.11,0.14,0.14,0.16,0.18,0.16,
Left Percent:
0.00,0.02,0.05,0.06,0.07,0.07,0.10,0.10,0.10,0.09,0.09,0.14,0.14,0.15,0.15,0.16,0.16,0.17,0.17,0.17,0.18,0.19,0.19,0.20,0.22,0.25,0.29,0.33,0.37,0.40,0.42,0.45,0.48,0.51,0.53,0.55,0.56,0.57,0.57,0.58,0.58,0.58,0.58,0.57,0.58,0.58,0.57,0.56,0.53,0.48,0.44,0.40,0.35,0.29,0.22,0.16,0.15,0.18,0.21,0.28,0.37,0.43,0.41,
Right Percent:
0.00,0.00,0.00,0.00,0.00,0.00,0.00,0.00,0.00,0.00,0.00,0.00,0.00,0.00,0.00,0.00,0.00,0.00,0.00,0.00,0.00,0.00,0.00,0.00,0.00,0.00,0.00,0.00,0.00,0.00,0.00,0.00,0.00,0.00,0.00,0.00,0.00,0.00,0.00,0.00,0.00,0.00,0.00,0.00,0.00,0.00,0.00,0.00,0.00,0.00,0.00,0.00,0.00,0.00,0.00,0.00,0.00,0.00,0.00,0.00,0.00,0.00,0.00,
Mid0 percent:
0.00,0.03,0.05,0.05,0.06,0.06,0.07,0.08,0.07,0.07,0.07,0.12,0.12,0.13,0.14,0.14,0.15,0.15,0.15,0.16,0.17,0.17,0.17,0.18,0.18,0.20,0.22,0.26,0.30,0.33,0.35,0.38,0.40,0.41,0.43,0.44,0.45,0.45,0.46,0.46,0.46,0.46,0.46,0.46,0.46,0.46,0.46,0.45,0.43,0.40,0.36,0.32,0.25,0.20,0.13,0.10,0.08,0.11,0.13,0.18,0.21,0.23,0.20,
Mid1 percent:
0.00,0.05,0.08,0.08,0.09,0.09,0.11,0.11,0.11,0.11,0.11,0.14,0.15,0.16,0.17,0.17,0.17,0.18,0.18,0.18,0.19,0.19,0.19,0.20,0.21,0.24,0.26,0.28,0.31,0.34,0.36,0.38,0.39,0.40,0.41,0.42,0.43,0.44,0.44,0.44,0.44,0.44,0.44,0.44,0.44,0.44,0.44,0.43,0.41,0.39,0.35,0.32,0.27,0.22,0.17,0.12,0.11,0.14,0.16,0.20,0.21,0.22,0.19,
Left Percent:
0.00,0.00,0.00,0.00,0.00,0.00,0.00,0.00,0.02,0.03,0.03,0.09,0.11,0.13,0.15,0.16,0.17,0.18,0.18,0.19,0.20,0.21,0.21,0.23,0.25,0.28,0.32,0.36,0.39,0.44,0.47,0.49,0.52,0.53,0.55,0.56,0.58,0.59,0.59,0.60,0.60,0.60,0.61,0.61,0.62,0.61,0.62,0.60,0.58,0.55,0.50,0.45,0.42,0.35,0.28,0.24,0.21,0.21,0.21,0.21,0.20,0.16,0.12,
Right Percent:
0.00,0.00,0.00,0.00,0.00,0.00,0.00,0.00,0.00,0.00,0.00,0.00,0.00,0.00,0.00,0.00,0.00,0.00,0.00,0.00,0.00,0.00,0.00,0.00,0.00,0.00,0.00,0.00,0.00,0.00,0.00,0.00,0.00,0.00,0.00,0.00,0.00,0.00,0.00,0.00,0.00,0.00,0.00,0.00,0.00,0.00,0.00,0.00,0.00,0.00,0.00,0.00,0.00,0.00,0.00,0.00,0.00,0.00,0.00,0.00,0.00,0.00,0.00,
Mid0 percent:
0.00,0.00,0.00,0.00,0.00,0.00,0.00,0.00,0.00,0.00,0.00,0.00,0.00,0.00,0.03,0.05,0.07,0.09,0.10,0.12,0.13,0.15,0.16,0.17,0.18,0.19,0.20,0.20,0.21,0.23,0.26,0.32,0.36,0.38,0.41,0.42,0.43,0.44,0.45,0.45,0.45,0.45,0.45,0.45,0.46,0.45,0.44,0.42,0.40,0.35,0.25,0.22,0.20,0.16,0.13,0.08,0.07,0.10,0.12,0.12,0.10,0.16,0.14,
Mid1 percent:
0.00,0.00,0.00,0.00,0.00,0.00,0.00,0.00,0.00,0.00,0.00,0.00,0.00,0.00,0.02,0.04,0.06,0.08,0.10,0.12,0.13,0.14,0.16,0.16,0.17,0.18,0.19,0.20,0.21,0.22,0.24,0.31,0.34,0.36,0.39,0.40,0.40,0.41,0.41,0.41,0.42,0.42,0.42,0.42,0.42,0.42,0.41,0.40,0.37,0.33,0.23,0.21,0.19,0.16,0.13,0.08,0.07,0.10,0.12,0.11,0.09,0.13,0.11,
Left Percent:
0.00,0.01,0.03,0.04,0.05,0.05,0.06,0.07,0.07,0.07,0.06,0.11,0.12,0.13,0.14,0.15,0.16,0.17,0.18,0.19,0.20,0.23,0.25,0.28,0.32,0.35,0.37,0.40,0.43,0.46,0.48,0.50,0.53,0.54,0.56,0.57,0.58,0.59,0.59,0.60,0.60,0.61,0.61,0.61,0.61,0.61,0.61,0.61,0.59,0.56,0.52,0.49,0.46,0.42,0.37,0.31,0.27,0.27,0.27,0.28,0.22,0.20,0.09,
Right Percent:
0.00,0.00,0.00,0.00,0.00,0.00,0.00,0.00,0.00,0.00,0.00,0.00,0.00,0.00,0.00,0.00,0.00,0.00,0.00,0.00,0.00,0.00,0.00,0.00,0.00,0.00,0.00,0.00,0.00,0.00,0.00,0.00,0.00,0.00,0.00,0.00,0.00,0.00,0.00,0.00,0.00,0.00,0.00,0.00,0.00,0.00,0.00,0.00,0.00,0.00,0.00,0.00,0.00,0.00,0.00,0.00,0.00,0.00,0.00,0.00,0.00,0.00,0.00,
Mid0 percent:
0.00,0.01,0.03,0.04,0.04,0.05,0.06,0.07,0.06,0.06,0.06,0.12,0.12,0.13,0.14,0.15,0.15,0.16,0.16,0.17,0.17,0.18,0.18,0.18,0.19,0.20,0.21,0.22,0.26,0.30,0.35,0.37,0.39,0.41,0.43,0.43,0.44,0.45,0.45,0.45,0.46,0.46,0.46,0.46,0.45,0.45,0.45,0.44,0.42,0.39,0.35,0.32,0.27,0.19,0.17,0.12,0.11,0.13,0.15,0.16,0.19,0.19,0.16,
Mid1 percent:
0.00,0.02,0.04,0.05,0.06,0.06,0.08,0.08,0.08,0.08,0.08,0.12,0.13,0.14,0.15,0.15,0.16,0.17,0.18,0.19,0.19,0.19,0.20,0.21,0.21,0.22,0.22,0.23,0.26,0.30,0.34,0.37,0.39,0.40,0.42,0.43,0.44,0.44,0.44,0.45,0.45,0.45,0.45,0.45,0.45,0.45,0.45,0.44,0.42,0.39,0.35,0.31,0.26,0.20,0.17,0.13,0.12,0.14,0.15,0.16,0.16,0.17,0.14,
Left Percent:
0.00,0.00,0.00,0.00,0.00,0.00,0.00,0.00,0.00,0.00,0.00,0.00,0.00,0.00,0.00,0.00,0.00,0.00,0.00,0.00,0.00,0.00,0.00,0.00,0.00,0.00,0.00,0.00,0.00,0.00,0.00,0.00,0.00,0.00,0.00,0.00,0.00,0.00,0.00,0.00,0.00,0.00,0.00,0.00,0.00,0.00,0.00,0.00,0.00,0.00,0.00,0.00,0.00,0.00,0.00,0.00,0.00,0.00,0.00,0.00,0.06,0.15,0.20,
Right Percent:
0.00,0.00,0.00,0.00,0.00,0.00,0.00,0.00,0.00,0.00,0.00,0.00,0.00,0.00,0.00,0.00,0.00,0.00,0.00,0.00,0.00,0.00,0.00,0.00,0.00,0.00,0.00,0.00,0.00,0.00,0.00,0.00,0.00,0.00,0.00,0.00,0.00,0.00,0.00,0.00,0.00,0.00,0.00,0.00,0.00,0.00,0.00,0.00,0.00,0.00,0.00,0.00,0.00,0.00,0.00,0.00,0.00,0.00,0.00,0.00,0.00,0.00,0.00,
Mid0 percent:
0.00,0.00,0.00,0.00,0.00,0.00,0.00,0.00,0.00,0.00,0.00,0.00,0.00,0.00,0.00,0.00,0.00,0.00,0.00,0.00,0.00,0.00,0.00,0.00,0.00,0.00,0.00,0.00,0.00,0.00,0.00,0.00,0.05,0.10,0.13,0.16,0.18,0.19,0.20,0.21,0.22,0.22,0.23,0.24,0.23,0.23,0.22,0.21,0.15,0.03,0.00,0.00,0.00,0.00,0.00,0.00,0.00,0.00,0.00,0.00,0.00,0.00,0.01,
Mid1 percent:
0.00,0.00,0.00,0.00,0.00,0.00,0.00,0.00,0.00,0.00,0.00,0.00,0.00,0.00,0.00,0.00,0.00,0.00,0.00,0.00,0.00,0.00,0.00,0.00,0.00,0.00,0.00,0.00,0.00,0.00,0.00,0.00,0.05,0.11,0.14,0.16,0.18,0.19,0.20,0.20,0.21,0.22,0.23,0.24,0.23,0.23,0.22,0.20,0.14,0.03,0.00,0.00,0.00,0.00,0.00,0.00,0.00,0.00,0.00,0.00,0.00,0.00,0.00,
Left Percent:
0.00,0.02,0.04,0.05,0.05,0.05,0.06,0.06,0.06,0.06,0.06,0.10,0.10,0.11,0.12,0.13,0.14,0.15,0.15,0.16,0.17,0.19,0.21,0.23,0.26,0.28,0.29,0.31,0.34,0.36,0.38,0.41,0.43,0.44,0.45,0.46,0.48,0.48,0.49,0.49,0.49,0.50,0.50,0.50,0.50,0.50,0.50,0.49,0.47,0.45,0.42,0.39,0.36,0.30,0.25,0.16,0.14,0.16,0.20,0.22,0.20,0.24,0.21,
Right Percent:
0.00,0.00,0.00,0.00,0.00,0.00,0.00,0.00,0.00,0.00,0.00,0.00,0.00,0.00,0.00,0.00,0.00,0.00,0.00,0.00,0.00,0.00,0.00,0.00,0.00,0.00,0.00,0.00,0.00,0.00,0.00,0.00,0.00,0.00,0.00,0.00,0.00,0.00,0.00,0.00,0.00,0.00,0.00,0.00,0.00,0.00,0.00,0.00,0.00,0.00,0.00,0.00,0.00,0.00,0.00,0.00,0.00,0.00,0.00,0.00,0.00,0.00,0.00,
Mid0 percent:
0.00,0.01,0.03,0.04,0.04,0.05,0.06,0.07,0.07,0.07,0.07,0.12,0.12,0.14,0.15,0.16,0.17,0.17,0.18,0.19,0.19,0.19,0.20,0.20,0.21,0.21,0.22,0.23,0.24,0.26,0.30,0.36,0.39,0.41,0.43,0.45,0.45,0.46,0.46,0.46,0.46,0.46,0.46,0.46,0.46,0.45,0.45,0.45,0.43,0.39,0.31,0.26,0.24,0.19,0.17,0.12,0.11,0.14,0.15,0.16,0.17,0.20,0.17,
Mid1 percent:
0.00,0.02,0.04,0.04,0.05,0.05,0.06,0.07,0.07,0.07,0.07,0.12,0.13,0.14,0.15,0.16,0.17,0.17,0.18,0.18,0.18,0.19,0.20,0.20,0.20,0.21,0.21,0.22,0.24,0.26,0.30,0.36,0.40,0.41,0.43,0.44,0.45,0.45,0.46,0.46,0.46,0.46,0.46,0.46,0.46,0.46,0.45,0.45,0.43,0.39,0.32,0.27,0.23,0.19,0.16,0.13,0.12,0.14,0.15,0.16,0.18,0.20,0.17,
Left Percent:
0.00,0.00,0.01,0.01,0.02,0.02,0.02,0.02,0.03,0.03,0.03,0.11,0.12,0.14,0.15,0.16,0.17,0.17,0.19,0.20,0.20,0.21,0.22,0.23,0.24,0.25,0.26,0.28,0.31,0.37,0.46,0.55,0.59,0.61,0.63,0.64,0.64,0.64,0.65,0.65,0.65,0.65,0.65,0.65,0.65,0.65,0.64,0.63,0.61,0.57,0.45,0.35,0.29,0.25,0.22,0.18,0.17,0.20,0.22,0.20,0.26,0.39,0.44,
Right Percent:
0.00,0.00,0.00,0.00,0.00,0.00,0.00,0.00,0.00,0.00,0.00,0.00,0.00,0.00,0.00,0.00,0.00,0.00,0.00,0.00,0.00,0.00,0.00,0.00,0.00,0.00,0.00,0.00,0.00,0.00,0.00,0.00,0.00,0.00,0.00,0.00,0.00,0.00,0.00,0.00,0.00,0.00,0.00,0.00,0.00,0.00,0.00,0.00,0.00,0.00,0.00,0.00,0.00,0.00,0.00,0.00,0.00,0.00,0.00,0.00,0.00,0.00,0.00,
Mid0 percent:
0.00,0.00,0.00,0.00,0.00,0.00,0.00,0.00,0.00,0.00,0.00,0.00,0.00,0.00,0.02,0.02,0.04,0.05,0.07,0.10,0.11,0.13,0.16,0.18,0.20,0.21,0.23,0.24,0.26,0.27,0.28,0.29,0.31,0.34,0.38,0.41,0.42,0.43,0.44,0.44,0.44,0.44,0.44,0.44,0.44,0.44,0.42,0.40,0.36,0.33,0.30,0.26,0.24,0.19,0.15,0.07,0.07,0.11,0.13,0.14,0.10,0.15,0.14,
Mid1 percent:
0.00,0.00,0.00,0.00,0.00,0.00,0.00,0.00,0.00,0.00,0.00,0.00,0.00,0.00,0.01,0.02,0.03,0.05,0.07,0.10,0.11,0.13,0.16,0.18,0.20,0.21,0.23,0.24,0.25,0.26,0.27,0.28,0.30,0.34,0.38,0.39,0.41,0.41,0.42,0.42,0.43,0.43,0.42,0.42,0.42,0.41,0.40,0.38,0.34,0.30,0.28,0.26,0.24,0.20,0.15,0.08,0.08,0.11,0.14,0.14,0.11,0.16,0.14,
Left Percent:
0.00,0.07,0.09,0.10,0.10,0.10,0.12,0.13,0.12,0.12,0.12,0.15,0.15,0.16,0.17,0.18,0.18,0.18,0.19,0.19,0.20,0.21,0.22,0.24,0.27,0.30,0.33,0.35,0.37,0.39,0.42,0.45,0.47,0.48,0.50,0.51,0.52,0.52,0.52,0.53,0.53,0.53,0.53,0.53,0.53,0.53,0.53,0.52,0.50,0.48,0.42,0.39,0.36,0.29,0.20,0.15,0.14,0.17,0.23,0.27,0.35,0.41,0.41,
Right Percent:
0.00,0.00,0.00,0.00,0.00,0.00,0.00,0.00,0.00,0.00,0.00,0.00,0.00,0.00,0.00,0.00,0.00,0.00,0.00,0.00,0.00,0.00,0.00,0.00,0.00,0.00,0.00,0.00,0.00,0.00,0.00,0.00,0.00,0.00,0.00,0.00,0.00,0.00,0.00,0.00,0.00,0.00,0.00,0.00,0.00,0.00,0.00,0.00,0.00,0.00,0.00,0.00,0.00,0.00,0.00,0.00,0.00,0.00,0.00,0.00,0.00,0.00,0.00,
Mid0 percent:
0.00,0.05,0.07,0.08,0.08,0.09,0.10,0.11,0.11,0.11,0.11,0.15,0.15,0.16,0.17,0.18,0.18,0.18,0.19,0.19,0.20,0.20,0.21,0.21,0.22,0.22,0.23,0.24,0.26,0.29,0.32,0.37,0.39,0.40,0.43,0.44,0.45,0.45,0.45,0.46,0.46,0.46,0.46,0.45,0.45,0.46,0.45,0.44,0.41,0.38,0.31,0.27,0.24,0.20,0.18,0.14,0.13,0.15,0.17,0.18,0.23,0.23,0.21,
Mid1 percent:
0.00,0.04,0.06,0.07,0.08,0.09,0.10,0.10,0.10,0.10,0.10,0.15,0.15,0.16,0.17,0.18,0.18,0.18,0.19,0.19,0.20,0.20,0.21,0.21,0.21,0.22,0.23,0.24,0.26,0.28,0.33,0.37,0.40,0.42,0.44,0.45,0.45,0.45,0.46,0.46,0.46,0.46,0.46,0.46,0.46,0.46,0.46,0.45,0.43,0.39,0.32,0.27,0.24,0.19,0.17,0.13,0.13,0.15,0.17,0.18,0.21,0.21,0.19,
