Left Percent:
0.00,0.01,0.04,0.05,0.05,0.05,0.05,0.04,
Right Percent:
0.00,0.00,0.00,0.00,0.00,0.00,0.00,0.00,
Mid0 percent:
0.00,0.03,0.05,0.05,0.05,0.05,0.05,0.05,
Mid1 percent:
0.00,0.06,0.07,0.07,0.07,0.07,0.07,0.07,
Left Percent:
0.00,0.01,0.04,0.05,0.05,0.05,0.05,0.04,0.05,0.06,0.05,0.08,0.09,0.10,0.10,0.10,0.10,0.10,0.10,0.12,0.14,0.16,0.18,0.21,0.24,0.27,0.31,0.34,0.38,0.41,0.44,0.48,0.49,0.51,0.53,0.55,0.56,0.57,0.58,0.58,0.59,0.59,0.59,0.60,0.60,0.60,0.60,0.59,0.58,0.54,0.51,0.45,0.41,0.39,0.35,0.30,0.27,0.27,0.29,0.29,0.24,0.21,0.15,
Right Percent:
0.00,0.00,0.00,0.00,0.00,0.00,0.00,0.00,0.00,0.00,0.00,0.00,0.00,0.00,0.00,0.00,0.00,0.00,0.00,0.00,0.00,0.00,0.00,0.00,0.00,0.00,0.00,0.00,0.00,0.00,0.00,0.00,0.00,0.00,0.00,0.00,0.00,0.00,0.00,0.00,0.00,0.00,0.00,0.00,0.00,0.00,0.00,0.00,0.00,0.00,0.00,0.00,0.00,0.00,0.00,0.00,0.00,0.00,0.00,0.00,0.00,0.00,0.00,
Mid0 percent:
0.00,0.03,0.05,0.05,0.05,0.05,0.05,0.05,0.06,0.06,0.06,0.09,0.09,0.10,0.10,0.10,0.09,0.09,0.09,0.09,0.10,0.10,0.11,0.12,0.13,0.14,0.16,0.17,0.20,0.24,0.29,0.32,0.36,0.38,0.39,0.41,0.42,0.42,0.43,0.43,0.44,0.44,0.44,0.45,0.45,0.45,0.44,0.43,0.41,0.38,0.34,0.28,0.22,0.19,0.16,0.12,0.12,0.14,0.17,0.21,0.24,0.26,0.24,
Mid1 percent:
0.00,0.06,0.07,0.07,0.07,0.07,0.07,0.07,0.08,0.08,0.08,0.10,0.10,0.12,0.12,0.11,0.11,0.11,0.10,0.11,0.11,0.12,0.13,0.14,0.15,0.17,0.18,0.19,0.22,0.24,0.28,0.32,0.35,0.37,0.38,0.41,0.42,0.42,0.43,0.43,0.44,0.44,0.44,0.44,0.44,0.44,0.44,0.43,0.41,0.37,0.32,0.27,0.22,0.20,0.18,0.15,0.15,0.17,0.19,0.21,0.22,0.23,0.20,
Left Percent:
0.00,0.08,0.09,0.09,0.09,0.09,0.09,0.09,0.08,0.08,0.09,0.11,0.11,0.12,0.12,0.12,0.12,0.12,0.12,0.12,0.14,0.15,0.17,0.19,0.22,0.26,0.28,0.31,0.34,0.37,0.40,0.42,0.45,0.46,0.48,0.49,0.50,0.50,0.50,0.50,0.51,0.51,0.51,0.52,0.52,0.52,0.51,0.51,0.50,0.48,0.44,0.42,0.37,0.35,0.31,0.27,0.27,0.29,0.32,0.34,0.38,0.43,0.44,
Right Percent:
0.00,0.00,0.00,0.00,0.00,0.00,0.00,0.00,0.00,0.00,0.00,0.00,0.00,0.00,0.00,0.00,0.00,0.00,0.00,0.00,0.00,0.00,0.00,0.00,0.00,0.00,0.00,0.00,0.00,0.00,0.00,0.00,0.00,0.00,0.00,0.00,0.00,0.00,0.00,0.00,0.00,0.00,0.00,0.00,0.00,0.00,0.00,0.00,0.00,0.00,0.00,0.00,0.00,0.00,0.00,0.00,0.00,0.00,0.00,0.00,0.00,0.00,0.00,
Mid0 percent:
0.00,0.19,0.21,0.21,0.21,0.21,0.21,0.21,0.20,0.20,0.21,0.24,0.24,0.25,0.25,0.25,0.25,0.25,0.25,0.24,0.25,0.26,0.26,0.26,0.27,0.27,0.28,0.28,0.29,0.31,0.34,0.38,0.41,0.43,0.46,0.47,0.48,0.48,0.49,0.49,0.49,0.50,0.50,0.50,0.50,0.50,0.49,0.49,0.47,0.44,0.37,0.32,0.29,0.28,0.27,0.25,0.25,0.26,0.27,0.28,0.32,0.33,0.31,
Mid1 percent:
0.00,0.19,0.20,0.21,0.21,0.21,0.21,0.21,0.20,0.20,0.21,0.23,0.24,0.24,0.24,0.24,0.24,0.24,0.24,0.24,0.24,0.25,0.25,0.26,0.26,0.27,0.27,0.28,0.28,0.30,0.33,0.37,0.41,0.44,0.47,0.48,0.48,0.48,0.49,0.49,0.50,0.50,0.50,0.50,0.51,0.50,0.49,0.49,0.48,0.44,0.37,0.31,0.28,0.28,0.26,0.24,0.24,0.25,0.26,0.27,0.30,0.30,0.28,
Left Percent:
0.00,0.07,0.07,0.07,0.08,0.07,0.07,0.07,0.06,0.06,0.07,0.09,0.09,0.10,0.09,0.08,0.07,0.06,0.06,0.05,0.05,0.06,0.07,0.10,0.12,0.13,0.15,0.18,0.21,0.25,0.26,0.28,0.31,0.33,0.35,0.39,0.43,0.44,0.45,0.45,0.46,0.45,0.45,0.42,0.41,0.41,0.40,0.33,0.30,0.30,0.28,0.27,0.24,0.15,0.11,0.05,0.08,0.16,0.21,0.22,0.28,0.34,0.34,
Right Percent:
0.00,0.00,0.00,0.00,0.00,0.00,0.00,0.00,0.00,0.00,0.00,0.00,0.00,0.00,0.00,0.00,0.00,0.00,0.00,0.00,0.00,0.00,0.00,0.00,0.00,0.00,0.00,0.00,0.00,0.00,0.00,0.00,0.00,0.00,0.00,0.00,0.00,0.00,0.00,0.00,0.00,0.00,0.00,0.00,0.00,0.00,0.00,0.00,0.00,0.00,0.00,0.00,0.00,0.00,0.00,0.00,0.00,0.00,0.00,0.00,0.00,0.00,0.00,
Mid0 percent:
0.00,0.00,0.01,0.01,0.01,0.01,0.01,0.01,0.01,0.01,0.01,0.03,0.03,0.04,0.04,0.04,0.03,0.03,0.02,0.02,0.03,0.05,0.06,0.07,0.08,0.10,0.11,0.13,0.15,0.18,0.22,0.28,0.34,0.34,0.35,0.35,0.36,0.36,0.36,0.36,0.36,0.36,0.36,0.36,0.36,0.36,0.36,0.35,0.35,0.34,0.33,0.31,0.16,0.09,0.06,0.03,0.01,0.03,0.02,0.01,0.11,0.10,0.06,
Mid1 percent:
0.00,0.00,0.00,0.00,0.00,0.00,0.00,0.00,0.00,0.00,0.00,0.01,0.01,0.02,0.02,0.02,0.01,0.01,0.01,0.01,0.01,0.02,0.02,0.04,0.05,0.06,0.07,0.09,0.11,0.15,0.19,0.26,0.31,0.32,0.32,0.32,0.33,0.33,0.33,0.34,0.34,0.33,0.34,0.33,0.33,0.33,0.33,0.33,0.32,0.31,0.30,0.27,0.13,0.05,0.03,0.01,0.01,0.01,0.01,0.00,0.11,0.10,0.06,
Left Percent:
0.00,0.05,0.05,0.05,0.05,0.05,0.05,0.04,0.04,0.04,0.04,0.04,0.04,0.03,0.03,0.02,0.02,0.01,0.01,0.01,0.01,0.02,0.02,0.02,0.02,0.03,0.04,0.04,0.05,0.07,0.07,0.08,0.10,0.13,0.17,0.18,0.22,0.24,0.25,0.26,0.27,0.27,0.31,0.28,0.26,0.26,0.26,0.24,0.18,0.11,0.08,0.07,0.04,0.03,0.03,0.02,0.03,0.04,0.09,0.15,0.17,0.27,0.28,
Right Percent:
0.00,0.00,0.00,0.00,0.00,0.00,0.00,0.00,0.00,0.00,0.00,0.00,0.00,0.00,0.00,0.00,0.00,0.00,0.00,0.00,0.00,0.00,0.00,0.00,0.00,0.00,0.00,0.00,0.00,0.00,0.00,0.00,0.00,0.00,0.00,0.00,0.00,0.00,0.00,0.00,0.00,0.00,0.00,0.00,0.00,0.00,0.00,0.00,0.00,0.00,0.00,0.00,0.00,0.00,0.00,0.00,0.00,0.00,0.00,0.00,0.00,0.00,0.00,
Mid0 percent:
0.00,0.03,0.04,0.04,0.04,0.04,0.04,0.04,0.03,0.03,0.03,0.04,0.04,0.04,0.04,0.04,0.04,0.04,0.04,0.04,0.05,0.05,0.06,0.07,0.08,0.09,0.09,0.12,0.15,0.19,0.22,0.27,0.31,0.32,0.33,0.33,0.34,0.35,0.35,0.35,0.35,0.35,0.37,0.35,0.35,0.35,0.34,0.34,0.33,0.32,0.30,0.24,0.15,0.08,0.08,0.05,0.05,0.06,0.07,0.08,0.10,0.08,0.10,
Mid1 percent:
0.00,0.03,0.03,0.03,0.03,0.03,0.03,0.03,0.03,0.03,0.03,0.04,0.04,0.05,0.05,0.05,0.05,0.05,0.05,0.05,0.05,0.06,0.07,0.07,0.08,0.09,0.10,0.12,0.16,0.19,0.23,0.27,0.31,0.33,0.34,0.34,0.35,0.36,0.36,0.36,0.36,0.36,0.37,0.36,0.36,0.36,0.35,0.35,0.34,0.33,0.30,0.24,0.17,0.09,0.08,0.06,0.06,0.06,0.07,0.08,0.11,0.08,0.09,
Left Percent:
0.00,0.00,0.00,0.01,0.01,0.01,0.00,0.00,0.00,0.00,0.00,0.01,0.01,0.01,0.01,0.00,0.00,0.00,0.00,0.01,0.01,0.02,0.02,0.03,0.04,0.06,0.07,0.10,0.14,0.18,0.22,0.28,0.32,0.37,0.39,0.41,0.42,0.43,0.43,0.44,0.44,0.44,0.44,0.44,0.44,0.43,0.42,0.40,0.39,0.36,0.32,0.27,0.20,0.09,0.07,0.04,0.05,0.08,0.13,0.19,0.28,0.31,0.31,
Right Percent:
0.00,0.00,0.00,0.00,0.00,0.00,0.00,0.00,0.00,0.00,0.00,0.00,0.00,0.00,0.00,0.00,0.00,0.00,0.00,0.00,0.00,0.00,0.00,0.00,0.00,0.00,0.00,0.00,0.00,0.00,0.00,0.00,0.00,0.00,0.00,0.00,0.00,0.00,0.00,0.00,0.00,0.00,0.00,0.00,0.00,0.00,0.00,0.00,0.00,0.00,0.00,0.00,0.00,0.00,0.00,0.00,0.00,0.00,0.00,0.00,0.00,0.00,0.00,
Mid0 percent:
0.00,0.00,0.00,0.00,0.00,0.00,0.00,0.00,0.00,0.00,0.00,0.00,0.00,0.00,0.00,0.00,0.00,0.00,0.00,0.00,0.00,0.00,0.00,0.00,0.00,0.00,0.00,0.02,0.09,0.15,0.19,0.23,0.25,0.26,0.27,0.28,0.28,0.29,0.29,0.30,0.30,0.30,0.31,0.31,0.30,0.30,0.30,0.28,0.27,0.26,0.23,0.18,0.13,0.03,0.01,0.00,0.00,0.00,0.03,0.08,0.08,0.10,0.12,
Mid1 percent:
0.00,0.00,0.00,0.00,0.00,0.00,0.00,0.00,0.00,0.00,0.00,0.00,0.00,0.00,0.00,0.00,0.00,0.00,0.00,0.00,0.00,0.00,0.00,0.00,0.00,0.00,0.00,0.02,0.08,0.14,0.18,0.22,0.24,0.26,0.27,0.28,0.29,0.30,0.30,0.31,0.31,0.31,0.32,0.31,0.31,0.31,0.30,0.28,0.27,0.25,0.22,0.17,0.12,0.02,0.01,0.00,0.00,0.00,0.02,0.07,0.07,0.09,0.11,
Left Percent:
0.00,0.00,0.01,0.01,0.01,0.00,0.00,0.00,0.00,0.00,0.00,0.05,0.04,0.04,0.05,0.05,0.06,0.06,0.06,0.06,0.07,0.08,0.09,0.11,0.12,0.14,0.17,0.18,0.20,0.23,0.26,0.28,0.33,0.38,0.41,0.45,0.48,0.49,0.49,0.50,0.51,0.51,0.49,0.48,0.47,0.47,0.46,0.45,0.41,0.34,0.28,0.23,0.19,0.19,0.17,0.16,0.16,0.18,0.20,0.22,0.30,0.31,0.34,
Right Percent:
0.00,0.00,0.00,0.00,0.00,0.00,0.00,0.00,0.00,0.00,0.00,0.00,0.00,0.00,0.00,0.00,0.00,0.00,0.00,0.00,0.00,0.00,0.00,0.00,0.00,0.00,0.00,0.00,0.00,0.00,0.00,0.00,0.00,0.00,0.00,0.00,0.00,0.00,0.00,0.00,0.00,0.00,0.00,0.00,0.00,0.00,0.00,0.00,0.00,0.00,0.00,0.00,0.00,0.00,0.00,0.00,0.00,0.00,0.00,0.00,0.00,0.00,0.00,
Mid0 percent:
0.00,0.00,0.00,0.00,0.00,0.00,0.00,0.00,0.00,0.00,0.00,0.00,0.00,0.00,0.00,0.00,0.00,0.00,0.00,0.00,0.00,0.00,0.00,0.00,0.00,0.00,0.00,0.00,0.00,0.01,0.04,0.09,0.15,0.18,0.20,0.23,0.25,0.26,0.26,0.27,0.28,0.28,0.27,0.26,0.25,0.25,0.25,0.24,0.22,0.16,0.09,0.03,0.00,0.00,0.00,0.00,0.00,0.00,0.00,0.00,0.02,0.06,0.09,
Mid1 percent:
0.00,0.00,0.00,0.00,0.00,0.00,0.00,0.00,0.00,0.00,0.00,0.00,0.00,0.00,0.00,0.00,0.00,0.00,0.00,0.00,0.00,0.00,0.00,0.00,0.00,0.00,0.00,0.00,0.00,0.01,0.05,0.10,0.15,0.18,0.21,0.23,0.25,0.26,0.27,0.27,0.28,0.28,0.28,0.26,0.26,0.25,0.25,0.24,0.22,0.17,0.10,0.03,0.00,0.00,0.00,0.00,0.00,0.00,0.00,0.00,0.02,0.04,0.06,
Left Percent:
0.00,0.00,0.00,0.00,0.00,0.00,0.00,0.00,0.00,0.00,0.00,0.00,0.00,0.00,0.00,0.00,0.00,0.00,0.00,0.00,0.00,0.00,0.00,0.00,0.00,0.00,0.00,0.00,0.00,0.01,0.03,0.06,0.09,0.10,0.12,0.13,0.13,0.14,0.15,0.15,0.15,0.16,0.16,0.15,0.15,0.14,0.14,0.13,0.11,0.08,0.04,0.03,0.01,0.01,0.00,0.00,0.00,0.00,0.00,0.02,0.11,0.17,0.19,
Right Percent:
0.00,0.00,0.00,0.00,0.00,0.00,0.00,0.00,0.00,0.00,0.00,0.00,0.00,0.00,0.00,0.00,0.00,0.00,0.00,0.00,0.00,0.00,0.00,0.00,0.00,0.00,0.00,0.00,0.00,0.00,0.00,0.00,0.00,0.00,0.00,0.00,0.00,0.00,0.00,0.00,0.00,0.00,0.00,0.00,0.00,0.00,0.00,0.00,0.00,0.00,0.00,0.00,0.00,0.00,0.00,0.00,0.00,0.00,0.00,0.00,0.00,0.00,0.00,
Mid0 percent:
0.00,0.01,0.03,0.04,0.04,0.05,0.06,0.06,0.06,0.06,0.05,0.08,0.09,0.09,0.09,0.09,0.09,0.09,0.09,0.10,0.10,0.11,0.11,0.13,0.14,0.15,0.16,0.17,0.19,0.20,0.24,0.29,0.34,0.37,0.39,0.40,0.41,0.41,0.42,0.43,0.43,0.43,0.43,0.43,0.43,0.43,0.42,0.42,0.39,0.34,0.25,0.21,0.20,0.18,0.14,0.12,0.11,0.12,0.14,0.14,0.22,0.27,0.27,
Mid1 percent:
0.00,0.01,0.02,0.03,0.03,0.03,0.05,0.05,0.04,0.04,0.04,0.07,0.07,0.08,0.08,0.08,0.08,0.08,0.08,0.09,0.09,0.10,0.11,0.12,0.12,0.14,0.14,0.16,0.18,0.20,0.23,0.30,0.35,0.37,0.39,0.40,0.40,0.41,0.42,0.43,0.43,0.44,0.43,0.43,0.43,0.43,0.42,0.42,0.39,0.35,0.24,0.21,0.20,0.17,0.12,0.10,0.09,0.11,0.12,0.13,0.21,0.25,0.24,
Left Percent:
0.00,0.00,0.00,0.00,0.00,0.00,0.00,0.00,0.00,0.00,0.00,0.00,0.00,0.00,0.00,0.00,0.00,0.00,0.00,0.00,0.00,0.00,0.00,0.00,0.00,0.00,0.00,0.00,0.00,0.00,0.00,0.00,0.01,0.01,0.02,0.02,0.02,0.02,0.02,0.03,0.03,0.04,0.04,0.04,0.04,0.05,0.03,0.04,0.03,0.01,0.00,0.00,0.00,0.00,0.00,0.00,0.00,0.00,0.00,0.00,0.06,0.15,0.18,
Right Percent:
0.00,0.00,0.00,0.00,0.00,0.00,0.00,0.00,0.00,0.00,0.00,0.00,0.00,0.00,0.00,0.00,0.00,0.00,0.00,0.00,0.00,0.00,0.00,0.00,0.00,0.00,0.00,0.00,0.00,0.00,0.00,0.00,0.00,0.00,0.00,0.00,0.00,0.00,0.00,0.00,0.00,0.00,0.00,0.00,0.00,0.00,0.00,0.00,0.00,0.00,0.00,0.00,0.00,0.00,0.00,0.00,0.00,0.00,0.00,0.00,0.00,0.00,0.00,
Mid0 percent:
0.00,0.00,0.00,0.00,0.00,0.00,0.00,0.00,0.00,0.00,0.00,0.00,0.00,0.00,0.00,0.00,0.00,0.00,0.00,0.00,0.00,0.00,0.00,0.00,0.00,0.00,0.00,0.00,0.00,0.01,0.09,0.15,0.19,0.22,0.24,0.25,0.25,0.26,0.27,0.28,0.28,0.29,0.29,0.29,0.29,0.29,0.28,0.28,0.26,0.21,0.13,0.07,0.04,0.00,0.00,0.00,0.00,0.00,0.00,0.00,0.02,0.08,0.10,
Mid1 percent:
0.00,0.00,0.00,0.00,0.00,0.00,0.00,0.00,0.00,0.00,0.00,0.00,0.00,0.00,0.00,0.00,0.00,0.00,0.00,0.00,0.00,0.00,0.00,0.00,0.00,0.00,0.00,0.00,0.00,0.02,0.08,0.16,0.19,0.21,0.24,0.24,0.25,0.25,0.26,0.26,0.26,0.27,0.27,0.27,0.27,0.27,0.26,0.26,0.25,0.19,0.14,0.07,0.04,0.00,0.00,0.00,0.00,0.00,0.00,0.00,0.02,0.06,0.09,
Left Percent:
0.00,0.00,0.00,0.00,0.00,0.00,0.00,0.00,0.00,0.00,0.00,0.00,0.00,0.00,0.00,0.00,0.00,0.00,0.00,0.00,0.00,0.00,0.00,0.00,0.00,0.00,0.00,0.00,0.00,0.00,0.00,0.00,0.00,0.02,0.03,0.04,0.04,0.03,0.04,0.03,0.03,0.03,0.03,0.02,0.02,0.01,0.01,0.00,0.00,0.00,0.00,0.00,0.00,0.00,0.00,0.00,0.00,0.00,0.00,0.04,0.13,0.26,0.30,
Right Percent:
0.00,0.00,0.00,0.00,0.00,0.00,0.00,0.00,0.00,0.00,0.00,0.00,0.00,0.00,0.00,0.00,0.00,0.00,0.00,0.00,0.00,0.00,0.00,0.00,0.00,0.00,0.00,0.00,0.00,0.00,0.00,0.00,0.00,0.00,0.00,0.00,0.00,0.00,0.00,0.00,0.00,0.00,0.00,0.00,0.00,0.00,0.00,0.00,0.00,0.00,0.00,0.00,0.00,0.00,0.00,0.00,0.00,0.00,0.00,0.00,0.00,0.00,0.00,
Mid0 percent:
0.00,0.00,0.00,0.00,0.00,0.00,0.00,0.00,0.00,0.00,0.00,0.00,0.00,0.00,0.00,0.00,0.00,0.00,0.00,0.00,0.00,0.00,0.00,0.00,0.00,0.00,0.00,0.00,0.00,0.00,0.02,0.08,0.11,0.13,0.14,0.15,0.17,0.18,0.20,0.20,0.20,0.22,0.23,0.22,0.22,0.20,0.19,0.18,0.14,0.12,0.08,0.04,0.02,0.00,0.00,0.00,0.00,0.00,0.00,0.00,0.02,0.10,0.14,
Mid1 percent:
0.00,0.00,0.00,0.00,0.00,0.00,0.00,0.00,0.00,0.00,0.00,0.00,0.00,0.00,0.00,0.00,0.00,0.00,0.00,0.00,0.00,0.00,0.00,0.00,0.00,0.00,0.00,0.00,0.00,0.00,0.02,0.08,0.11,0.14,0.16,0.17,0.18,0.20,0.22,0.23,0.23,0.25,0.25,0.24,0.24,0.23,0.22,0.21,0.15,0.12,0.08,0.06,0.03,0.00,0.00,0.00,0.00,0.00,0.00,0.01,0.05,0.10,0.11,
Left Percent:
0.00,0.02,0.03,0.03,0.04,0.03,0.03,0.02,0.02,0.02,0.02,0.03,0.03,0.03,0.02,0.02,0.02,0.02,0.02,0.02,0.02,0.03,0.03,0.04,0.06,0.08,0.13,0.20,0.23,0.29,0.32,0.35,0.38,0.41,0.45,0.47,0.51,0.52,0.53,0.54,0.54,0.54,0.55,0.55,0.51,0.51,0.51,0.50,0.47,0.42,0.38,0.31,0.28,0.28,0.24,0.22,0.22,0.23,0.22,0.14,0.19,0.21,0.23,
Right Percent:
0.00,0.00,0.00,0.00,0.00,0.00,0.00,0.00,0.00,0.00,0.00,0.00,0.00,0.00,0.00,0.00,0.00,0.00,0.00,0.00,0.00,0.00,0.00,0.00,0.00,0.00,0.00,0.00,0.00,0.00,0.00,0.00,0.00,0.00,0.00,0.00,0.00,0.00,0.00,0.00,0.00,0.00,0.00,0.00,0.00,0.00,0.00,0.00,0.00,0.00,0.00,0.00,0.00,0.00,0.00,0.00,0.00,0.00,0.00,0.00,0.00,0.00,0.00,
Mid0 percent:
0.00,0.00,0.00,0.00,0.00,0.00,0.00,0.00,0.00,0.00,0.00,0.00,0.00,0.00,0.00,0.00,0.00,0.00,0.00,0.00,0.00,0.00,0.00,0.00,0.00,0.00,0.00,0.00,0.00,0.00,0.00,0.00,0.00,0.00,0.00,0.00,0.06,0.07,0.09,0.11,0.11,0.11,0.13,0.13,0.05,0.05,0.04,0.00,0.00,0.00,0.00,0.00,0.00,0.00,0.00,0.00,0.00,0.00,0.00,0.00,0.00,0.00,0.01,
Mid1 percent:
0.00,0.00,0.00,0.00,0.00,0.00,0.00,0.00,0.00,0.00,0.00,0.00,0.00,0.00,0.00,0.00,0.00,0.00,0.00,0.00,0.00,0.00,0.00,0.00,0.00,0.00,0.00,0.00,0.00,0.00,0.00,0.00,0.00,0.00,0.00,0.00,0.06,0.07,0.10,0.11,0.11,0.11,0.13,0.13,0.05,0.04,0.02,0.01,0.00,0.00,0.00,0.00,0.00,0.00,0.00,0.00,0.00,0.00,0.00,0.00,0.00,0.00,0.00,
Left Percent:
0.00,0.06,0.07,0.07,0.07,0.07,0.06,0.06,0.06,0.05,0.05,0.07,0.06,0.06,0.06,0.06,0.06,0.06,0.07,0.08,0.10,0.13,0.15,0.18,0.21,0.25,0.29,0.32,0.35,0.37,0.39,0.41,0.42,0.44,0.45,0.46,0.47,0.48,0.48,0.48,0.49,0.49,0.49,0.49,0.49,0.49,0.49,0.48,0.47,0.45,0.43,0.40,0.38,0.37,0.35,0.33,0.32,0.32,0.32,0.30,0.28,0.26,0.26,
Right Percent:
0.00,0.00,0.00,0.00,0.00,0.00,0.00,0.00,0.00,0.00,0.00,0.00,0.00,0.00,0.00,0.00,0.00,0.00,0.00,0.00,0.00,0.00,0.00,0.00,0.00,0.00,0.00,0.00,0.00,0.00,0.00,0.00,0.00,0.00,0.00,0.00,0.00,0.00,0.00,0.00,0.00,0.00,0.00,0.00,0.00,0.00,0.00,0.00,0.00,0.00,0.00,0.00,0.00,0.00,0.00,0.00,0.00,0.00,0.00,0.00,0.00,0.00,0.00,
Mid0 percent:
0.00,0.00,0.00,0.00,0.00,0.00,0.00,0.00,0.00,0.00,0.00,0.00,0.00,0.00,0.00,0.00,0.00,0.00,0.00,0.00,0.00,0.00,0.00,0.00,0.00,0.00,0.00,0.00,0.00,0.00,0.00,0.00,0.00,0.02,0.06,0.09,0.13,0.15,0.16,0.17,0.17,0.18,0.17,0.16,0.13,0.12,0.12,0.10,0.07,0.02,0.00,0.00,0.00,0.00,0.00,0.00,0.00,0.00,0.00,0.00,0.00,0.02,0.04,
Mid1 percent:
0.00,0.00,0.00,0.00,0.00,0.00,0.00,0.00,0.00,0.00,0.00,0.00,0.00,0.00,0.00,0.00,0.00,0.00,0.00,0.00,0.00,0.00,0.00,0.00,0.00,0.00,0.00,0.00,0.00,0.00,0.00,0.00,0.00,0.02,0.06,0.10,0.14,0.15,0.16,0.18,0.18,0.18,0.18,0.17,0.13,0.12,0.12,0.10,0.07,0.02,0.00,0.00,0.00,0.00,0.00,0.00,0.00,0.00,0.00,0.00,0.00,0.01,0.01,
Left Percent:
0.00,0.10,0.11,0.12,0.12,0.12,0.12,0.10,0.09,0.09,0.08,0.13,0.15,0.15,0.16,0.15,0.16,0.18,0.19,0.20,0.21,0.22,0.23,0.24,0.25,0.26,0.27,0.28,0.29,0.32,0.37,0.42,0.46,0.51,0.55,0.59,0.61,0.64,0.65,0.67,0.67,0.68,0.69,0.70,0.70,0.70,0.69,0.69,0.64,0.54,0.47,0.43,0.37,0.33,0.30,0.29,0.28,0.28,0.29,0.30,0.32,0.31,0.31,
Right Percent:
0.00,0.00,0.00,0.00,0.00,0.00,0.00,0.00,0.00,0.00,0.00,0.00,0.00,0.00,0.00,0.00,0.00,0.00,0.00,0.00,0.00,0.00,0.00,0.00,0.00,0.00,0.00,0.00,0.00,0.00,0.00,0.00,0.00,0.00,0.00,0.00,0.00,0.00,0.00,0.00,0.00,0.00,0.00,0.00,0.00,0.00,0.00,0.00,0.00,0.00,0.00,0.00,0.00,0.00,0.00,0.00,0.00,0.00,0.00,0.00,0.00,0.00,0.00,
Mid0 percent:
0.00,0.00,0.00,0.00,0.00,0.00,0.00,0.00,0.00,0.00,0.00,0.00,0.00,0.00,0.00,0.00,0.00,0.00,0.00,0.00,0.00,0.00,0.00,0.00,0.00,0.00,0.00,0.00,0.00,0.00,0.00,0.01,0.03,0.07,0.10,0.14,0.17,0.19,0.19,0.21,0.22,0.23,0.23,0.24,0.24,0.22,0.22,0.21,0.17,0.06,0.02,0.01,0.00,0.00,0.00,0.00,0.00,0.00,0.00,0.00,0.02,0.02,0.01,
Mid1 percent:
0.00,0.00,0.00,0.00,0.00,0.00,0.00,0.00,0.00,0.00,0.00,0.00,0.00,0.00,0.00,0.00,0.00,0.00,0.00,0.00,0.00,0.00,0.00,0.00,0.00,0.00,0.00,0.00,0.00,0.00,0.00,0.01,0.04,0.06,0.09,0.12,0.15,0.16,0.18,0.19,0.21,0.21,0.21,0.22,0.22,0.21,0.20,0.19,0.14,0.06,0.02,0.01,0.00,0.00,0.00,0.00,0.00,0.00,0.00,0.00,0.01,0.00,0.00,
Left Percent:
0.00,0.00,0.00,0.00,0.00,0.00,0.00,0.00,0.00,0.00,0.00,0.00,0.00,0.00,0.00,0.00,0.00,0.00,0.00,0.00,0.00,0.00,0.00,0.00,0.00,0.00,0.00,0.00,0.00,0.00,0.00,0.01,0.01,0.02,0.05,0.09,0.12,0.16,0.16,0.18,0.16,0.16,0.18,0.15,0.14,0.12,0.09,0.08,0.06,0.03,0.01,0.00,0.00,0.00,0.00,0.00,0.00,0.00,0.01,0.00,0.07,0.13,0.20,
Right Percent:
0.00,0.00,0.00,0.00,0.00,0.00,0.00,0.00,0.00,0.00,0.00,0.00,0.00,0.00,0.00,0.00,0.00,0.00,0.00,0.00,0.00,0.00,0.00,0.00,0.00,0.00,0.00,0.00,0.00,0.00,0.00,0.00,0.00,0.00,0.00,0.00,0.00,0.00,0.00,0.00,0.00,0.00,0.00,0.00,0.00,0.00,0.00,0.00,0.00,0.00,0.00,0.00,0.00,0.00,0.00,0.00,0.00,0.00,0.00,0.00,0.00,0.00,0.00,
Mid0 percent:
0.00,0.00,0.00,0.00,0.00,0.00,0.00,0.00,0.00,0.00,0.00,0.00,0.00,0.00,0.00,0.00,0.00,0.00,0.00,0.00,0.00,0.00,0.00,0.00,0.00,0.00,0.00,0.00,0.00,0.00,0.00,0.00,0.00,0.00,0.00,0.00,0.00,0.00,0.00,0.00,0.00,0.00,0.00,0.00,0.00,0.00,0.00,0.00,0.00,0.00,0.00,0.00,0.00,0.00,0.00,0.00,0.00,0.00,0.00,0.00,0.00,0.00,0.00,
Mid1 percent:
0.00,0.00,0.00,0.00,0.00,0.00,0.00,0.00,0.00,0.00,0.00,0.00,0.00,0.00,0.00,0.00,0.00,0.00,0.00,0.00,0.00,0.00,0.00,0.00,0.00,0.00,0.00,0.00,0.00,0.00,0.00,0.00,0.00,0.00,0.00,0.00,0.00,0.00,0.00,0.00,0.00,0.00,0.00,0.00,0.00,0.00,0.00,0.00,0.00,0.00,0.00,0.00,0.00,0.00,0.00,0.00,0.00,0.00,0.00,0.00,0.00,0.00,0.00,
Left Percent:
0.00,0.13,0.14,0.14,0.14,0.14,0.13,0.13,0.12,0.12,0.11,0.14,0.14,0.14,0.14,0.14,0.14,0.14,0.14,0.14,0.14,0.14,0.15,0.16,0.17,0.18,0.20,0.23,0.28,0.34,0.37,0.41,0.43,0.46,0.48,0.50,0.51,0.52,0.52,0.52,0.53,0.53,0.53,0.54,0.54,0.54,0.54,0.52,0.51,0.49,0.44,0.40,0.37,0.34,0.32,0.29,0.28,0.30,0.32,0.35,0.36,0.34,0.35,
Right Percent:
0.00,0.00,0.00,0.00,0.00,0.00,0.00,0.00,0.00,0.00,0.00,0.00,0.00,0.00,0.00,0.00,0.00,0.00,0.00,0.00,0.00,0.00,0.00,0.00,0.00,0.00,0.00,0.00,0.00,0.00,0.00,0.00,0.00,0.00,0.00,0.00,0.00,0.00,0.00,0.00,0.00,0.00,0.00,0.00,0.00,0.00,0.00,0.00,0.00,0.00,0.00,0.00,0.00,0.00,0.00,0.00,0.00,0.00,0.00,0.00,0.00,0.00,0.00,
Mid0 percent:
0.00,0.00,0.00,0.00,0.00,0.00,0.00,0.00,0.00,0.00,0.00,0.00,0.00,0.00,0.00,0.00,0.00,0.00,0.00,0.00,0.00,0.00,0.00,0.00,0.00,0.00,0.00,0.00,0.00,0.00,0.00,0.00,0.01,0.04,0.06,0.10,0.11,0.12,0.13,0.14,0.15,0.15,0.15,0.17,0.17,0.16,0.15,0.14,0.10,0.04,0.00,0.00,0.00,0.00,0.00,0.00,0.00,0.00,0.00,0.00,0.01,0.03,0.05,
Mid1 percent:
0.00,0.00,0.00,0.00,0.00,0.00,0.00,0.00,0.00,0.00,0.00,0.00,0.00,0.00,0.00,0.00,0.00,0.00,0.00,0.00,0.00,0.00,0.00,0.00,0.00,0.00,0.00,0.00,0.00,0.00,0.00,0.00,0.01,0.04,0.07,0.10,0.11,0.12,0.14,0.15,0.16,0.16,0.16,0.17,0.17,0.16,0.16,0.14,0.11,0.05,0.00,0.00,0.00,0.00,0.00,0.00,0.00,0.00,0.00,0.00,0.00,0.01,0.02,
Left Percent:
0.00,0.01,0.02,0.02,0.02,0.02,0.02,0.02,0.02,0.02,0.01,0.02,0.02,0.01,0.01,0.01,0.01,0.01,0.01,0.01,0.01,0.01,0.02,0.02,0.03,0.04,0.06,0.07,0.08,0.10,0.11,0.14,0.14,0.15,0.16,0.17,0.17,0.17,0.17,0.17,0.17,0.17,0.17,0.17,0.17,0.17,0.17,0.17,0.16,0.14,0.12,0.11,0.10,0.07,0.06,0.02,0.01,0.01,0.03,0.07,0.12,0.16,0.17,
Right Percent:
0.00,0.00,0.00,0.00,0.00,0.00,0.00,0.00,0.00,0.00,0.00,0.00,0.00,0.00,0.00,0.00,0.00,0.00,0.00,0.00,0.00,0.00,0.00,0.00,0.00,0.00,0.00,0.00,0.00,0.00,0.00,0.00,0.00,0.00,0.00,0.00,0.00,0.00,0.00,0.00,0.00,0.00,0.00,0.00,0.00,0.00,0.00,0.00,0.00,0.00,0.00,0.00,0.00,0.00,0.00,0.00,0.00,0.00,0.00,0.00,0.00,0.00,0.00,
Mid0 percent:
0.00,0.22,0.23,0.24,0.24,0.24,0.24,0.23,0.23,0.23,0.22,0.24,0.23,0.22,0.22,0.22,0.20,0.20,0.20,0.20,0.20,0.21,0.23,0.23,0.24,0.25,0.26,0.27,0.28,0.28,0.29,0.32,0.35,0.37,0.39,0.41,0.42,0.43,0.44,0.44,0.45,0.45,0.45,0.45,0.44,0.44,0.44,0.43,0.42,0.38,0.32,0.30,0.27,0.25,0.22,0.18,0.14,0.16,0.17,0.19,0.25,0.29,0.30,
Mid1 percent:
0.00,0.24,0.25,0.26,0.26,0.26,0.26,0.25,0.25,0.25,0.24,0.26,0.25,0.25,0.24,0.23,0.22,0.22,0.21,0.21,0.21,0.22,0.25,0.25,0.27,0.28,0.29,0.30,0.31,0.32,0.33,0.35,0.36,0.38,0.40,0.41,0.42,0.43,0.43,0.44,0.44,0.44,0.44,0.44,0.44,0.43,0.44,0.43,0.41,0.38,0.34,0.32,0.30,0.28,0.25,0.20,0.14,0.17,0.19,0.20,0.25,0.30,0.30,
Left Percent:
0.00,0.03,0.04,0.05,0.05,0.04,0.04,0.03,0.02,0.01,0.01,0.08,0.08,0.09,0.09,0.10,0.10,0.10,0.10,0.11,0.12,0.12,0.13,0.15,0.17,0.20,0.22,0.24,0.26,0.29,0.31,0.37,0.43,0.48,0.53,0.57,0.59,0.60,0.60,0.60,0.61,0.61,0.61,0.61,0.61,0.61,0.61,0.60,0.59,0.50,0.34,0.28,0.26,0.25,0.22,0.20,0.19,0.21,0.23,0.23,0.29,0.37,0.45,
Right Percent:
0.00,0.00,0.00,0.00,0.00,0.00,0.00,0.00,0.00,0.00,0.00,0.00,0.00,0.00,0.00,0.00,0.00,0.00,0.00,0.00,0.00,0.00,0.00,0.00,0.00,0.00,0.00,0.00,0.00,0.00,0.00,0.00,0.00,0.00,0.00,0.00,0.00,0.00,0.00,0.00,0.00,0.00,0.00,0.00,0.00,0.00,0.00,0.00,0.00,0.00,0.00,0.00,0.00,0.00,0.00,0.00,0.00,0.00,0.00,0.00,0.00,0.00,0.00,
Mid0 percent:
0.00,0.00,0.00,0.00,0.00,0.00,0.00,0.00,0.00,0.00,0.00,0.00,0.00,0.00,0.00,0.00,0.00,0.00,0.00,0.00,0.00,0.00,0.00,0.00,0.00,0.00,0.00,0.02,0.07,0.13,0.18,0.19,0.21,0.23,0.24,0.26,0.26,0.27,0.27,0.27,0.28,0.28,0.28,0.29,0.29,0.29,0.28,0.28,0.27,0.23,0.17,0.11,0.07,0.05,0.01,0.00,0.00,0.01,0.04,0.06,0.05,0.09,0.10,
Mid1 percent:
0.00,0.00,0.00,0.00,0.00,0.00,0.00,0.00,0.00,0.00,0.00,0.00,0.00,0.00,0.00,0.00,0.00,0.00,0.00,0.00,0.00,0.00,0.00,0.00,0.00,0.00,0.00,0.04,0.07,0.14,0.18,0.21,0.23,0.24,0.25,0.27,0.27,0.28,0.28,0.29,0.29,0.30,0.30,0.31,0.31,0.30,0.29,0.29,0.27,0.25,0.18,0.11,0.08,0.05,0.01,0.00,0.00,0.01,0.04,0.06,0.05,0.08,0.09,
Left Percent:
0.00,0.00,0.00,0.00,0.00,0.00,0.00,0.00,0.00,0.00,0.00,0.00,0.00,0.00,0.00,0.00,0.00,0.00,0.00,0.00,0.00,0.00,0.00,0.00,0.00,0.00,0.00,0.00,0.00,0.00,0.00,0.00,0.00,0.00,0.00,0.00,0.00,0.00,0.00,0.00,0.00,0.00,0.00,0.00,0.00,0.00,0.00,0.00,0.00,0.00,0.00,0.00,0.00,0.00,0.00,0.00,0.00,0.00,0.00,0.00,0.04,0.13,0.17,
Right Percent:
0.00,0.00,0.00,0.00,0.00,0.00,0.00,0.00,0.00,0.00,0.00,0.00,0.00,0.00,0.00,0.00,0.00,0.00,0.00,0.00,0.00,0.00,0.00,0.00,0.00,0.00,0.00,0.00,0.00,0.00,0.00,0.00,0.00,0.00,0.00,0.00,0.00,0.00,0.00,0.00,0.00,0.00,0.00,0.00,0.00,0.00,0.00,0.00,0.00,0.00,0.00,0.00,0.00,0.00,0.00,0.00,0.00,0.00,0.00,0.00,0.00,0.00,0.00,
Mid0 percent:
0.00,0.00,0.00,0.00,0.00,0.00,0.00,0.00,0.00,0.00,0.00,0.00,0.00,0.00,0.00,0.00,0.00,0.00,0.00,0.00,0.00,0.00,0.00,0.00,0.00,0.00,0.00,0.00,0.00,0.00,0.00,0.00,0.00,0.00,0.02,0.04,0.05,0.06,0.07,0.08,0.08,0.10,0.10,0.09,0.09,0.08,0.07,0.05,0.01,0.00,0.00,0.00,0.00,0.00,0.00,0.00,0.00,0.00,0.00,0.00,0.00,0.01,0.03,
Mid1 percent:
0.00,0.00,0.00,0.00,0.00,0.00,0.00,0.00,0.00,0.00,0.00,0.00,0.00,0.00,0.00,0.00,0.00,0.00,0.00,0.00,0.00,0.00,0.00,0.00,0.00,0.00,0.00,0.00,0.00,0.00,0.00,0.00,0.00,0.00,0.02,0.04,0.05,0.06,0.08,0.08,0.08,0.11,0.11,0.10,0.09,0.09,0.08,0.06,0.02,0.00,0.00,0.00,0.00,0.00,0.00,0.00,0.00,0.00,0.00,0.00,0.00,0.01,0.02,
Left Percent:
0.00,0.00,0.00,0.00,0.00,0.00,0.00,0.00,0.00,0.00,0.00,0.00,0.00,0.00,0.00,0.00,0.00,0.00,0.00,0.00,0.00,0.00,0.00,0.00,0.00,0.00,0.00,0.00,0.00,0.00,0.00,0.00,0.00,0.00,0.00,0.00,0.00,0.00,0.00,0.00,0.00,0.00,0.00,0.00,0.00,0.00,0.00,0.00,0.00,0.00,0.00,0.00,0.00,0.00,0.00,0.00,0.00,0.00,0.00,0.00,0.02,0.08,0.15,
Right Percent:
0.00,0.00,0.00,0.00,0.00,0.00,0.00,0.00,0.00,0.00,0.00,0.00,0.00,0.00,0.00,0.00,0.00,0.00,0.00,0.00,0.00,0.00,0.00,0.00,0.00,0.00,0.00,0.00,0.00,0.00,0.00,0.00,0.00,0.00,0.00,0.00,0.00,0.00,0.00,0.00,0.00,0.00,0.00,0.00,0.00,0.00,0.00,0.00,0.00,0.00,0.00,0.00,0.00,0.00,0.00,0.00,0.00,0.00,0.00,0.00,0.00,0.00,0.00,
Mid0 percent:
0.00,0.00,0.00,0.00,0.00,0.00,0.00,0.00,0.00,0.00,0.00,0.00,0.00,0.00,0.00,0.00,0.00,0.00,0.00,0.00,0.00,0.00,0.00,0.00,0.00,0.00,0.00,0.00,0.00,0.00,0.00,0.00,0.00,0.00,0.00,0.00,0.00,0.00,0.00,0.00,0.00,0.00,0.00,0.00,0.00,0.00,0.00,0.00,0.00,0.00,0.00,0.00,0.00,0.00,0.00,0.00,0.00,0.00,0.00,0.00,0.00,0.00,0.00,
Mid1 percent:
0.00,0.00,0.00,0.00,0.00,0.00,0.00,0.00,0.00,0.00,0.00,0.00,0.00,0.00,0.00,0.00,0.00,0.00,0.00,0.00,0.00,0.00,0.00,0.00,0.00,0.00,0.00,0.00,0.00,0.00,0.00,0.00,0.00,0.00,0.00,0.00,0.00,0.00,0.00,0.00,0.00,0.00,0.00,0.00,0.00,0.00,0.00,0.00,0.00,0.00,0.00,0.00,0.00,0.00,0.00,0.00,0.00,0.00,0.00,0.00,0.00,0.00,0.00,
Left Percent:
0.00,0.01,0.02,0.03,0.03,0.03,0.03,0.02,0.02,0.02,0.01,0.04,0.04,0.04,0.04,0.05,0.05,0.05,0.05,0.05,0.06,0.07,0.08,0.09,0.11,0.16,0.20,0.26,0.31,0.36,0.39,0.41,0.44,0.45,0.48,0.49,0.50,0.51,0.51,0.52,0.53,0.53,0.53,0.54,0.54,0.54,0.54,0.53,0.52,0.48,0.44,0.38,0.34,0.31,0.26,0.18,0.16,0.18,0.21,0.24,0.23,0.21,0.17,
Right Percent:
0.00,0.00,0.00,0.00,0.00,0.00,0.00,0.00,0.00,0.00,0.00,0.00,0.00,0.00,0.00,0.00,0.00,0.00,0.00,0.00,0.00,0.00,0.00,0.00,0.00,0.00,0.00,0.00,0.00,0.00,0.00,0.00,0.00,0.00,0.00,0.00,0.00,0.00,0.00,0.00,0.00,0.00,0.00,0.00,0.00,0.00,0.00,0.00,0.00,0.00,0.00,0.00,0.00,0.00,0.00,0.00,0.00,0.00,0.00,0.00,0.00,0.00,0.00,
Mid0 percent:
0.00,0.02,0.03,0.03,0.03,0.03,0.03,0.03,0.03,0.03,0.02,0.03,0.03,0.03,0.03,0.02,0.02,0.01,0.01,0.01,0.01,0.00,0.03,0.06,0.11,0.17,0.21,0.24,0.27,0.28,0.29,0.30,0.30,0.31,0.35,0.38,0.39,0.40,0.41,0.43,0.44,0.44,0.43,0.45,0.44,0.44,0.44,0.42,0.38,0.31,0.29,0.25,0.24,0.24,0.20,0.15,0.15,0.19,0.21,0.21,0.17,0.18,0.17,
Mid1 percent:
0.00,0.04,0.04,0.04,0.05,0.04,0.04,0.04,0.04,0.04,0.03,0.04,0.04,0.04,0.04,0.04,0.03,0.02,0.01,0.01,0.00,0.01,0.03,0.07,0.12,0.18,0.23,0.26,0.27,0.28,0.29,0.30,0.31,0.32,0.34,0.37,0.38,0.39,0.40,0.41,0.42,0.42,0.42,0.43,0.42,0.42,0.42,0.41,0.37,0.32,0.29,0.25,0.24,0.24,0.22,0.16,0.16,0.21,0.22,0.22,0.16,0.16,0.14,
Left Percent:
0.00,0.11,0.10,0.10,0.10,0.10,0.10,0.10,0.10,0.10,0.09,0.08,0.07,0.07,0.06,0.06,0.06,0.05,0.05,0.05,0.05,0.05,0.05,0.05,0.05,0.04,0.04,0.04,0.04,0.04,0.04,0.03,0.03,0.03,0.03,0.03,0.03,0.03,0.02,0.02,0.01,0.01,0.01,0.01,0.01,0.00,0.00,0.00,0.01,0.01,0.02,0.05,0.03,0.03,0.04,0.04,0.06,0.08,0.10,0.13,0.16,0.18,0.18,
Right Percent:
0.00,0.00,0.00,0.00,0.00,0.00,0.00,0.00,0.00,0.00,0.00,0.00,0.00,0.00,0.00,0.00,0.00,0.00,0.00,0.00,0.00,0.00,0.00,0.00,0.00,0.00,0.00,0.00,0.00,0.00,0.00,0.00,0.00,0.00,0.00,0.00,0.00,0.00,0.00,0.00,0.00,0.00,0.00,0.00,0.00,0.00,0.00,0.00,0.00,0.00,0.00,0.00,0.00,0.00,0.00,0.00,0.00,0.00,0.00,0.00,0.00,0.00,0.00,
Mid0 percent:
0.00,0.06,0.07,0.07,0.08,0.08,0.08,0.07,0.07,0.06,0.06,0.07,0.07,0.07,0.07,0.06,0.06,0.06,0.06,0.06,0.06,0.06,0.06,0.07,0.09,0.10,0.12,0.14,0.15,0.18,0.21,0.23,0.26,0.28,0.29,0.30,0.31,0.32,0.32,0.32,0.33,0.33,0.33,0.33,0.33,0.32,0.32,0.31,0.30,0.29,0.24,0.21,0.18,0.13,0.11,0.06,0.05,0.06,0.07,0.11,0.17,0.21,0.20,
Mid1 percent:
0.00,0.08,0.08,0.09,0.09,0.09,0.09,0.09,0.08,0.08,0.08,0.09,0.09,0.09,0.08,0.08,0.08,0.08,0.08,0.08,0.08,0.08,0.08,0.09,0.10,0.10,0.12,0.13,0.15,0.17,0.20,0.21,0.25,0.27,0.28,0.29,0.30,0.30,0.31,0.31,0.32,0.32,0.32,0.31,0.31,0.31,0.31,0.30,0.30,0.28,0.23,0.20,0.17,0.12,0.10,0.07,0.06,0.07,0.08,0.11,0.17,0.21,0.19,
Left Percent:
0.00,0.03,0.03,0.04,0.03,0.03,0.03,0.03,0.03,0.03,0.03,0.05,0.05,0.06,0.06,0.06,0.06,0.06,0.06,0.07,0.07,0.09,0.10,0.12,0.16,0.20,0.24,0.29,0.32,0.35,0.38,0.40,0.42,0.44,0.46,0.48,0.50,0.50,0.51,0.51,0.51,0.52,0.52,0.52,0.53,0.53,0.53,0.52,0.51,0.49,0.45,0.40,0.37,0.35,0.32,0.27,0.26,0.26,0.27,0.25,0.20,0.12,0.06,
Right Percent:
0.00,0.00,0.00,0.00,0.00,0.00,0.00,0.00,0.00,0.00,0.00,0.00,0.00,0.00,0.00,0.00,0.00,0.00,0.00,0.00,0.00,0.00,0.00,0.00,0.00,0.00,0.00,0.00,0.00,0.00,0.00,0.00,0.00,0.00,0.00,0.00,0.00,0.00,0.00,0.00,0.00,0.00,0.00,0.00,0.00,0.00,0.00,0.00,0.00,0.00,0.00,0.00,0.00,0.00,0.00,0.00,0.00,0.00,0.00,0.00,0.00,0.00,0.00,
Mid0 percent:
0.00,0.01,0.02,0.04,0.04,0.04,0.04,0.04,0.04,0.04,0.03,0.12,0.13,0.15,0.16,0.17,0.17,0.18,0.18,0.19,0.20,0.22,0.22,0.23,0.24,0.26,0.27,0.28,0.30,0.31,0.32,0.33,0.36,0.41,0.44,0.46,0.48,0.48,0.49,0.49,0.51,0.51,0.50,0.50,0.52,0.51,0.51,0.49,0.47,0.41,0.33,0.30,0.29,0.29,0.28,0.25,0.25,0.26,0.27,0.26,0.24,0.28,0.25,
Mid1 percent:
0.00,0.03,0.03,0.04,0.04,0.05,0.05,0.04,0.04,0.05,0.04,0.11,0.12,0.14,0.16,0.17,0.17,0.18,0.18,0.19,0.20,0.21,0.22,0.23,0.24,0.25,0.26,0.27,0.28,0.29,0.31,0.33,0.36,0.42,0.46,0.48,0.49,0.50,0.50,0.51,0.51,0.52,0.51,0.51,0.52,0.52,0.51,0.51,0.49,0.43,0.33,0.29,0.28,0.28,0.27,0.25,0.25,0.26,0.27,0.25,0.26,0.27,0.23,
Left Percent:
0.00,0.03,0.04,0.05,0.05,0.04,0.04,0.04,0.04,0.04,0.03,0.06,0.07,0.08,0.08,0.08,0.08,0.08,0.09,0.10,0.11,0.13,0.15,0.16,0.19,0.22,0.26,0.31,0.34,0.38,0.42,0.44,0.48,0.50,0.51,0.53,0.54,0.55,0.56,0.56,0.57,0.57,0.57,0.58,0.58,0.58,0.58,0.57,0.55,0.52,0.47,0.42,0.38,0.36,0.32,0.25,0.23,0.24,0.26,0.24,0.20,0.14,0.08,
Right Percent:
0.00,0.00,0.00,0.00,0.00,0.00,0.00,0.00,0.00,0.00,0.00,0.00,0.00,0.00,0.00,0.00,0.00,0.00,0.00,0.00,0.00,0.00,0.00,0.00,0.00,0.00,0.00,0.00,0.00,0.00,0.00,0.00,0.00,0.00,0.00,0.00,0.00,0.00,0.00,0.00,0.00,0.00,0.00,0.00,0.00,0.00,0.00,0.00,0.00,0.00,0.00,0.00,0.00,0.00,0.00,0.00,0.00,0.00,0.00,0.00,0.00,0.00,0.00,
Mid0 percent:
0.00,0.05,0.07,0.08,0.08,0.08,0.08,0.08,0.07,0.07,0.06,0.10,0.13,0.14,0.14,0.15,0.15,0.15,0.16,0.17,0.18,0.19,0.20,0.21,0.21,0.22,0.23,0.24,0.26,0.28,0.33,0.39,0.42,0.45,0.47,0.49,0.50,0.50,0.51,0.51,0.51,0.52,0.51,0.52,0.53,0.52,0.52,0.51,0.49,0.45,0.38,0.31,0.25,0.25,0.23,0.21,0.21,0.22,0.23,0.22,0.27,0.28,0.24,
Mid1 percent:
0.00,0.07,0.09,0.10,0.10,0.10,0.09,0.09,0.09,0.09,0.08,0.12,0.14,0.16,0.16,0.16,0.16,0.17,0.17,0.18,0.19,0.21,0.22,0.23,0.24,0.24,0.25,0.26,0.27,0.29,0.32,0.35,0.38,0.40,0.42,0.43,0.44,0.45,0.45,0.45,0.46,0.46,0.46,0.46,0.46,0.46,0.46,0.45,0.43,0.40,0.34,0.30,0.27,0.27,0.25,0.23,0.23,0.24,0.25,0.24,0.25,0.24,0.22,
