Left Percent:
0.00,0.28,0.37,0.35,0.32,0.32,0.32,0.36,0.37,0.38,0.43,0.46,0.47,0.49,0.50,0.50,0.51,0.51,0.50,0.50,0.49,0.47,0.46,0.46,0.45,0.44,0.43,0.42,0.40,0.40,0.40,0.40,0.41,0.42,0.42,0.43,0.43,0.44,0.44,0.44,0.44,0.43,0.43,0.43,0.43,0.43,0.43,0.43,0.43,0.44,0.46,0.48,0.49,0.51,0.60,0.71,0.75,0.76,0.77,0.78,0.77,0.76,0.78,
Right Percent:
0.00,0.02,0.03,0.02,0.02,0.03,0.03,0.05,0.07,0.08,0.15,0.34,0.39,0.46,0.52,0.55,0.58,0.60,0.60,0.61,0.58,0.53,0.49,0.48,0.47,0.46,0.43,0.42,0.40,0.37,0.36,0.36,0.37,0.37,0.36,0.37,0.37,0.36,0.37,0.37,0.37,0.37,0.37,0.36,0.36,0.35,0.35,0.35,0.34,0.34,0.33,0.33,0.31,0.27,0.30,0.45,0.66,0.83,0.87,0.86,0.87,0.92,0.89,
Left Percent:
0.00,0.00,0.00,0.00,0.00,0.00,0.00,0.00,0.00,0.00,0.00,0.00,0.01,0.03,0.05,0.07,0.10,0.12,0.13,0.16,0.18,0.21,0.24,0.27,0.30,0.33,0.36,0.38,0.41,0.44,0.46,0.48,0.49,0.50,0.51,0.53,0.52,0.53,0.53,0.53,0.53,0.53,0.52,0.52,0.51,0.51,0.49,0.49,0.49,0.50,0.51,0.53,0.53,0.52,0.52,0.52,0.49,0.46,0.43,0.43,0.37,0.44,0.48,
Right Percent:
0.00,0.00,0.00,0.00,0.00,0.00,0.00,0.00,0.00,0.00,0.00,0.00,0.00,0.01,0.01,0.02,0.03,0.05,0.06,0.09,0.12,0.17,0.21,0.26,0.30,0.35,0.38,0.42,0.45,0.49,0.51,0.52,0.55,0.56,0.57,0.57,0.58,0.59,0.59,0.59,0.59,0.59,0.58,0.57,0.57,0.56,0.55,0.54,0.54,0.53,0.51,0.50,0.48,0.37,0.29,0.09,0.00,0.00,0.00,0.00,0.00,0.01,0.00,
Left Percent:
0.00,0.00,0.00,0.00,0.00,0.00,0.00,0.00,0.00,0.00,0.00,0.00,0.00,0.00,0.00,0.00,0.00,0.00,0.00,0.00,0.00,0.00,0.00,0.00,0.00,0.00,0.00,0.00,0.00,0.00,0.00,0.00,0.00,0.00,0.00,0.00,0.00,0.00,0.00,0.00,0.00,0.00,0.00,0.00,0.00,0.00,0.00,0.00,0.00,0.00,0.00,0.00,0.00,0.00,0.00,0.00,0.00,0.00,0.00,0.00,0.00,0.00,0.00,
Right Percent:
0.00,0.00,0.00,0.00,0.00,0.00,0.00,0.00,0.00,0.00,0.00,0.00,0.00,0.00,0.00,0.00,0.00,0.00,0.01,0.02,0.03,0.05,0.08,0.12,0.14,0.17,0.21,0.24,0.28,0.32,0.35,0.37,0.39,0.41,0.43,0.44,0.44,0.45,0.45,0.45,0.45,0.44,0.44,0.43,0.42,0.41,0.39,0.38,0.37,0.34,0.31,0.23,0.08,0.00,0.00,0.00,0.00,0.00,0.00,0.00,0.00,0.00,0.00,
Left Percent:
0.00,0.00,0.00,0.00,0.00,0.00,0.00,0.00,0.00,0.00,0.00,0.00,0.01,0.02,0.02,0.02,0.03,0.05,0.05,0.07,0.08,0.09,0.11,0.12,0.14,0.17,0.18,0.22,0.25,0.26,0.28,0.30,0.32,0.33,0.34,0.37,0.34,0.35,0.35,0.35,0.34,0.33,0.33,0.33,0.32,0.32,0.32,0.33,0.34,0.35,0.39,0.42,0.43,0.42,0.43,0.45,0.46,0.46,0.45,0.45,0.40,0.46,0.48,
Right Percent:
0.00,0.00,0.00,0.00,0.00,0.00,0.00,0.00,0.00,0.00,0.00,0.00,0.00,0.00,0.00,0.00,0.00,0.00,0.00,0.00,0.00,0.00,0.01,0.03,0.08,0.20,0.28,0.31,0.33,0.34,0.35,0.36,0.37,0.38,0.39,0.38,0.39,0.40,0.40,0.40,0.40,0.40,0.40,0.39,0.38,0.37,0.36,0.35,0.33,0.31,0.33,0.35,0.18,0.00,0.00,0.00,0.00,0.00,0.40,0.62,0.46,0.30,0.01,
Left Percent:
0.00,0.00,0.00,0.00,0.00,0.00,0.00,0.00,0.00,0.00,0.00,0.00,0.00,0.00,0.00,0.00,0.00,0.00,0.00,0.00,0.00,0.00,0.00,0.00,0.00,0.00,0.00,0.00,0.00,0.00,0.00,0.00,0.00,0.00,0.00,0.02,0.00,0.00,0.00,0.00,0.00,0.00,0.00,0.00,0.00,0.00,0.00,0.00,0.00,0.00,0.00,0.00,0.00,0.00,0.00,0.00,0.00,0.00,0.00,0.01,0.00,0.00,0.00,
Right Percent:
0.00,0.00,0.00,0.00,0.00,0.00,0.00,0.00,0.00,0.00,0.00,0.00,0.00,0.00,0.00,0.00,0.00,0.00,0.00,0.00,0.00,0.00,0.00,0.00,0.00,0.00,0.00,0.00,0.00,0.01,0.02,0.08,0.14,0.27,0.33,0.26,0.33,0.36,0.36,0.37,0.38,0.38,0.38,0.38,0.37,0.35,0.29,0.09,0.03,0.01,0.00,0.00,0.00,0.00,0.00,0.00,0.00,0.00,0.01,0.20,0.01,0.00,0.00,
Left Percent:
0.00,0.00,0.00,0.00,0.00,0.00,0.00,0.00,0.00,0.00,0.00,0.00,0.00,0.00,0.00,0.00,0.00,0.00,0.00,0.00,0.00,0.00,0.00,0.00,0.00,0.00,0.00,0.02,0.08,0.12,0.15,0.19,0.21,0.23,0.24,0.24,0.27,0.27,0.28,0.28,0.27,0.28,0.28,0.28,0.27,0.26,0.25,0.24,0.21,0.16,0.12,0.16,0.29,0.33,0.47,0.56,0.46,0.07,0.06,0.18,0.08,0.31,0.61,
Right Percent:
0.00,0.00,0.00,0.00,0.00,0.00,0.00,0.00,0.00,0.00,0.00,0.00,0.00,0.01,0.02,0.03,0.04,0.06,0.07,0.10,0.12,0.16,0.18,0.23,0.26,0.29,0.33,0.39,0.42,0.45,0.48,0.50,0.53,0.54,0.55,0.58,0.58,0.59,0.59,0.59,0.58,0.58,0.58,0.57,0.56,0.55,0.54,0.53,0.52,0.49,0.45,0.39,0.31,0.10,0.00,0.00,0.00,0.00,0.00,0.00,0.00,0.00,0.00,
Left Percent:
0.00,0.00,0.00,0.00,0.00,0.00,0.00,0.00,0.00,0.00,0.00,0.00,0.00,0.01,0.02,0.02,0.03,0.04,0.05,0.06,0.07,0.08,0.10,0.13,0.15,0.18,0.20,0.24,0.28,0.31,0.34,0.38,0.40,0.42,0.43,0.45,0.44,0.45,0.45,0.45,0.44,0.44,0.44,0.44,0.43,0.43,0.42,0.42,0.42,0.43,0.43,0.46,0.49,0.48,0.48,0.48,0.43,0.35,0.26,0.27,0.11,0.22,0.37,
Right Percent:
0.00,0.00,0.00,0.00,0.00,0.00,0.00,0.00,0.00,0.00,0.00,0.00,0.00,0.00,0.00,0.00,0.00,0.00,0.00,0.00,0.00,0.00,0.00,0.00,0.00,0.00,0.00,0.00,0.00,0.00,0.00,0.00,0.00,0.00,0.00,0.00,0.00,0.00,0.00,0.00,0.00,0.00,0.00,0.00,0.00,0.00,0.00,0.00,0.00,0.00,0.00,0.00,0.00,0.00,0.00,0.00,0.00,0.00,0.00,0.00,0.00,0.00,0.00,
Left Percent:
0.00,0.00,0.00,0.00,0.00,0.00,0.00,0.00,0.00,0.00,0.00,0.00,0.00,0.00,0.00,0.00,0.00,0.01,0.02,0.05,0.10,0.22,0.28,0.31,0.33,0.35,0.36,0.38,0.38,0.39,0.41,0.42,0.42,0.43,0.44,0.46,0.47,0.47,0.47,0.47,0.47,0.47,0.47,0.46,0.46,0.46,0.45,0.46,0.46,0.47,0.50,0.59,0.62,0.64,0.69,0.72,0.73,0.72,0.73,0.75,0.71,0.70,0.74,
Right Percent:
0.00,0.00,0.00,0.00,0.00,0.00,0.00,0.00,0.00,0.00,0.00,0.00,0.00,0.00,0.00,0.00,0.00,0.00,0.00,0.01,0.01,0.02,0.03,0.05,0.07,0.09,0.12,0.15,0.18,0.20,0.22,0.24,0.25,0.27,0.28,0.31,0.32,0.34,0.32,0.33,0.33,0.33,0.32,0.32,0.30,0.29,0.28,0.27,0.25,0.23,0.21,0.16,0.14,0.00,0.00,0.00,0.00,0.02,0.05,0.09,0.08,0.24,0.05,
Left Percent:
0.00,0.00,0.00,0.00,0.00,0.00,0.00,0.00,0.00,0.00,0.00,0.00,0.03,0.04,0.05,0.06,0.07,0.08,0.10,0.12,0.14,0.16,0.18,0.20,0.22,0.25,0.28,0.31,0.34,0.37,0.39,0.40,0.41,0.42,0.42,0.43,0.43,0.43,0.44,0.43,0.43,0.43,0.43,0.42,0.42,0.42,0.42,0.41,0.42,0.43,0.45,0.48,0.49,0.45,0.47,0.49,0.49,0.47,0.46,0.46,0.40,0.47,0.50,
Right Percent:
0.00,0.00,0.00,0.00,0.00,0.00,0.01,0.00,0.00,0.00,0.01,0.06,0.00,0.00,0.00,0.00,0.01,0.02,0.04,0.05,0.09,0.13,0.15,0.21,0.25,0.28,0.31,0.34,0.36,0.38,0.41,0.42,0.44,0.46,0.48,0.49,0.49,0.50,0.51,0.51,0.51,0.51,0.50,0.50,0.49,0.48,0.47,0.46,0.44,0.43,0.40,0.38,0.34,0.14,0.15,0.11,0.00,0.00,0.00,0.00,0.01,0.13,0.02,
Left Percent:
0.00,0.00,0.00,0.00,0.00,0.00,0.00,0.00,0.00,0.00,0.00,0.00,0.00,0.00,0.00,0.00,0.00,0.01,0.02,0.04,0.07,0.09,0.13,0.17,0.22,0.25,0.28,0.30,0.32,0.34,0.36,0.37,0.38,0.39,0.40,0.40,0.41,0.41,0.41,0.41,0.41,0.41,0.40,0.40,0.40,0.40,0.40,0.40,0.40,0.42,0.44,0.49,0.51,0.49,0.54,0.57,0.58,0.56,0.54,0.55,0.48,0.50,0.57,
Right Percent:
0.00,0.00,0.00,0.00,0.00,0.00,0.00,0.00,0.00,0.00,0.00,0.00,0.00,0.00,0.00,0.00,0.00,0.01,0.02,0.02,0.04,0.07,0.09,0.13,0.16,0.20,0.24,0.27,0.30,0.33,0.36,0.37,0.39,0.40,0.42,0.42,0.43,0.43,0.44,0.44,0.44,0.44,0.44,0.43,0.43,0.42,0.41,0.40,0.39,0.37,0.35,0.31,0.25,0.07,0.02,0.01,0.00,0.01,0.08,0.04,0.02,0.08,0.01,
Left Percent:
0.00,0.00,0.00,0.00,0.00,0.00,0.00,0.00,0.00,0.00,0.00,0.00,0.00,0.00,0.00,0.00,0.00,0.00,0.00,0.00,0.00,0.00,0.00,0.00,0.00,0.00,0.00,0.00,0.01,0.06,0.17,0.24,0.29,0.32,0.36,0.44,0.40,0.40,0.39,0.38,0.37,0.37,0.36,0.35,0.33,0.31,0.30,0.30,0.29,0.23,0.10,0.02,0.04,0.20,0.09,0.05,0.02,0.03,0.06,0.14,0.01,0.00,0.01,
Right Percent:
0.00,0.00,0.00,0.00,0.00,0.00,0.00,0.00,0.00,0.00,0.00,0.00,0.00,0.00,0.00,0.00,0.00,0.00,0.00,0.00,0.00,0.00,0.00,0.00,0.00,0.02,0.05,0.12,0.19,0.27,0.33,0.36,0.39,0.41,0.43,0.45,0.44,0.45,0.45,0.45,0.45,0.45,0.44,0.44,0.43,0.41,0.40,0.39,0.36,0.32,0.22,0.09,0.00,0.00,0.00,0.00,0.00,0.00,0.00,0.00,0.00,0.00,0.00,
Left Percent:
0.00,0.00,0.00,0.00,0.00,0.00,0.00,0.00,0.00,0.00,0.00,0.01,0.02,0.05,0.09,0.11,0.15,0.18,0.21,0.24,0.26,0.29,0.31,0.33,0.35,0.36,0.37,0.39,0.41,0.42,0.44,0.46,0.47,0.49,0.50,0.50,0.53,0.51,0.51,0.51,0.51,0.50,0.50,0.50,0.50,0.49,0.49,0.49,0.50,0.52,0.55,0.58,0.60,0.57,0.60,0.61,0.61,0.61,0.62,0.63,0.60,0.60,0.64,
Right Percent:
0.00,0.00,0.00,0.00,0.00,0.00,0.00,0.00,0.00,0.00,0.00,0.00,0.01,0.02,0.06,0.13,0.24,0.33,0.39,0.46,0.48,0.50,0.49,0.50,0.47,0.43,0.39,0.37,0.35,0.33,0.33,0.33,0.33,0.33,0.34,0.34,0.36,0.34,0.35,0.35,0.34,0.34,0.34,0.34,0.33,0.33,0.32,0.31,0.31,0.30,0.29,0.30,0.25,0.11,0.13,0.00,0.32,0.80,0.86,0.85,0.88,0.94,0.84,
Left Percent:
0.00,0.00,0.00,0.00,0.00,0.00,0.00,0.00,0.00,0.00,0.00,0.00,0.00,0.00,0.00,0.00,0.00,0.01,0.01,0.04,0.05,0.06,0.09,0.12,0.16,0.21,0.25,0.28,0.29,0.30,0.31,0.32,0.33,0.33,0.34,0.33,0.34,0.34,0.34,0.34,0.33,0.33,0.33,0.33,0.33,0.32,0.32,0.33,0.34,0.36,0.39,0.44,0.46,0.45,0.47,0.50,0.52,0.51,0.49,0.49,0.45,0.48,0.51,
Right Percent:
0.00,0.00,0.00,0.00,0.00,0.00,0.00,0.00,0.00,0.00,0.00,0.00,0.00,0.00,0.00,0.00,0.00,0.00,0.00,0.00,0.00,0.00,0.01,0.01,0.03,0.05,0.10,0.20,0.28,0.33,0.38,0.43,0.46,0.48,0.52,0.50,0.51,0.52,0.52,0.53,0.52,0.52,0.52,0.51,0.51,0.47,0.45,0.45,0.43,0.40,0.39,0.37,0.34,0.07,0.01,0.00,0.00,0.00,0.00,0.00,0.00,0.00,0.00,
Left Percent:
0.00,0.00,0.00,0.00,0.00,0.00,0.00,0.00,0.00,0.00,0.00,0.00,0.00,0.00,0.00,0.00,0.00,0.00,0.00,0.00,0.00,0.00,0.00,0.00,0.00,0.00,0.00,0.00,0.00,0.00,0.03,0.07,0.11,0.16,0.19,0.28,0.26,0.27,0.27,0.27,0.27,0.26,0.26,0.25,0.25,0.25,0.23,0.20,0.16,0.09,0.02,0.01,0.04,0.22,0.10,0.04,0.01,0.00,0.00,0.01,0.00,0.00,0.01,
Right Percent:
0.00,0.00,0.00,0.00,0.00,0.00,0.00,0.00,0.00,0.00,0.00,0.00,0.00,0.00,0.00,0.00,0.00,0.00,0.00,0.00,0.00,0.00,0.00,0.00,0.00,0.00,0.00,0.00,0.00,0.00,0.01,0.01,0.02,0.04,0.04,0.02,0.04,0.06,0.07,0.08,0.09,0.10,0.11,0.12,0.12,0.11,0.08,0.02,0.01,0.01,0.01,0.01,0.00,0.00,0.00,0.00,0.00,0.00,0.00,0.00,0.00,0.00,0.00,
Left Percent:
0.00,0.00,0.00,0.00,0.00,0.00,0.00,0.00,0.00,0.00,0.00,0.00,0.01,0.02,0.05,0.07,0.09,0.11,0.13,0.16,0.19,0.23,0.26,0.31,0.34,0.36,0.38,0.40,0.43,0.45,0.47,0.50,0.52,0.54,0.55,0.56,0.56,0.57,0.57,0.57,0.57,0.56,0.55,0.53,0.53,0.52,0.52,0.53,0.54,0.55,0.57,0.60,0.61,0.59,0.62,0.62,0.62,0.60,0.60,0.61,0.55,0.56,0.62,
Right Percent:
0.00,0.00,0.00,0.00,0.00,0.00,0.00,0.00,0.00,0.00,0.00,0.00,0.00,0.00,0.00,0.00,0.00,0.00,0.00,0.00,0.00,0.01,0.03,0.13,0.25,0.32,0.36,0.37,0.36,0.36,0.37,0.38,0.39,0.40,0.41,0.41,0.38,0.41,0.41,0.41,0.42,0.42,0.41,0.40,0.39,0.39,0.38,0.36,0.35,0.34,0.36,0.36,0.26,0.00,0.00,0.00,0.00,0.01,0.67,0.78,0.72,0.44,0.00,
Left Percent:
0.00,0.00,0.00,0.00,0.00,0.00,0.00,0.00,0.00,0.00,0.00,0.01,0.01,0.02,0.02,0.03,0.04,0.05,0.05,0.06,0.08,0.10,0.12,0.14,0.18,0.21,0.25,0.28,0.30,0.33,0.35,0.37,0.39,0.40,0.40,0.42,0.42,0.43,0.43,0.42,0.42,0.42,0.41,0.41,0.41,0.41,0.40,0.40,0.39,0.40,0.42,0.46,0.47,0.44,0.45,0.46,0.44,0.40,0.35,0.35,0.25,0.32,0.39,
Right Percent:
0.00,0.00,0.00,0.00,0.00,0.00,0.00,0.00,0.00,0.00,0.00,0.00,0.00,0.00,0.00,0.00,0.00,0.01,0.02,0.03,0.05,0.08,0.12,0.16,0.20,0.23,0.26,0.29,0.31,0.34,0.35,0.36,0.37,0.38,0.40,0.40,0.39,0.41,0.41,0.41,0.41,0.41,0.40,0.40,0.39,0.38,0.37,0.36,0.36,0.35,0.34,0.32,0.24,0.00,0.00,0.00,0.00,0.00,0.20,0.47,0.01,0.04,0.00,
Left Percent:
0.00,0.00,0.00,0.00,0.00,0.00,0.00,0.00,0.00,0.00,0.00,0.00,0.00,0.00,0.00,0.01,0.01,0.02,0.02,0.03,0.04,0.06,0.08,0.11,0.14,0.18,0.21,0.25,0.31,0.37,0.40,0.43,0.46,0.48,0.50,0.52,0.53,0.53,0.53,0.53,0.53,0.52,0.51,0.51,0.50,0.49,0.48,0.47,0.47,0.47,0.44,0.46,0.49,0.51,0.50,0.48,0.42,0.32,0.26,0.28,0.10,0.10,0.30,
Right Percent:
0.00,0.00,0.00,0.00,0.00,0.00,0.00,0.00,0.00,0.00,0.00,0.00,0.00,0.00,0.00,0.00,0.00,0.00,0.00,0.00,0.00,0.00,0.00,0.00,0.00,0.00,0.01,0.04,0.18,0.25,0.28,0.29,0.30,0.31,0.32,0.37,0.30,0.31,0.32,0.32,0.32,0.32,0.32,0.31,0.31,0.30,0.29,0.28,0.27,0.26,0.20,0.05,0.00,0.00,0.00,0.00,0.00,0.09,0.72,0.81,0.67,0.00,0.00,
Left Percent:
0.00,0.00,0.00,0.00,0.00,0.00,0.00,0.00,0.00,0.00,0.00,0.00,0.00,0.00,0.02,0.03,0.05,0.07,0.09,0.12,0.15,0.17,0.19,0.22,0.26,0.28,0.32,0.35,0.39,0.41,0.44,0.47,0.48,0.49,0.50,0.50,0.51,0.51,0.51,0.51,0.51,0.51,0.50,0.50,0.50,0.49,0.49,0.49,0.49,0.50,0.51,0.55,0.57,0.54,0.56,0.56,0.55,0.51,0.48,0.49,0.38,0.45,0.52,
Right Percent:
0.00,0.00,0.00,0.00,0.00,0.00,0.00,0.00,0.00,0.00,0.00,0.00,0.00,0.00,0.00,0.00,0.00,0.00,0.00,0.00,0.00,0.00,0.00,0.00,0.01,0.02,0.04,0.08,0.17,0.29,0.43,0.50,0.51,0.52,0.52,0.45,0.48,0.50,0.50,0.50,0.51,0.51,0.51,0.50,0.51,0.51,0.51,0.52,0.51,0.46,0.45,0.53,0.45,0.07,0.08,0.01,0.00,0.00,0.00,0.00,0.00,0.00,0.00,
Left Percent:
0.00,0.00,0.00,0.00,0.00,0.00,0.00,0.00,0.00,0.00,0.00,0.00,0.00,0.00,0.00,0.00,0.00,0.00,0.00,0.00,0.00,0.00,0.00,0.00,0.00,0.00,0.00,0.00,0.00,0.00,0.00,0.00,0.00,0.00,0.00,0.00,0.00,0.00,0.00,0.00,0.00,0.00,0.00,0.00,0.00,0.00,0.00,0.00,0.00,0.00,0.00,0.00,0.00,0.00,0.00,0.00,0.00,0.00,0.00,0.00,0.00,0.00,0.00,
Right Percent:
0.00,0.00,0.00,0.00,0.00,0.00,0.00,0.00,0.00,0.00,0.00,0.00,0.00,0.00,0.00,0.00,0.00,0.00,0.00,0.01,0.01,0.02,0.03,0.04,0.06,0.09,0.15,0.23,0.30,0.36,0.39,0.42,0.45,0.49,0.50,0.50,0.51,0.51,0.51,0.51,0.51,0.51,0.51,0.50,0.50,0.49,0.48,0.44,0.41,0.39,0.35,0.24,0.03,0.00,0.00,0.00,0.00,0.00,0.00,0.00,0.00,0.00,0.00,
Left Percent:
0.00,0.00,0.00,0.00,0.00,0.00,0.00,0.00,0.00,0.00,0.00,0.00,0.00,0.00,0.00,0.00,0.00,0.00,0.00,0.00,0.00,0.00,0.00,0.00,0.00,0.00,0.00,0.00,0.00,0.00,0.02,0.06,0.08,0.11,0.11,0.21,0.16,0.14,0.14,0.14,0.14,0.14,0.14,0.14,0.13,0.10,0.08,0.06,0.10,0.14,0.06,0.01,0.14,0.42,0.40,0.40,0.36,0.43,0.56,0.64,0.35,0.14,0.45,
Right Percent:
0.00,0.00,0.00,0.00,0.00,0.00,0.00,0.00,0.00,0.00,0.00,0.00,0.00,0.00,0.00,0.00,0.00,0.00,0.00,0.00,0.00,0.01,0.01,0.01,0.02,0.02,0.04,0.05,0.10,0.22,0.32,0.38,0.42,0.45,0.48,0.42,0.48,0.48,0.49,0.49,0.50,0.50,0.50,0.50,0.49,0.48,0.45,0.43,0.40,0.32,0.19,0.10,0.03,0.00,0.00,0.00,0.00,0.00,0.00,0.00,0.00,0.00,0.00,
Left Percent:
0.00,0.00,0.00,0.00,0.00,0.00,0.00,0.00,0.00,0.00,0.00,0.00,0.00,0.00,0.00,0.00,0.00,0.00,0.00,0.00,0.00,0.02,0.05,0.09,0.12,0.14,0.16,0.19,0.22,0.24,0.27,0.28,0.29,0.31,0.32,0.32,0.34,0.34,0.34,0.34,0.34,0.33,0.33,0.33,0.33,0.33,0.32,0.32,0.32,0.32,0.33,0.37,0.40,0.41,0.48,0.56,0.59,0.57,0.50,0.50,0.33,0.60,0.61,
Right Percent:
0.00,0.00,0.00,0.00,0.00,0.00,0.00,0.00,0.00,0.00,0.00,0.00,0.00,0.00,0.00,0.01,0.01,0.02,0.03,0.05,0.07,0.10,0.14,0.18,0.22,0.27,0.30,0.34,0.36,0.39,0.41,0.44,0.46,0.48,0.50,0.51,0.52,0.52,0.53,0.53,0.52,0.52,0.52,0.51,0.51,0.50,0.49,0.47,0.45,0.43,0.40,0.37,0.32,0.14,0.07,0.01,0.00,0.00,0.00,0.00,0.01,0.01,0.00,
Left Percent:
0.00,0.00,0.00,0.00,0.00,0.00,0.00,0.00,0.00,0.00,0.00,0.00,0.00,0.00,0.00,0.00,0.00,0.00,0.02,0.03,0.04,0.09,0.12,0.16,0.22,0.27,0.31,0.35,0.40,0.43,0.47,0.49,0.51,0.52,0.53,0.58,0.54,0.55,0.54,0.54,0.53,0.53,0.52,0.52,0.51,0.51,0.51,0.51,0.52,0.54,0.54,0.55,0.58,0.57,0.59,0.59,0.57,0.56,0.56,0.58,0.46,0.44,0.55,
Right Percent:
0.00,0.00,0.00,0.00,0.00,0.00,0.00,0.00,0.00,0.00,0.00,0.00,0.00,0.00,0.00,0.00,0.00,0.00,0.00,0.00,0.00,0.00,0.01,0.02,0.04,0.08,0.14,0.28,0.38,0.42,0.46,0.48,0.50,0.51,0.52,0.57,0.50,0.52,0.52,0.52,0.53,0.53,0.53,0.52,0.52,0.51,0.51,0.51,0.50,0.49,0.45,0.39,0.25,0.01,0.00,0.00,0.00,0.00,0.00,0.00,0.00,0.00,0.00,
Left Percent:
0.00,0.00,0.01,0.01,0.01,0.00,0.00,0.00,0.00,0.00,0.03,0.03,0.03,0.03,0.04,0.04,0.05,0.05,0.06,0.08,0.08,0.10,0.11,0.13,0.14,0.16,0.18,0.21,0.23,0.25,0.27,0.29,0.30,0.32,0.33,0.32,0.34,0.34,0.33,0.33,0.33,0.32,0.31,0.31,0.31,0.31,0.31,0.31,0.32,0.33,0.36,0.40,0.41,0.39,0.41,0.42,0.41,0.40,0.38,0.38,0.34,0.43,0.43,
Right Percent:
0.00,0.00,0.00,0.00,0.00,0.00,0.00,0.00,0.00,0.00,0.00,0.00,0.00,0.00,0.00,0.00,0.00,0.00,0.01,0.02,0.03,0.06,0.10,0.15,0.22,0.27,0.33,0.37,0.41,0.45,0.47,0.49,0.51,0.53,0.54,0.53,0.55,0.55,0.55,0.55,0.55,0.55,0.54,0.54,0.53,0.52,0.52,0.51,0.50,0.49,0.49,0.48,0.44,0.25,0.23,0.06,0.00,0.00,0.00,0.00,0.00,0.02,0.00,
Left Percent:
0.00,0.00,0.00,0.00,0.00,0.00,0.00,0.00,0.00,0.00,0.00,0.02,0.04,0.08,0.11,0.14,0.18,0.21,0.24,0.27,0.30,0.33,0.36,0.39,0.42,0.44,0.46,0.49,0.53,0.55,0.56,0.58,0.60,0.61,0.62,0.63,0.62,0.64,0.64,0.63,0.63,0.63,0.62,0.61,0.61,0.61,0.61,0.60,0.60,0.60,0.61,0.62,0.62,0.61,0.61,0.60,0.58,0.55,0.54,0.56,0.51,0.53,0.57,
Right Percent:
0.00,0.00,0.00,0.00,0.00,0.00,0.00,0.00,0.00,0.00,0.00,0.00,0.00,0.00,0.00,0.01,0.01,0.03,0.05,0.08,0.09,0.14,0.19,0.24,0.28,0.31,0.35,0.38,0.41,0.43,0.45,0.47,0.49,0.50,0.52,0.53,0.53,0.54,0.54,0.54,0.54,0.54,0.54,0.53,0.52,0.51,0.50,0.49,0.48,0.47,0.45,0.42,0.37,0.16,0.05,0.00,0.00,0.00,0.00,0.00,0.01,0.15,0.00,
Left Percent:
0.00,0.00,0.00,0.00,0.00,0.00,0.00,0.00,0.00,0.00,0.00,0.00,0.01,0.02,0.04,0.06,0.07,0.09,0.10,0.13,0.18,0.20,0.23,0.25,0.29,0.32,0.35,0.38,0.43,0.48,0.51,0.53,0.55,0.56,0.58,0.58,0.59,0.60,0.60,0.60,0.59,0.59,0.59,0.58,0.57,0.57,0.57,0.56,0.56,0.55,0.55,0.56,0.57,0.57,0.57,0.57,0.54,0.50,0.47,0.49,0.33,0.36,0.49,
Right Percent:
0.00,0.00,0.00,0.00,0.00,0.00,0.00,0.00,0.00,0.00,0.00,0.00,0.00,0.00,0.00,0.00,0.00,0.00,0.00,0.00,0.00,0.01,0.03,0.06,0.13,0.22,0.29,0.33,0.37,0.38,0.39,0.39,0.40,0.41,0.43,0.42,0.41,0.43,0.43,0.43,0.43,0.43,0.43,0.42,0.42,0.41,0.41,0.40,0.39,0.39,0.39,0.35,0.10,0.00,0.00,0.00,0.00,0.00,0.00,0.02,0.00,0.01,0.00,
Left Percent:
0.00,0.00,0.00,0.00,0.00,0.00,0.00,0.00,0.00,0.00,0.00,0.00,0.00,0.01,0.03,0.05,0.06,0.09,0.13,0.15,0.19,0.23,0.26,0.29,0.32,0.35,0.36,0.39,0.41,0.43,0.45,0.47,0.50,0.52,0.53,0.54,0.54,0.54,0.55,0.55,0.55,0.54,0.52,0.52,0.52,0.51,0.52,0.51,0.51,0.51,0.52,0.56,0.57,0.54,0.56,0.56,0.54,0.51,0.49,0.49,0.44,0.52,0.53,
Right Percent:
0.00,0.00,0.00,0.00,0.00,0.00,0.00,0.00,0.00,0.00,0.00,0.00,0.00,0.00,0.01,0.01,0.02,0.04,0.06,0.08,0.11,0.15,0.20,0.23,0.28,0.32,0.34,0.38,0.40,0.43,0.46,0.48,0.51,0.53,0.54,0.55,0.56,0.57,0.57,0.57,0.57,0.57,0.55,0.55,0.54,0.53,0.53,0.52,0.50,0.48,0.46,0.43,0.40,0.27,0.21,0.05,0.00,0.00,0.00,0.00,0.00,0.07,0.00,
Left Percent:
0.00,0.00,0.00,0.00,0.00,0.00,0.00,0.00,0.00,0.00,0.00,0.00,0.00,0.00,0.00,0.00,0.00,0.00,0.00,0.00,0.00,0.01,0.03,0.05,0.09,0.18,0.25,0.31,0.37,0.41,0.44,0.47,0.49,0.50,0.52,0.54,0.54,0.54,0.53,0.53,0.53,0.52,0.52,0.52,0.51,0.51,0.50,0.49,0.49,0.48,0.47,0.42,0.44,0.45,0.41,0.39,0.34,0.28,0.34,0.41,0.19,0.05,0.21,
Right Percent:
0.00,0.00,0.00,0.00,0.00,0.00,0.00,0.00,0.00,0.00,0.00,0.00,0.00,0.00,0.00,0.00,0.00,0.00,0.00,0.00,0.01,0.02,0.05,0.07,0.10,0.17,0.24,0.29,0.36,0.41,0.45,0.49,0.51,0.53,0.54,0.55,0.56,0.57,0.57,0.57,0.56,0.56,0.56,0.56,0.55,0.54,0.52,0.52,0.50,0.47,0.42,0.34,0.16,0.00,0.00,0.00,0.00,0.00,0.00,0.00,0.00,0.00,0.00,
Left Percent:
0.00,0.00,0.00,0.00,0.00,0.00,0.00,0.00,0.00,0.00,0.00,0.00,0.01,0.02,0.04,0.06,0.08,0.10,0.12,0.15,0.17,0.21,0.24,0.29,0.33,0.36,0.39,0.44,0.47,0.50,0.52,0.53,0.55,0.56,0.57,0.60,0.59,0.59,0.59,0.59,0.59,0.59,0.58,0.58,0.57,0.57,0.57,0.56,0.56,0.56,0.57,0.57,0.59,0.57,0.58,0.57,0.55,0.51,0.50,0.51,0.44,0.45,0.52,
Right Percent:
0.00,0.00,0.00,0.00,0.00,0.00,0.00,0.00,0.00,0.00,0.00,0.00,0.00,0.00,0.00,0.00,0.00,0.01,0.01,0.03,0.04,0.08,0.12,0.17,0.24,0.30,0.37,0.43,0.47,0.50,0.53,0.56,0.57,0.58,0.59,0.59,0.60,0.61,0.61,0.61,0.61,0.61,0.60,0.60,0.59,0.58,0.58,0.58,0.57,0.55,0.53,0.50,0.46,0.29,0.21,0.04,0.00,0.00,0.00,0.00,0.00,0.01,0.00,
Left Percent:
0.00,0.00,0.00,0.00,0.00,0.00,0.00,0.00,0.00,0.00,0.00,0.00,0.00,0.01,0.04,0.06,0.07,0.10,0.12,0.14,0.16,0.19,0.24,0.27,0.29,0.31,0.35,0.37,0.39,0.41,0.43,0.45,0.47,0.49,0.50,0.53,0.51,0.53,0.53,0.52,0.52,0.51,0.51,0.50,0.49,0.47,0.48,0.48,0.48,0.49,0.51,0.54,0.55,0.53,0.55,0.55,0.54,0.51,0.49,0.49,0.45,0.52,0.54,
Right Percent:
0.00,0.00,0.00,0.00,0.00,0.00,0.00,0.00,0.00,0.00,0.00,0.00,0.00,0.00,0.00,0.00,0.00,0.02,0.02,0.04,0.06,0.11,0.17,0.22,0.29,0.33,0.38,0.42,0.46,0.48,0.51,0.53,0.55,0.55,0.57,0.56,0.57,0.59,0.58,0.58,0.59,0.59,0.58,0.57,0.56,0.55,0.55,0.55,0.54,0.53,0.53,0.50,0.46,0.31,0.26,0.09,0.00,0.00,0.00,0.00,0.00,0.05,0.00,
Left Percent:
0.00,0.00,0.00,0.00,0.00,0.00,0.00,0.00,0.00,0.00,0.00,0.00,0.00,0.01,0.02,0.04,0.05,0.07,0.08,0.10,0.11,0.13,0.16,0.19,0.22,0.26,0.30,0.34,0.38,0.41,0.43,0.45,0.47,0.49,0.49,0.52,0.51,0.52,0.52,0.52,0.51,0.51,0.51,0.51,0.50,0.49,0.49,0.48,0.47,0.47,0.48,0.50,0.51,0.50,0.50,0.49,0.44,0.38,0.32,0.33,0.19,0.30,0.39,
Right Percent:
0.00,0.00,0.00,0.00,0.00,0.00,0.00,0.00,0.00,0.00,0.00,0.00,0.00,0.00,0.00,0.00,0.00,0.00,0.00,0.00,0.00,0.00,0.01,0.04,0.07,0.12,0.19,0.28,0.36,0.39,0.42,0.45,0.47,0.48,0.50,0.51,0.52,0.52,0.52,0.53,0.52,0.52,0.52,0.52,0.50,0.49,0.49,0.47,0.45,0.43,0.42,0.40,0.34,0.06,0.00,0.00,0.00,0.00,0.00,0.00,0.00,0.00,0.00,
Left Percent:
0.00,0.00,0.00,0.00,0.00,0.00,0.00,0.00,0.00,0.00,0.00,0.00,0.01,0.01,0.02,0.03,0.05,0.07,0.09,0.11,0.14,0.18,0.22,0.26,0.31,0.33,0.37,0.42,0.45,0.48,0.51,0.53,0.55,0.56,0.57,0.60,0.58,0.59,0.59,0.58,0.58,0.58,0.58,0.57,0.57,0.57,0.56,0.56,0.56,0.56,0.55,0.56,0.57,0.56,0.55,0.54,0.50,0.45,0.42,0.44,0.32,0.35,0.45,
Right Percent:
0.00,0.00,0.00,0.00,0.00,0.00,0.00,0.00,0.00,0.00,0.00,0.00,0.00,0.00,0.00,0.00,0.00,0.00,0.01,0.01,0.02,0.05,0.09,0.14,0.20,0.26,0.33,0.39,0.43,0.46,0.49,0.51,0.53,0.54,0.56,0.61,0.57,0.57,0.57,0.57,0.57,0.57,0.57,0.56,0.56,0.55,0.55,0.53,0.52,0.51,0.48,0.44,0.37,0.10,0.01,0.00,0.00,0.00,0.00,0.00,0.00,0.00,0.00,
Left Percent:
0.00,0.00,0.00,0.00,0.00,0.00,0.00,0.00,0.00,0.00,0.00,0.00,0.00,0.01,0.02,0.03,0.04,0.05,0.06,0.08,0.09,0.11,0.13,0.16,0.19,0.22,0.25,0.27,0.30,0.32,0.34,0.35,0.36,0.37,0.38,0.40,0.40,0.40,0.40,0.39,0.39,0.39,0.38,0.38,0.38,0.37,0.37,0.37,0.38,0.39,0.41,0.45,0.46,0.45,0.46,0.48,0.47,0.46,0.43,0.43,0.40,0.48,0.50,
Right Percent:
0.00,0.00,0.00,0.00,0.00,0.00,0.00,0.00,0.00,0.00,0.00,0.00,0.00,0.00,0.00,0.01,0.02,0.02,0.04,0.06,0.08,0.13,0.18,0.24,0.27,0.31,0.34,0.38,0.41,0.43,0.45,0.47,0.49,0.51,0.51,0.51,0.53,0.54,0.54,0.52,0.53,0.53,0.53,0.52,0.51,0.50,0.50,0.49,0.48,0.47,0.46,0.44,0.38,0.19,0.23,0.11,0.01,0.00,0.00,0.00,0.00,0.25,0.05,
Left Percent:
0.00,0.00,0.00,0.00,0.00,0.00,0.00,0.00,0.00,0.00,0.00,0.02,0.03,0.06,0.08,0.11,0.13,0.15,0.18,0.20,0.23,0.26,0.30,0.33,0.36,0.38,0.40,0.43,0.46,0.49,0.52,0.53,0.55,0.56,0.57,0.59,0.58,0.58,0.58,0.58,0.58,0.58,0.57,0.57,0.57,0.56,0.56,0.56,0.56,0.57,0.57,0.59,0.60,0.59,0.61,0.60,0.58,0.56,0.54,0.55,0.51,0.53,0.57,
Right Percent:
0.00,0.00,0.00,0.00,0.00,0.00,0.00,0.00,0.00,0.00,0.00,0.00,0.00,0.00,0.00,0.00,0.00,0.00,0.00,0.00,0.00,0.01,0.02,0.04,0.06,0.12,0.20,0.28,0.37,0.46,0.52,0.53,0.55,0.56,0.56,0.52,0.54,0.56,0.56,0.57,0.57,0.57,0.57,0.56,0.56,0.56,0.56,0.56,0.55,0.54,0.52,0.54,0.47,0.16,0.20,0.04,0.00,0.00,0.00,0.00,0.00,0.01,0.00,
Left Percent:
0.00,0.00,0.00,0.00,0.00,0.00,0.00,0.00,0.00,0.00,0.00,0.00,0.00,0.00,0.00,0.00,0.00,0.01,0.03,0.06,0.08,0.11,0.15,0.20,0.25,0.29,0.33,0.37,0.41,0.43,0.45,0.47,0.49,0.50,0.51,0.54,0.52,0.52,0.52,0.52,0.52,0.51,0.51,0.51,0.50,0.50,0.50,0.50,0.50,0.50,0.52,0.54,0.56,0.54,0.56,0.55,0.52,0.48,0.44,0.46,0.41,0.45,0.50,
Right Percent:
0.00,0.00,0.00,0.00,0.00,0.00,0.00,0.00,0.00,0.00,0.00,0.00,0.00,0.00,0.00,0.00,0.00,0.01,0.02,0.04,0.06,0.09,0.13,0.19,0.24,0.29,0.35,0.41,0.47,0.49,0.52,0.53,0.55,0.57,0.58,0.59,0.59,0.60,0.60,0.59,0.59,0.59,0.59,0.59,0.58,0.57,0.57,0.56,0.55,0.53,0.51,0.49,0.44,0.28,0.17,0.02,0.00,0.00,0.00,0.00,0.00,0.00,0.00,
Left Percent:
0.00,0.00,0.00,0.00,0.00,0.00,0.00,0.00,0.00,0.00,0.00,0.00,0.00,0.01,0.03,0.04,0.07,0.09,0.11,0.14,0.17,0.19,0.22,0.25,0.27,0.28,0.30,0.30,0.31,0.32,0.33,0.33,0.34,0.34,0.34,0.35,0.35,0.35,0.35,0.35,0.35,0.35,0.34,0.33,0.33,0.33,0.33,0.34,0.35,0.38,0.41,0.45,0.49,0.50,0.51,0.55,0.59,0.60,0.60,0.60,0.59,0.63,0.62,
Right Percent:
0.00,0.00,0.00,0.00,0.00,0.00,0.00,0.00,0.00,0.00,0.00,0.00,0.00,0.00,0.00,0.00,0.00,0.00,0.00,0.00,0.00,0.00,0.00,0.01,0.01,0.03,0.06,0.11,0.18,0.24,0.28,0.34,0.38,0.42,0.44,0.46,0.47,0.48,0.48,0.47,0.48,0.47,0.47,0.44,0.43,0.42,0.41,0.39,0.36,0.28,0.28,0.28,0.22,0.03,0.01,0.00,0.00,0.00,0.00,0.00,0.00,0.00,0.00,
Left Percent:
0.00,0.00,0.00,0.00,0.00,0.00,0.00,0.01,0.00,0.00,0.01,0.02,0.02,0.03,0.04,0.04,0.05,0.06,0.06,0.08,0.08,0.09,0.10,0.11,0.13,0.14,0.15,0.17,0.20,0.22,0.26,0.28,0.30,0.32,0.33,0.34,0.34,0.35,0.35,0.35,0.35,0.34,0.34,0.33,0.33,0.32,0.30,0.30,0.30,0.31,0.33,0.36,0.37,0.35,0.35,0.36,0.33,0.26,0.17,0.15,0.09,0.23,0.28,
Right Percent:
0.00,0.00,0.00,0.00,0.00,0.00,0.00,0.00,0.00,0.00,0.00,0.00,0.00,0.00,0.00,0.00,0.01,0.02,0.02,0.05,0.07,0.10,0.13,0.17,0.22,0.27,0.33,0.36,0.40,0.44,0.48,0.50,0.51,0.53,0.54,0.55,0.55,0.56,0.56,0.56,0.56,0.56,0.55,0.55,0.54,0.53,0.52,0.51,0.50,0.48,0.47,0.45,0.42,0.24,0.09,0.01,0.00,0.00,0.00,0.00,0.00,0.00,0.00,
Left Percent:
0.00,0.00,0.00,0.00,0.00,0.00,0.00,0.00,0.00,0.00,0.00,0.01,0.01,0.02,0.04,0.05,0.06,0.07,0.08,0.10,0.11,0.13,0.15,0.19,0.21,0.23,0.25,0.27,0.30,0.33,0.35,0.37,0.38,0.39,0.40,0.43,0.40,0.41,0.41,0.41,0.41,0.40,0.40,0.40,0.39,0.39,0.39,0.39,0.39,0.40,0.43,0.47,0.48,0.45,0.48,0.49,0.49,0.49,0.48,0.48,0.43,0.49,0.51,
Right Percent:
0.00,0.00,0.00,0.00,0.00,0.00,0.00,0.00,0.00,0.00,0.00,0.00,0.00,0.00,0.00,0.01,0.01,0.02,0.03,0.05,0.09,0.15,0.20,0.31,0.37,0.39,0.42,0.44,0.46,0.47,0.47,0.47,0.47,0.48,0.48,0.51,0.48,0.48,0.48,0.48,0.48,0.48,0.48,0.48,0.47,0.47,0.47,0.47,0.46,0.48,0.47,0.46,0.39,0.06,0.17,0.06,0.00,0.00,0.00,0.00,0.00,0.26,0.06,
Left Percent:
0.00,0.00,0.00,0.00,0.00,0.00,0.00,0.00,0.00,0.00,0.00,0.01,0.01,0.03,0.06,0.09,0.11,0.13,0.15,0.18,0.21,0.24,0.27,0.30,0.33,0.35,0.38,0.40,0.42,0.43,0.46,0.48,0.50,0.52,0.53,0.54,0.54,0.55,0.55,0.54,0.54,0.54,0.53,0.53,0.52,0.52,0.52,0.52,0.51,0.52,0.54,0.57,0.58,0.55,0.58,0.58,0.57,0.54,0.51,0.51,0.48,0.54,0.58,
Right Percent:
0.00,0.00,0.00,0.00,0.00,0.00,0.00,0.00,0.00,0.00,0.00,0.00,0.00,0.00,0.01,0.01,0.02,0.04,0.07,0.10,0.14,0.17,0.22,0.28,0.31,0.34,0.37,0.39,0.41,0.44,0.45,0.47,0.49,0.51,0.52,0.52,0.53,0.54,0.55,0.54,0.54,0.54,0.54,0.53,0.52,0.51,0.51,0.50,0.49,0.48,0.47,0.44,0.39,0.25,0.26,0.12,0.01,0.01,0.00,0.00,0.02,0.32,0.06,
Left Percent:
0.00,0.00,0.00,0.00,0.00,0.00,0.00,0.00,0.00,0.00,0.01,0.03,0.05,0.07,0.09,0.11,0.13,0.16,0.17,0.20,0.22,0.25,0.27,0.30,0.33,0.36,0.38,0.41,0.45,0.47,0.50,0.53,0.56,0.57,0.58,0.59,0.61,0.61,0.61,0.61,0.61,0.60,0.59,0.59,0.59,0.59,0.57,0.56,0.56,0.56,0.57,0.59,0.60,0.60,0.61,0.60,0.57,0.54,0.52,0.53,0.44,0.50,0.54,
Right Percent:
0.00,0.00,0.00,0.00,0.00,0.00,0.00,0.00,0.00,0.00,0.00,0.00,0.00,0.00,0.00,0.00,0.00,0.00,0.00,0.00,0.00,0.00,0.00,0.00,0.03,0.13,0.18,0.24,0.27,0.29,0.31,0.33,0.34,0.35,0.35,0.35,0.34,0.34,0.35,0.35,0.35,0.35,0.35,0.35,0.35,0.35,0.34,0.33,0.31,0.30,0.29,0.26,0.04,0.00,0.00,0.00,0.00,0.52,0.81,0.83,0.84,0.85,0.58,
Left Percent:
0.00,0.00,0.00,0.00,0.00,0.00,0.00,0.00,0.00,0.00,0.00,0.01,0.02,0.05,0.07,0.10,0.12,0.15,0.17,0.21,0.23,0.26,0.29,0.32,0.35,0.37,0.39,0.41,0.43,0.45,0.47,0.49,0.51,0.52,0.54,0.56,0.54,0.55,0.56,0.55,0.55,0.54,0.54,0.54,0.54,0.51,0.51,0.51,0.51,0.52,0.53,0.56,0.57,0.55,0.56,0.56,0.54,0.50,0.48,0.48,0.43,0.46,0.52,
Right Percent:
0.00,0.00,0.00,0.00,0.00,0.00,0.00,0.00,0.00,0.00,0.00,0.00,0.00,0.00,0.00,0.00,0.00,0.01,0.03,0.05,0.07,0.12,0.18,0.24,0.28,0.33,0.38,0.41,0.45,0.47,0.49,0.52,0.54,0.56,0.57,0.61,0.57,0.58,0.58,0.58,0.58,0.58,0.58,0.57,0.57,0.56,0.55,0.55,0.53,0.52,0.51,0.49,0.45,0.27,0.22,0.04,0.00,0.00,0.00,0.00,0.00,0.08,0.00,
Left Percent:
0.00,0.00,0.00,0.00,0.00,0.00,0.00,0.00,0.00,0.00,0.00,0.00,0.01,0.02,0.05,0.07,0.09,0.11,0.13,0.16,0.19,0.23,0.27,0.30,0.33,0.35,0.39,0.43,0.45,0.48,0.49,0.52,0.53,0.55,0.55,0.58,0.56,0.57,0.56,0.56,0.56,0.56,0.55,0.55,0.55,0.54,0.54,0.54,0.54,0.55,0.55,0.57,0.58,0.56,0.57,0.56,0.54,0.50,0.48,0.49,0.42,0.46,0.52,
Right Percent:
0.00,0.00,0.00,0.00,0.00,0.00,0.00,0.00,0.00,0.00,0.00,0.00,0.00,0.00,0.00,0.00,0.00,0.01,0.01,0.04,0.06,0.10,0.14,0.19,0.25,0.30,0.36,0.42,0.45,0.49,0.52,0.53,0.55,0.56,0.57,0.58,0.58,0.59,0.59,0.59,0.59,0.59,0.58,0.58,0.57,0.57,0.56,0.56,0.55,0.54,0.51,0.49,0.45,0.31,0.22,0.05,0.00,0.00,0.00,0.00,0.00,0.01,0.00,
Left Percent:
0.00,0.00,0.00,0.00,0.00,0.00,0.00,0.00,0.00,0.00,0.00,0.00,0.01,0.02,0.04,0.06,0.08,0.10,0.13,0.16,0.19,0.21,0.24,0.27,0.31,0.34,0.37,0.39,0.41,0.44,0.47,0.49,0.51,0.52,0.54,0.55,0.54,0.55,0.55,0.55,0.55,0.55,0.54,0.53,0.53,0.53,0.52,0.50,0.51,0.51,0.52,0.55,0.56,0.54,0.54,0.54,0.52,0.47,0.44,0.45,0.37,0.44,0.50,
Right Percent:
0.00,0.00,0.00,0.00,0.00,0.00,0.00,0.00,0.00,0.00,0.00,0.00,0.00,0.00,0.00,0.01,0.02,0.03,0.05,0.08,0.11,0.15,0.21,0.26,0.30,0.34,0.38,0.42,0.46,0.50,0.52,0.54,0.56,0.57,0.58,0.59,0.59,0.60,0.60,0.60,0.60,0.60,0.59,0.59,0.59,0.58,0.57,0.55,0.55,0.54,0.53,0.51,0.48,0.36,0.28,0.08,0.00,0.00,0.00,0.00,0.00,0.00,0.00,
Left Percent:
0.00,0.00,0.00,0.00,0.00,0.00,0.00,0.00,0.00,0.00,0.00,0.00,0.00,0.00,0.00,0.01,0.01,0.04,0.05,0.07,0.08,0.11,0.15,0.19,0.22,0.25,0.29,0.33,0.38,0.39,0.41,0.43,0.45,0.47,0.47,0.49,0.49,0.49,0.50,0.49,0.49,0.49,0.49,0.48,0.47,0.47,0.47,0.46,0.45,0.46,0.48,0.50,0.51,0.50,0.50,0.49,0.47,0.40,0.34,0.35,0.30,0.38,0.44,
Right Percent:
0.00,0.00,0.00,0.00,0.00,0.00,0.00,0.00,0.00,0.00,0.00,0.00,0.00,0.00,0.00,0.00,0.00,0.00,0.01,0.02,0.03,0.06,0.09,0.13,0.18,0.23,0.28,0.33,0.41,0.44,0.47,0.49,0.51,0.53,0.54,0.55,0.56,0.56,0.56,0.56,0.56,0.56,0.56,0.55,0.54,0.53,0.53,0.52,0.50,0.48,0.47,0.45,0.42,0.28,0.15,0.00,0.00,0.00,0.00,0.00,0.00,0.00,0.00,
Left Percent:
0.00,0.00,0.00,0.00,0.00,0.00,0.00,0.00,0.00,0.00,0.00,0.00,0.01,0.03,0.07,0.09,0.12,0.15,0.17,0.20,0.23,0.26,0.28,0.32,0.35,0.37,0.39,0.41,0.44,0.46,0.48,0.50,0.52,0.53,0.55,0.56,0.55,0.56,0.56,0.55,0.55,0.55,0.55,0.55,0.54,0.52,0.52,0.52,0.53,0.53,0.54,0.56,0.57,0.55,0.56,0.56,0.54,0.52,0.49,0.49,0.45,0.50,0.54,
Right Percent:
0.00,0.00,0.00,0.00,0.00,0.00,0.00,0.00,0.00,0.00,0.00,0.00,0.00,0.00,0.00,0.01,0.01,0.03,0.06,0.09,0.12,0.17,0.20,0.26,0.32,0.35,0.39,0.42,0.46,0.48,0.50,0.52,0.54,0.55,0.57,0.60,0.57,0.58,0.58,0.58,0.58,0.58,0.58,0.57,0.57,0.55,0.54,0.54,0.53,0.52,0.51,0.49,0.45,0.32,0.25,0.08,0.00,0.00,0.00,0.00,0.00,0.11,0.01,
Left Percent:
0.00,0.01,0.01,0.01,0.01,0.01,0.02,0.01,0.01,0.01,0.02,0.04,0.03,0.04,0.05,0.06,0.06,0.06,0.07,0.08,0.08,0.09,0.10,0.12,0.13,0.14,0.16,0.16,0.18,0.19,0.21,0.22,0.23,0.24,0.26,0.27,0.26,0.27,0.27,0.27,0.26,0.25,0.25,0.25,0.25,0.25,0.25,0.24,0.24,0.24,0.26,0.30,0.30,0.28,0.27,0.27,0.26,0.23,0.16,0.14,0.08,0.12,0.19,
Right Percent:
0.00,0.00,0.00,0.00,0.00,0.00,0.00,0.00,0.00,0.00,0.00,0.00,0.00,0.00,0.00,0.00,0.00,0.01,0.01,0.03,0.05,0.08,0.11,0.16,0.20,0.25,0.29,0.33,0.36,0.38,0.40,0.43,0.45,0.46,0.48,0.49,0.49,0.50,0.50,0.50,0.50,0.49,0.48,0.48,0.47,0.47,0.46,0.45,0.43,0.41,0.39,0.37,0.29,0.09,0.00,0.00,0.00,0.00,0.00,0.00,0.00,0.00,0.00,
Left Percent:
0.00,0.00,0.00,0.00,0.00,0.00,0.00,0.00,0.00,0.01,0.02,0.06,0.06,0.08,0.10,0.13,0.14,0.16,0.17,0.19,0.20,0.22,0.24,0.25,0.27,0.29,0.30,0.31,0.32,0.34,0.35,0.36,0.37,0.37,0.37,0.36,0.37,0.37,0.37,0.37,0.36,0.36,0.36,0.36,0.36,0.36,0.36,0.36,0.38,0.40,0.42,0.46,0.48,0.47,0.49,0.52,0.52,0.50,0.45,0.45,0.41,0.49,0.54,
Right Percent:
0.00,0.00,0.00,0.00,0.00,0.00,0.00,0.00,0.00,0.00,0.00,0.00,0.00,0.00,0.00,0.00,0.00,0.00,0.00,0.00,0.00,0.00,0.00,0.00,0.00,0.00,0.00,0.00,0.00,0.00,0.00,0.00,0.00,0.00,0.00,0.00,0.00,0.00,0.00,0.00,0.00,0.00,0.00,0.00,0.00,0.00,0.00,0.00,0.00,0.00,0.00,0.00,0.00,0.00,0.00,0.00,0.00,0.00,0.01,0.03,0.02,0.02,0.00,
Left Percent:
0.00,0.00,0.00,0.00,0.00,0.00,0.00,0.00,0.00,0.00,0.00,0.00,0.00,0.00,0.00,0.00,0.00,0.00,0.00,0.00,0.00,0.00,0.00,0.00,0.00,0.00,0.00,0.00,0.00,0.00,0.00,0.00,0.00,0.00,0.00,0.00,0.00,0.00,0.00,0.00,0.00,0.00,0.00,0.00,0.00,0.00,0.00,0.00,0.00,0.00,0.00,0.00,0.00,0.00,0.00,0.00,0.00,0.00,0.00,0.00,0.00,0.00,0.00,
Right Percent:
0.00,0.00,0.00,0.00,0.00,0.00,0.00,0.00,0.00,0.00,0.00,0.00,0.00,0.00,0.01,0.04,0.06,0.11,0.15,0.21,0.26,0.30,0.33,0.36,0.39,0.41,0.43,0.43,0.44,0.43,0.43,0.42,0.42,0.42,0.42,0.40,0.36,0.40,0.40,0.40,0.40,0.40,0.40,0.40,0.40,0.40,0.40,0.40,0.41,0.41,0.42,0.37,0.02,0.00,0.00,0.00,0.00,0.36,0.79,0.85,0.66,0.51,0.02,
Left Percent:
0.00,0.00,0.00,0.00,0.00,0.00,0.00,0.00,0.00,0.00,0.01,0.02,0.02,0.03,0.03,0.04,0.06,0.07,0.09,0.11,0.13,0.14,0.17,0.20,0.22,0.25,0.28,0.31,0.35,0.37,0.38,0.41,0.42,0.44,0.46,0.47,0.46,0.47,0.47,0.47,0.46,0.45,0.44,0.44,0.44,0.43,0.43,0.43,0.43,0.43,0.45,0.48,0.49,0.46,0.47,0.48,0.46,0.44,0.42,0.42,0.37,0.47,0.47,
Right Percent:
0.00,0.00,0.00,0.00,0.00,0.00,0.00,0.00,0.00,0.00,0.00,0.00,0.00,0.00,0.00,0.00,0.00,0.01,0.02,0.04,0.06,0.09,0.14,0.21,0.26,0.30,0.35,0.40,0.43,0.45,0.47,0.49,0.51,0.53,0.55,0.55,0.56,0.56,0.57,0.57,0.56,0.55,0.55,0.55,0.54,0.53,0.52,0.52,0.51,0.50,0.49,0.47,0.43,0.25,0.21,0.04,0.00,0.00,0.00,0.00,0.00,0.00,0.00,
