Left Percent:
0.00,0.00,0.03,0.01,0.01,0.02,0.02,0.03,0.03,0.04,0.10,0.18,0.21,0.26,0.28,0.30,0.32,0.33,0.34,0.35,0.36,0.37,0.37,0.38,0.38,0.37,0.37,0.37,0.36,0.36,0.36,0.36,0.36,0.37,0.38,0.38,0.40,0.38,0.39,0.38,0.38,0.38,0.38,0.38,0.37,0.37,0.38,0.38,0.39,0.41,0.43,0.47,0.49,0.47,0.55,0.62,0.65,0.67,0.68,0.69,0.67,0.66,0.67,
Right Percent:
0.00,0.00,0.00,0.00,0.00,0.00,0.00,0.00,0.00,0.01,0.04,0.12,0.20,0.38,0.42,0.47,0.50,0.53,0.54,0.54,0.53,0.52,0.52,0.51,0.50,0.49,0.47,0.45,0.43,0.41,0.41,0.40,0.40,0.41,0.41,0.41,0.41,0.41,0.41,0.41,0.41,0.41,0.41,0.40,0.40,0.40,0.39,0.38,0.37,0.37,0.36,0.36,0.33,0.25,0.27,0.46,0.59,0.83,0.89,0.88,0.85,0.89,0.87,
Left Percent:
0.00,0.00,0.03,0.02,0.01,0.02,0.03,0.03,0.04,0.05,0.12,0.19,0.20,0.26,0.27,0.29,0.31,0.32,0.33,0.34,0.35,0.36,0.37,0.37,0.37,0.37,0.37,0.36,0.36,0.36,0.36,0.37,0.37,0.38,0.39,0.39,0.41,0.39,0.39,0.39,0.38,0.38,0.38,0.38,0.38,0.38,0.38,0.39,0.39,0.42,0.45,0.48,0.49,0.48,0.57,0.62,0.65,0.67,0.68,0.69,0.67,0.66,0.67,
Right Percent:
0.00,0.00,0.01,0.00,0.00,0.00,0.01,0.01,0.01,0.01,0.05,0.14,0.20,0.37,0.42,0.48,0.51,0.55,0.55,0.56,0.54,0.53,0.53,0.52,0.52,0.50,0.48,0.46,0.42,0.40,0.39,0.38,0.38,0.38,0.39,0.39,0.40,0.39,0.39,0.39,0.39,0.39,0.39,0.39,0.38,0.38,0.37,0.37,0.35,0.35,0.34,0.34,0.32,0.25,0.30,0.47,0.65,0.87,0.90,0.89,0.91,0.93,0.90,
Left Percent:
0.00,0.00,0.00,0.00,0.00,0.00,0.00,0.00,0.00,0.00,0.00,0.00,0.00,0.00,0.00,0.00,0.00,0.00,0.00,0.00,0.00,0.00,0.01,0.02,0.04,0.08,0.14,0.20,0.27,0.32,0.37,0.40,0.43,0.45,0.47,0.49,0.49,0.49,0.50,0.50,0.49,0.49,0.49,0.49,0.49,0.47,0.45,0.44,0.44,0.42,0.39,0.30,0.32,0.36,0.30,0.22,0.07,0.02,0.02,0.03,0.00,0.00,0.01,
Right Percent:
0.00,0.00,0.00,0.00,0.00,0.00,0.00,0.00,0.00,0.00,0.00,0.00,0.00,0.00,0.00,0.00,0.00,0.00,0.00,0.00,0.00,0.00,0.00,0.01,0.03,0.05,0.12,0.17,0.24,0.31,0.37,0.41,0.44,0.47,0.50,0.51,0.51,0.52,0.52,0.52,0.52,0.52,0.52,0.52,0.51,0.49,0.47,0.46,0.43,0.40,0.34,0.24,0.06,0.00,0.00,0.00,0.00,0.00,0.00,0.00,0.00,0.00,0.00,
Left Percent:
0.00,0.00,0.00,0.00,0.00,0.00,0.00,0.00,0.00,0.00,0.00,0.00,0.00,0.00,0.00,0.00,0.00,0.00,0.00,0.00,0.00,0.01,0.03,0.05,0.10,0.15,0.20,0.24,0.29,0.33,0.36,0.39,0.42,0.44,0.45,0.47,0.51,0.49,0.49,0.48,0.48,0.47,0.47,0.47,0.46,0.44,0.44,0.43,0.43,0.44,0.46,0.48,0.49,0.48,0.48,0.48,0.43,0.34,0.30,0.34,0.09,0.07,0.33,
Right Percent:
0.00,0.00,0.00,0.00,0.00,0.00,0.00,0.00,0.00,0.00,0.00,0.00,0.00,0.00,0.00,0.00,0.00,0.00,0.00,0.01,0.02,0.03,0.06,0.08,0.12,0.15,0.20,0.25,0.29,0.32,0.34,0.38,0.40,0.42,0.43,0.44,0.50,0.46,0.46,0.46,0.46,0.46,0.46,0.45,0.44,0.43,0.42,0.40,0.38,0.35,0.32,0.25,0.13,0.00,0.00,0.00,0.00,0.00,0.00,0.00,0.00,0.00,0.00,
Left Percent:
0.00,0.00,0.00,0.00,0.00,0.00,0.00,0.00,0.00,0.00,0.00,0.00,0.00,0.00,0.00,0.00,0.00,0.00,0.00,0.00,0.00,0.00,0.00,0.02,0.04,0.08,0.18,0.25,0.33,0.37,0.42,0.46,0.48,0.50,0.52,0.54,0.53,0.54,0.53,0.53,0.52,0.52,0.52,0.51,0.49,0.48,0.49,0.49,0.50,0.48,0.46,0.42,0.46,0.47,0.46,0.45,0.42,0.41,0.47,0.52,0.37,0.26,0.39,
Right Percent:
0.00,0.00,0.00,0.00,0.00,0.00,0.00,0.00,0.00,0.00,0.00,0.00,0.00,0.00,0.00,0.00,0.00,0.00,0.00,0.01,0.02,0.03,0.06,0.11,0.15,0.21,0.30,0.34,0.39,0.43,0.46,0.48,0.50,0.51,0.53,0.56,0.54,0.55,0.55,0.55,0.55,0.55,0.55,0.54,0.53,0.52,0.51,0.50,0.49,0.47,0.42,0.34,0.16,0.00,0.00,0.00,0.00,0.00,0.00,0.00,0.00,0.00,0.00,
Left Percent:
0.00,0.00,0.00,0.00,0.00,0.00,0.00,0.00,0.00,0.00,0.00,0.00,0.00,0.00,0.00,0.00,0.00,0.00,0.00,0.00,0.00,0.00,0.00,0.00,0.00,0.00,0.00,0.00,0.00,0.00,0.01,0.02,0.04,0.09,0.12,0.21,0.28,0.26,0.25,0.24,0.23,0.23,0.22,0.21,0.18,0.12,0.09,0.06,0.03,0.01,0.00,0.00,0.00,0.04,0.02,0.02,0.01,0.02,0.06,0.14,0.02,0.02,0.02,
Right Percent:
0.00,0.00,0.00,0.00,0.00,0.00,0.00,0.00,0.00,0.00,0.00,0.00,0.00,0.00,0.00,0.00,0.00,0.00,0.00,0.00,0.00,0.00,0.01,0.01,0.03,0.06,0.11,0.19,0.32,0.36,0.39,0.40,0.41,0.42,0.44,0.44,0.42,0.43,0.43,0.43,0.43,0.43,0.43,0.42,0.42,0.42,0.40,0.39,0.38,0.36,0.29,0.08,0.00,0.00,0.00,0.00,0.00,0.00,0.35,0.60,0.27,0.00,0.00,
Left Percent:
0.00,0.00,0.00,0.00,0.00,0.00,0.00,0.00,0.00,0.00,0.00,0.00,0.00,0.00,0.00,0.00,0.00,0.00,0.00,0.00,0.00,0.00,0.00,0.00,0.00,0.02,0.07,0.12,0.17,0.20,0.24,0.26,0.27,0.28,0.28,0.29,0.30,0.30,0.30,0.29,0.29,0.29,0.29,0.28,0.28,0.27,0.28,0.28,0.30,0.33,0.37,0.42,0.49,0.49,0.53,0.54,0.44,0.08,0.02,0.03,0.00,0.04,0.39,
Right Percent:
0.00,0.00,0.00,0.00,0.00,0.00,0.00,0.00,0.00,0.00,0.00,0.00,0.00,0.01,0.01,0.02,0.03,0.04,0.05,0.07,0.09,0.11,0.15,0.18,0.21,0.25,0.30,0.34,0.38,0.41,0.43,0.46,0.47,0.49,0.50,0.53,0.53,0.53,0.53,0.53,0.53,0.52,0.52,0.52,0.51,0.50,0.49,0.48,0.47,0.44,0.39,0.32,0.23,0.06,0.00,0.00,0.00,0.00,0.00,0.00,0.00,0.00,0.00,
Left Percent:
0.00,0.00,0.00,0.00,0.00,0.00,0.00,0.00,0.00,0.00,0.00,0.00,0.00,0.00,0.00,0.00,0.00,0.00,0.00,0.00,0.00,0.00,0.01,0.03,0.05,0.09,0.12,0.19,0.28,0.33,0.36,0.39,0.41,0.43,0.44,0.49,0.45,0.45,0.45,0.44,0.44,0.44,0.43,0.42,0.42,0.41,0.41,0.42,0.44,0.45,0.46,0.47,0.51,0.53,0.54,0.54,0.49,0.43,0.42,0.46,0.23,0.27,0.43,
Right Percent:
0.00,0.00,0.00,0.00,0.00,0.00,0.00,0.00,0.00,0.00,0.00,0.00,0.00,0.00,0.00,0.00,0.00,0.00,0.00,0.00,0.00,0.00,0.00,0.00,0.00,0.02,0.06,0.14,0.27,0.36,0.38,0.39,0.40,0.41,0.41,0.44,0.40,0.42,0.42,0.42,0.42,0.42,0.42,0.41,0.41,0.40,0.39,0.39,0.38,0.38,0.34,0.15,0.00,0.00,0.00,0.00,0.00,0.00,0.22,0.56,0.17,0.02,0.00,
Left Percent:
0.00,0.00,0.00,0.00,0.00,0.00,0.00,0.00,0.00,0.00,0.00,0.01,0.01,0.02,0.03,0.04,0.04,0.05,0.06,0.07,0.08,0.09,0.10,0.12,0.14,0.16,0.17,0.19,0.21,0.23,0.24,0.25,0.27,0.27,0.28,0.30,0.28,0.29,0.29,0.28,0.28,0.28,0.28,0.27,0.27,0.27,0.27,0.27,0.27,0.31,0.35,0.38,0.39,0.38,0.40,0.41,0.43,0.44,0.43,0.44,0.40,0.47,0.47,
Right Percent:
0.00,0.00,0.00,0.00,0.00,0.00,0.00,0.00,0.00,0.00,0.00,0.00,0.00,0.00,0.00,0.00,0.00,0.00,0.01,0.02,0.03,0.06,0.11,0.17,0.23,0.29,0.33,0.36,0.38,0.41,0.42,0.44,0.45,0.47,0.47,0.46,0.47,0.48,0.48,0.48,0.48,0.48,0.48,0.47,0.47,0.46,0.46,0.45,0.43,0.43,0.41,0.40,0.32,0.07,0.14,0.02,0.00,0.00,0.00,0.00,0.00,0.41,0.09,
Left Percent:
0.00,0.00,0.00,0.00,0.00,0.00,0.00,0.00,0.00,0.00,0.00,0.00,0.00,0.00,0.00,0.00,0.00,0.00,0.00,0.00,0.00,0.00,0.00,0.00,0.00,0.01,0.02,0.06,0.12,0.26,0.31,0.35,0.37,0.38,0.39,0.41,0.42,0.41,0.42,0.41,0.40,0.39,0.38,0.37,0.36,0.35,0.36,0.36,0.39,0.39,0.32,0.27,0.32,0.39,0.36,0.37,0.36,0.42,0.50,0.57,0.42,0.20,0.36,
Right Percent:
0.00,0.00,0.00,0.00,0.00,0.00,0.00,0.00,0.00,0.00,0.00,0.00,0.00,0.00,0.00,0.00,0.00,0.00,0.01,0.02,0.05,0.09,0.12,0.16,0.20,0.24,0.27,0.31,0.32,0.34,0.35,0.35,0.36,0.36,0.37,0.38,0.38,0.37,0.38,0.38,0.39,0.38,0.38,0.37,0.37,0.36,0.36,0.35,0.35,0.34,0.32,0.23,0.02,0.00,0.00,0.00,0.00,0.00,0.16,0.23,0.12,0.25,0.00,
Left Percent:
0.00,0.00,0.00,0.00,0.00,0.00,0.00,0.00,0.00,0.00,0.00,0.00,0.00,0.00,0.00,0.01,0.02,0.03,0.06,0.10,0.15,0.22,0.27,0.35,0.37,0.39,0.40,0.41,0.43,0.43,0.43,0.44,0.44,0.44,0.44,0.50,0.43,0.43,0.43,0.43,0.43,0.42,0.42,0.41,0.41,0.41,0.41,0.43,0.46,0.52,0.59,0.64,0.66,0.63,0.68,0.70,0.70,0.69,0.69,0.71,0.66,0.67,0.71,
Right Percent:
0.00,0.00,0.00,0.00,0.00,0.00,0.00,0.00,0.00,0.00,0.00,0.00,0.00,0.00,0.00,0.00,0.00,0.00,0.00,0.00,0.01,0.01,0.01,0.03,0.06,0.10,0.18,0.28,0.39,0.43,0.46,0.48,0.45,0.44,0.43,0.48,0.38,0.40,0.41,0.42,0.42,0.43,0.43,0.43,0.42,0.42,0.42,0.43,0.44,0.45,0.46,0.48,0.38,0.02,0.03,0.00,0.00,0.00,0.00,0.01,0.00,0.00,0.00,
Left Percent:
0.00,0.00,0.00,0.00,0.00,0.00,0.00,0.00,0.00,0.00,0.00,0.00,0.01,0.02,0.06,0.07,0.09,0.12,0.15,0.16,0.19,0.22,0.25,0.27,0.30,0.31,0.33,0.36,0.38,0.39,0.39,0.40,0.41,0.41,0.41,0.42,0.42,0.43,0.43,0.42,0.42,0.42,0.42,0.41,0.40,0.39,0.40,0.40,0.42,0.45,0.50,0.57,0.59,0.57,0.60,0.62,0.63,0.63,0.63,0.64,0.60,0.59,0.64,
Right Percent:
0.00,0.00,0.00,0.00,0.00,0.00,0.00,0.00,0.00,0.00,0.00,0.00,0.00,0.00,0.00,0.00,0.00,0.01,0.01,0.01,0.02,0.03,0.05,0.08,0.20,0.31,0.39,0.46,0.49,0.49,0.47,0.45,0.44,0.44,0.42,0.38,0.40,0.42,0.41,0.41,0.42,0.42,0.42,0.41,0.39,0.39,0.40,0.40,0.41,0.46,0.49,0.53,0.47,0.06,0.02,0.00,0.00,0.10,0.64,0.76,0.72,0.27,0.10,
Left Percent:
0.00,0.00,0.00,0.00,0.00,0.00,0.00,0.00,0.00,0.00,0.00,0.00,0.00,0.00,0.00,0.00,0.00,0.00,0.00,0.01,0.02,0.03,0.05,0.08,0.12,0.15,0.20,0.28,0.34,0.38,0.42,0.45,0.48,0.50,0.51,0.52,0.53,0.54,0.54,0.53,0.53,0.53,0.52,0.52,0.51,0.50,0.49,0.49,0.49,0.48,0.45,0.46,0.48,0.50,0.49,0.46,0.40,0.32,0.27,0.30,0.08,0.07,0.26,
Right Percent:
0.00,0.00,0.00,0.00,0.00,0.00,0.00,0.00,0.00,0.00,0.00,0.00,0.00,0.00,0.00,0.00,0.00,0.00,0.00,0.00,0.00,0.00,0.00,0.01,0.03,0.07,0.14,0.23,0.30,0.33,0.36,0.38,0.40,0.41,0.42,0.42,0.41,0.42,0.42,0.42,0.42,0.42,0.42,0.42,0.42,0.40,0.40,0.39,0.38,0.36,0.31,0.22,0.02,0.00,0.00,0.00,0.00,0.00,0.00,0.30,0.00,0.00,0.00,
Left Percent:
0.00,0.00,0.00,0.00,0.00,0.00,0.00,0.00,0.00,0.00,0.00,0.00,0.00,0.01,0.02,0.02,0.04,0.05,0.07,0.10,0.11,0.14,0.16,0.19,0.21,0.25,0.27,0.29,0.32,0.34,0.36,0.38,0.40,0.41,0.43,0.42,0.44,0.44,0.44,0.44,0.44,0.43,0.42,0.42,0.42,0.41,0.40,0.40,0.41,0.43,0.45,0.49,0.50,0.49,0.51,0.52,0.52,0.50,0.48,0.49,0.43,0.47,0.53,
Right Percent:
0.00,0.00,0.00,0.00,0.00,0.00,0.00,0.00,0.00,0.00,0.00,0.00,0.00,0.00,0.00,0.00,0.00,0.00,0.00,0.00,0.00,0.00,0.00,0.00,0.00,0.00,0.01,0.01,0.02,0.04,0.07,0.16,0.34,0.34,0.34,0.17,0.23,0.26,0.27,0.29,0.30,0.31,0.31,0.32,0.32,0.31,0.24,0.22,0.16,0.13,0.16,0.38,0.33,0.00,0.05,0.01,0.00,0.00,0.00,0.00,0.00,0.00,0.00,
Left Percent:
0.00,0.00,0.00,0.00,0.00,0.00,0.00,0.00,0.00,0.00,0.00,0.00,0.00,0.00,0.00,0.00,0.01,0.02,0.04,0.05,0.07,0.08,0.10,0.13,0.15,0.18,0.22,0.29,0.35,0.38,0.42,0.45,0.48,0.49,0.50,0.53,0.53,0.53,0.53,0.53,0.53,0.53,0.51,0.51,0.50,0.49,0.50,0.49,0.48,0.48,0.47,0.47,0.51,0.51,0.51,0.49,0.44,0.38,0.33,0.35,0.12,0.16,0.34,
Right Percent:
0.00,0.00,0.00,0.00,0.00,0.00,0.00,0.00,0.00,0.00,0.00,0.00,0.00,0.00,0.00,0.00,0.00,0.00,0.00,0.00,0.00,0.00,0.00,0.00,0.00,0.00,0.00,0.00,0.04,0.09,0.26,0.35,0.37,0.39,0.40,0.36,0.41,0.41,0.41,0.42,0.42,0.42,0.40,0.40,0.40,0.40,0.39,0.37,0.34,0.27,0.11,0.05,0.00,0.00,0.00,0.00,0.00,0.00,0.00,0.00,0.00,0.00,0.00,
Left Percent:
0.00,0.00,0.00,0.00,0.00,0.00,0.00,0.00,0.00,0.00,0.00,0.00,0.00,0.00,0.00,0.00,0.01,0.02,0.03,0.05,0.06,0.09,0.13,0.17,0.23,0.26,0.29,0.30,0.32,0.33,0.35,0.35,0.36,0.37,0.37,0.37,0.37,0.38,0.37,0.37,0.37,0.37,0.37,0.36,0.35,0.35,0.35,0.36,0.37,0.39,0.44,0.48,0.51,0.51,0.53,0.55,0.56,0.56,0.55,0.55,0.52,0.56,0.57,
Right Percent:
0.00,0.00,0.00,0.00,0.00,0.00,0.00,0.00,0.00,0.00,0.00,0.00,0.00,0.00,0.00,0.00,0.00,0.00,0.00,0.01,0.02,0.04,0.06,0.10,0.17,0.22,0.28,0.33,0.37,0.41,0.44,0.48,0.52,0.53,0.54,0.54,0.56,0.57,0.56,0.56,0.56,0.56,0.56,0.55,0.53,0.53,0.52,0.51,0.50,0.48,0.46,0.43,0.40,0.23,0.13,0.03,0.00,0.00,0.00,0.00,0.00,0.00,0.00,
Left Percent:
0.00,0.00,0.00,0.00,0.00,0.00,0.00,0.00,0.00,0.00,0.00,0.00,0.00,0.00,0.00,0.00,0.00,0.00,0.00,0.00,0.00,0.00,0.00,0.01,0.02,0.03,0.06,0.10,0.18,0.24,0.27,0.28,0.30,0.32,0.32,0.33,0.34,0.33,0.33,0.32,0.31,0.30,0.29,0.28,0.27,0.26,0.28,0.30,0.34,0.39,0.43,0.47,0.55,0.56,0.59,0.60,0.57,0.55,0.57,0.61,0.44,0.42,0.57,
Right Percent:
0.00,0.00,0.00,0.00,0.00,0.00,0.00,0.00,0.00,0.00,0.00,0.00,0.00,0.00,0.00,0.00,0.00,0.00,0.00,0.00,0.00,0.00,0.00,0.00,0.00,0.00,0.00,0.00,0.00,0.00,0.01,0.02,0.03,0.04,0.09,0.00,0.07,0.11,0.14,0.17,0.18,0.20,0.22,0.22,0.16,0.11,0.10,0.05,0.02,0.01,0.01,0.03,0.02,0.00,0.00,0.00,0.00,0.00,0.00,0.00,0.00,0.00,0.00,
Left Percent:
0.00,0.00,0.00,0.00,0.00,0.00,0.00,0.00,0.00,0.00,0.00,0.00,0.00,0.00,0.00,0.00,0.00,0.00,0.00,0.00,0.00,0.01,0.04,0.07,0.13,0.16,0.19,0.24,0.30,0.30,0.33,0.33,0.34,0.36,0.37,0.37,0.38,0.39,0.40,0.39,0.39,0.38,0.38,0.37,0.37,0.36,0.36,0.37,0.38,0.39,0.43,0.49,0.54,0.53,0.62,0.66,0.66,0.58,0.58,0.62,0.49,0.57,0.66,
Right Percent:
0.00,0.00,0.00,0.00,0.00,0.00,0.00,0.00,0.00,0.00,0.00,0.00,0.00,0.00,0.00,0.00,0.00,0.00,0.00,0.01,0.02,0.04,0.07,0.09,0.13,0.17,0.21,0.25,0.29,0.31,0.33,0.36,0.37,0.39,0.40,0.40,0.41,0.41,0.42,0.42,0.42,0.41,0.41,0.40,0.40,0.39,0.38,0.37,0.36,0.33,0.31,0.25,0.13,0.00,0.00,0.00,0.00,0.00,0.19,0.32,0.06,0.00,0.00,
Left Percent:
0.00,0.00,0.00,0.00,0.00,0.00,0.00,0.00,0.00,0.00,0.00,0.00,0.00,0.00,0.00,0.00,0.00,0.00,0.00,0.00,0.00,0.00,0.00,0.01,0.02,0.03,0.04,0.07,0.14,0.20,0.27,0.31,0.34,0.38,0.39,0.42,0.42,0.42,0.43,0.43,0.43,0.43,0.42,0.42,0.42,0.41,0.39,0.38,0.37,0.35,0.29,0.27,0.35,0.41,0.37,0.31,0.14,0.03,0.02,0.03,0.00,0.00,0.03,
Right Percent:
0.00,0.00,0.00,0.00,0.00,0.00,0.00,0.00,0.00,0.00,0.00,0.00,0.00,0.00,0.00,0.00,0.00,0.00,0.00,0.00,0.00,0.00,0.00,0.00,0.00,0.00,0.00,0.00,0.00,0.00,0.00,0.01,0.02,0.03,0.07,0.02,0.06,0.10,0.11,0.15,0.17,0.21,0.22,0.21,0.21,0.20,0.05,0.02,0.01,0.00,0.00,0.00,0.00,0.00,0.00,0.00,0.00,0.00,0.00,0.00,0.00,0.00,0.00,
Left Percent:
0.00,0.00,0.00,0.00,0.00,0.00,0.00,0.00,0.00,0.00,0.00,0.00,0.00,0.00,0.00,0.00,0.00,0.01,0.02,0.04,0.06,0.09,0.13,0.17,0.20,0.25,0.29,0.33,0.36,0.39,0.41,0.43,0.46,0.48,0.49,0.51,0.52,0.52,0.53,0.53,0.52,0.51,0.51,0.50,0.50,0.49,0.49,0.48,0.48,0.48,0.49,0.51,0.52,0.49,0.50,0.50,0.46,0.39,0.34,0.36,0.19,0.12,0.37,
Right Percent:
0.00,0.00,0.00,0.00,0.00,0.00,0.00,0.00,0.00,0.00,0.00,0.00,0.00,0.00,0.00,0.00,0.00,0.00,0.00,0.00,0.00,0.00,0.02,0.03,0.06,0.09,0.14,0.17,0.21,0.25,0.28,0.29,0.31,0.33,0.34,0.36,0.36,0.36,0.36,0.37,0.37,0.36,0.36,0.35,0.35,0.33,0.32,0.31,0.29,0.27,0.24,0.17,0.06,0.00,0.00,0.00,0.00,0.00,0.31,0.42,0.21,0.03,0.00,
Left Percent:
0.00,0.00,0.00,0.00,0.00,0.00,0.00,0.00,0.00,0.00,0.00,0.00,0.00,0.02,0.04,0.07,0.09,0.11,0.14,0.17,0.20,0.22,0.25,0.27,0.29,0.31,0.32,0.34,0.36,0.38,0.40,0.41,0.43,0.43,0.44,0.44,0.45,0.45,0.45,0.45,0.45,0.45,0.44,0.44,0.44,0.43,0.44,0.44,0.44,0.46,0.48,0.53,0.55,0.53,0.58,0.61,0.63,0.63,0.63,0.63,0.59,0.63,0.65,
Right Percent:
0.00,0.00,0.00,0.00,0.00,0.00,0.00,0.00,0.00,0.00,0.00,0.00,0.00,0.00,0.00,0.01,0.01,0.02,0.02,0.03,0.04,0.06,0.08,0.12,0.14,0.19,0.22,0.23,0.26,0.29,0.31,0.33,0.34,0.36,0.37,0.38,0.39,0.38,0.40,0.40,0.40,0.40,0.40,0.40,0.38,0.37,0.36,0.35,0.34,0.31,0.28,0.24,0.21,0.06,0.01,0.03,0.02,0.09,0.12,0.06,0.09,0.36,0.18,
Left Percent:
0.00,0.00,0.00,0.00,0.00,0.00,0.00,0.00,0.00,0.00,0.00,0.00,0.00,0.01,0.01,0.03,0.04,0.06,0.09,0.11,0.14,0.16,0.19,0.21,0.23,0.26,0.29,0.30,0.31,0.31,0.32,0.32,0.33,0.33,0.33,0.34,0.34,0.34,0.34,0.33,0.33,0.33,0.33,0.33,0.32,0.32,0.32,0.33,0.34,0.37,0.41,0.45,0.48,0.48,0.51,0.55,0.57,0.55,0.48,0.47,0.40,0.54,0.57,
Right Percent:
0.00,0.00,0.00,0.00,0.00,0.00,0.00,0.00,0.00,0.00,0.00,0.00,0.00,0.00,0.00,0.00,0.00,0.00,0.00,0.01,0.01,0.03,0.05,0.09,0.14,0.22,0.30,0.35,0.39,0.42,0.44,0.48,0.50,0.52,0.53,0.53,0.54,0.55,0.55,0.54,0.55,0.55,0.54,0.53,0.52,0.51,0.50,0.49,0.47,0.45,0.44,0.43,0.38,0.15,0.01,0.00,0.00,0.00,0.00,0.00,0.00,0.00,0.00,
Left Percent:
0.00,0.00,0.00,0.00,0.00,0.00,0.00,0.00,0.00,0.00,0.00,0.04,0.04,0.08,0.11,0.13,0.16,0.18,0.20,0.21,0.22,0.23,0.26,0.29,0.31,0.31,0.32,0.32,0.32,0.33,0.33,0.34,0.34,0.35,0.35,0.35,0.35,0.36,0.36,0.36,0.35,0.35,0.35,0.35,0.35,0.35,0.35,0.35,0.36,0.37,0.40,0.44,0.45,0.45,0.50,0.53,0.56,0.56,0.55,0.56,0.53,0.57,0.55,
Right Percent:
0.00,0.00,0.00,0.00,0.00,0.00,0.00,0.00,0.00,0.00,0.00,0.00,0.00,0.01,0.04,0.09,0.21,0.29,0.33,0.36,0.38,0.39,0.41,0.42,0.42,0.42,0.42,0.41,0.39,0.38,0.38,0.37,0.37,0.38,0.38,0.38,0.37,0.38,0.39,0.38,0.38,0.38,0.37,0.37,0.36,0.36,0.35,0.34,0.33,0.34,0.35,0.36,0.31,0.14,0.17,0.00,0.21,0.72,0.87,0.89,0.86,0.78,0.50,
Left Percent:
0.00,0.00,0.00,0.00,0.00,0.00,0.00,0.00,0.00,0.00,0.00,0.00,0.01,0.02,0.03,0.04,0.06,0.07,0.09,0.10,0.12,0.14,0.17,0.19,0.22,0.24,0.27,0.29,0.30,0.32,0.33,0.34,0.35,0.35,0.36,0.40,0.36,0.37,0.37,0.36,0.36,0.35,0.35,0.35,0.35,0.35,0.35,0.35,0.36,0.39,0.42,0.45,0.47,0.46,0.48,0.52,0.55,0.57,0.58,0.59,0.56,0.55,0.57,
Right Percent:
0.00,0.00,0.00,0.00,0.00,0.00,0.00,0.00,0.00,0.00,0.00,0.00,0.00,0.01,0.02,0.04,0.10,0.16,0.24,0.30,0.36,0.41,0.45,0.47,0.49,0.52,0.54,0.51,0.49,0.44,0.39,0.37,0.37,0.37,0.37,0.39,0.36,0.37,0.38,0.37,0.37,0.37,0.37,0.36,0.36,0.36,0.35,0.34,0.34,0.35,0.36,0.36,0.30,0.28,0.33,0.18,0.43,0.77,0.87,0.87,0.91,0.84,0.71,
Left Percent:
0.00,0.00,0.01,0.01,0.00,0.01,0.01,0.01,0.01,0.01,0.04,0.22,0.30,0.34,0.37,0.39,0.41,0.42,0.43,0.44,0.45,0.45,0.45,0.46,0.45,0.44,0.44,0.43,0.42,0.43,0.42,0.43,0.43,0.43,0.44,0.44,0.45,0.45,0.45,0.45,0.45,0.45,0.44,0.44,0.44,0.44,0.44,0.44,0.46,0.47,0.49,0.54,0.57,0.58,0.68,0.72,0.74,0.74,0.75,0.76,0.75,0.74,0.76,
Right Percent:
0.00,0.00,0.00,0.00,0.00,0.00,0.00,0.00,0.00,0.00,0.00,0.02,0.12,0.24,0.37,0.43,0.48,0.50,0.52,0.52,0.51,0.51,0.50,0.49,0.48,0.46,0.44,0.42,0.40,0.38,0.37,0.37,0.37,0.38,0.38,0.38,0.39,0.38,0.39,0.39,0.38,0.38,0.38,0.38,0.37,0.37,0.36,0.36,0.35,0.34,0.33,0.32,0.29,0.21,0.31,0.34,0.53,0.86,0.90,0.88,0.91,0.95,0.90,
Left Percent:
0.00,0.00,0.00,0.00,0.00,0.00,0.00,0.00,0.00,0.00,0.00,0.04,0.05,0.10,0.14,0.18,0.22,0.25,0.27,0.29,0.31,0.34,0.36,0.37,0.38,0.39,0.39,0.41,0.42,0.44,0.45,0.46,0.47,0.48,0.48,0.49,0.50,0.49,0.50,0.50,0.49,0.49,0.49,0.49,0.49,0.48,0.48,0.48,0.49,0.50,0.55,0.60,0.62,0.59,0.64,0.65,0.66,0.67,0.68,0.69,0.66,0.66,0.69,
Right Percent:
0.00,0.00,0.00,0.00,0.00,0.00,0.00,0.00,0.00,0.00,0.02,0.04,0.06,0.17,0.28,0.38,0.44,0.50,0.52,0.55,0.55,0.55,0.54,0.53,0.50,0.47,0.45,0.42,0.39,0.36,0.35,0.35,0.35,0.36,0.36,0.37,0.37,0.36,0.37,0.37,0.37,0.37,0.37,0.36,0.35,0.35,0.34,0.33,0.32,0.31,0.31,0.31,0.28,0.17,0.27,0.26,0.44,0.84,0.87,0.86,0.89,0.95,0.88,
Left Percent:
0.00,0.00,0.00,0.00,0.00,0.00,0.00,0.00,0.00,0.01,0.04,0.26,0.30,0.36,0.38,0.40,0.42,0.43,0.44,0.45,0.44,0.44,0.44,0.44,0.44,0.43,0.43,0.42,0.41,0.41,0.40,0.41,0.41,0.42,0.43,0.43,0.43,0.44,0.44,0.44,0.43,0.43,0.43,0.43,0.42,0.42,0.42,0.43,0.45,0.47,0.48,0.52,0.55,0.56,0.66,0.71,0.74,0.74,0.75,0.76,0.74,0.74,0.76,
Right Percent:
0.00,0.00,0.00,0.00,0.00,0.00,0.00,0.00,0.00,0.01,0.03,0.07,0.13,0.28,0.38,0.42,0.45,0.47,0.48,0.49,0.47,0.47,0.47,0.46,0.45,0.44,0.43,0.41,0.40,0.39,0.38,0.39,0.39,0.40,0.40,0.40,0.41,0.40,0.41,0.41,0.41,0.41,0.41,0.40,0.40,0.40,0.39,0.38,0.37,0.35,0.35,0.33,0.29,0.18,0.24,0.37,0.44,0.60,0.67,0.71,0.56,0.65,0.68,
Left Percent:
0.00,0.00,0.00,0.00,0.00,0.00,0.00,0.00,0.00,0.00,0.00,0.00,0.00,0.00,0.00,0.00,0.00,0.00,0.00,0.00,0.00,0.00,0.00,0.00,0.02,0.07,0.15,0.25,0.29,0.34,0.37,0.39,0.40,0.41,0.42,0.43,0.43,0.44,0.43,0.43,0.43,0.42,0.41,0.41,0.40,0.40,0.40,0.41,0.43,0.48,0.51,0.54,0.57,0.55,0.59,0.60,0.58,0.54,0.55,0.59,0.52,0.52,0.59,
Right Percent:
0.00,0.00,0.00,0.00,0.00,0.00,0.00,0.00,0.00,0.00,0.00,0.00,0.00,0.00,0.00,0.00,0.00,0.01,0.02,0.05,0.06,0.08,0.12,0.15,0.19,0.24,0.29,0.36,0.39,0.42,0.45,0.47,0.49,0.51,0.52,0.54,0.55,0.55,0.56,0.56,0.55,0.55,0.55,0.54,0.53,0.51,0.50,0.50,0.49,0.47,0.42,0.36,0.25,0.04,0.00,0.00,0.00,0.00,0.00,0.00,0.01,0.07,0.00,
Left Percent:
0.00,0.00,0.00,0.00,0.00,0.00,0.00,0.00,0.00,0.00,0.00,0.01,0.01,0.02,0.03,0.04,0.06,0.09,0.11,0.13,0.15,0.17,0.19,0.21,0.24,0.26,0.29,0.31,0.33,0.35,0.37,0.39,0.40,0.40,0.41,0.41,0.43,0.41,0.41,0.41,0.41,0.41,0.40,0.40,0.40,0.40,0.40,0.40,0.41,0.43,0.44,0.49,0.50,0.46,0.52,0.53,0.54,0.54,0.55,0.56,0.52,0.54,0.57,
Right Percent:
0.00,0.00,0.00,0.00,0.00,0.00,0.00,0.00,0.00,0.00,0.00,0.01,0.01,0.02,0.04,0.07,0.13,0.24,0.32,0.39,0.42,0.44,0.44,0.44,0.43,0.40,0.38,0.36,0.35,0.35,0.36,0.36,0.37,0.38,0.38,0.38,0.38,0.38,0.38,0.38,0.38,0.38,0.38,0.38,0.38,0.37,0.36,0.35,0.34,0.32,0.32,0.32,0.25,0.13,0.05,0.00,0.28,0.75,0.83,0.83,0.86,0.88,0.76,
Left Percent:
0.00,0.00,0.00,0.00,0.00,0.00,0.00,0.00,0.00,0.00,0.00,0.00,0.00,0.00,0.01,0.01,0.02,0.04,0.08,0.11,0.16,0.21,0.28,0.33,0.40,0.43,0.45,0.47,0.48,0.46,0.45,0.44,0.45,0.46,0.46,0.46,0.47,0.47,0.47,0.47,0.47,0.46,0.46,0.46,0.46,0.46,0.46,0.46,0.45,0.49,0.58,0.68,0.71,0.67,0.75,0.77,0.74,0.76,0.79,0.81,0.76,0.74,0.78,
Right Percent:
0.00,0.00,0.00,0.00,0.00,0.00,0.00,0.00,0.00,0.00,0.01,0.02,0.04,0.10,0.23,0.32,0.39,0.43,0.48,0.50,0.51,0.53,0.54,0.56,0.57,0.56,0.56,0.53,0.47,0.43,0.40,0.38,0.37,0.37,0.36,0.37,0.37,0.35,0.36,0.37,0.37,0.37,0.37,0.36,0.36,0.36,0.35,0.34,0.33,0.35,0.39,0.46,0.42,0.00,0.00,0.00,0.00,0.77,0.89,0.88,0.92,0.94,0.78,
Left Percent:
0.00,0.01,0.11,0.07,0.05,0.06,0.08,0.08,0.08,0.10,0.22,0.37,0.39,0.44,0.46,0.48,0.49,0.50,0.51,0.51,0.51,0.51,0.52,0.52,0.51,0.50,0.48,0.46,0.45,0.44,0.43,0.43,0.43,0.43,0.43,0.44,0.44,0.44,0.45,0.44,0.44,0.44,0.44,0.44,0.44,0.44,0.43,0.43,0.45,0.47,0.50,0.56,0.61,0.60,0.70,0.75,0.77,0.77,0.77,0.78,0.77,0.77,0.79,
Right Percent:
0.00,0.00,0.00,0.00,0.00,0.00,0.00,0.00,0.00,0.00,0.00,0.01,0.02,0.05,0.11,0.17,0.25,0.32,0.39,0.45,0.48,0.51,0.54,0.56,0.58,0.59,0.58,0.53,0.50,0.47,0.46,0.45,0.45,0.45,0.45,0.44,0.42,0.44,0.44,0.44,0.44,0.44,0.44,0.43,0.43,0.43,0.42,0.41,0.41,0.42,0.43,0.44,0.39,0.35,0.42,0.26,0.33,0.68,0.83,0.86,0.89,0.78,0.67,
Left Percent:
0.00,0.00,0.00,0.00,0.00,0.00,0.00,0.00,0.00,0.00,0.00,0.00,0.00,0.02,0.04,0.05,0.08,0.11,0.15,0.20,0.24,0.27,0.31,0.34,0.37,0.40,0.44,0.47,0.50,0.53,0.56,0.57,0.59,0.60,0.62,0.62,0.63,0.63,0.63,0.64,0.63,0.63,0.63,0.62,0.61,0.61,0.60,0.60,0.61,0.60,0.59,0.59,0.58,0.56,0.56,0.54,0.53,0.49,0.50,0.52,0.39,0.38,0.46,
Right Percent:
0.00,0.00,0.00,0.00,0.00,0.00,0.00,0.00,0.00,0.00,0.00,0.00,0.00,0.00,0.00,0.00,0.00,0.00,0.00,0.01,0.02,0.04,0.05,0.08,0.12,0.15,0.19,0.23,0.27,0.30,0.32,0.34,0.35,0.37,0.38,0.39,0.41,0.41,0.41,0.41,0.41,0.41,0.41,0.40,0.39,0.38,0.37,0.35,0.34,0.32,0.27,0.19,0.09,0.00,0.00,0.00,0.00,0.00,0.01,0.00,0.02,0.04,0.00,
Left Percent:
0.00,0.01,0.03,0.03,0.02,0.02,0.03,0.03,0.04,0.04,0.07,0.29,0.34,0.39,0.42,0.45,0.48,0.49,0.51,0.52,0.52,0.53,0.53,0.53,0.52,0.50,0.49,0.47,0.46,0.45,0.44,0.44,0.44,0.44,0.45,0.45,0.46,0.45,0.46,0.46,0.46,0.45,0.45,0.45,0.45,0.45,0.45,0.45,0.46,0.48,0.50,0.57,0.61,0.62,0.73,0.77,0.78,0.79,0.79,0.81,0.78,0.79,0.82,
Right Percent:
0.00,0.00,0.00,0.00,0.00,0.00,0.00,0.00,0.00,0.00,0.00,0.02,0.04,0.10,0.23,0.34,0.41,0.46,0.50,0.53,0.54,0.57,0.56,0.57,0.56,0.53,0.48,0.45,0.43,0.41,0.39,0.38,0.38,0.38,0.39,0.39,0.40,0.38,0.39,0.39,0.38,0.38,0.38,0.38,0.37,0.37,0.36,0.35,0.34,0.34,0.33,0.34,0.30,0.25,0.34,0.18,0.39,0.85,0.90,0.89,0.92,0.96,0.86,
Left Percent:
0.00,0.01,0.10,0.06,0.03,0.05,0.06,0.06,0.06,0.07,0.23,0.37,0.38,0.42,0.44,0.45,0.46,0.47,0.47,0.48,0.48,0.47,0.47,0.47,0.46,0.45,0.44,0.43,0.41,0.40,0.39,0.40,0.40,0.40,0.41,0.41,0.42,0.42,0.42,0.42,0.42,0.42,0.42,0.41,0.41,0.41,0.41,0.41,0.42,0.45,0.46,0.49,0.52,0.52,0.66,0.73,0.77,0.77,0.77,0.78,0.76,0.77,0.79,
Right Percent:
0.00,0.00,0.00,0.00,0.00,0.00,0.00,0.00,0.00,0.00,0.01,0.02,0.04,0.10,0.20,0.28,0.35,0.39,0.43,0.46,0.48,0.51,0.53,0.53,0.54,0.53,0.51,0.49,0.47,0.46,0.45,0.44,0.45,0.45,0.45,0.45,0.43,0.45,0.45,0.45,0.45,0.45,0.45,0.44,0.44,0.43,0.43,0.42,0.41,0.41,0.40,0.40,0.34,0.23,0.35,0.29,0.31,0.61,0.81,0.85,0.87,0.74,0.59,
Left Percent:
0.00,0.00,0.04,0.02,0.01,0.02,0.03,0.02,0.03,0.04,0.17,0.34,0.37,0.40,0.42,0.44,0.45,0.46,0.46,0.46,0.46,0.46,0.46,0.46,0.45,0.44,0.43,0.41,0.40,0.39,0.39,0.39,0.40,0.40,0.41,0.42,0.43,0.42,0.42,0.43,0.42,0.42,0.42,0.42,0.42,0.41,0.41,0.42,0.42,0.44,0.46,0.49,0.51,0.51,0.64,0.72,0.74,0.75,0.76,0.77,0.76,0.75,0.77,
Right Percent:
0.00,0.00,0.00,0.00,0.00,0.00,0.00,0.00,0.00,0.00,0.00,0.03,0.07,0.14,0.25,0.34,0.39,0.44,0.47,0.49,0.50,0.50,0.51,0.51,0.50,0.49,0.47,0.45,0.43,0.41,0.40,0.39,0.39,0.39,0.40,0.40,0.40,0.40,0.40,0.40,0.40,0.40,0.40,0.39,0.39,0.39,0.38,0.37,0.36,0.35,0.35,0.34,0.30,0.22,0.32,0.37,0.43,0.75,0.87,0.87,0.88,0.82,0.73,
Left Percent:
0.00,0.02,0.14,0.08,0.05,0.07,0.10,0.10,0.10,0.13,0.27,0.34,0.34,0.37,0.39,0.40,0.41,0.42,0.42,0.43,0.43,0.43,0.43,0.43,0.44,0.43,0.42,0.40,0.39,0.38,0.38,0.38,0.39,0.40,0.40,0.40,0.40,0.41,0.41,0.41,0.41,0.41,0.40,0.40,0.40,0.40,0.40,0.40,0.42,0.43,0.46,0.49,0.52,0.51,0.61,0.68,0.71,0.73,0.73,0.74,0.73,0.72,0.73,
Right Percent:
0.00,0.00,0.00,0.00,0.00,0.00,0.00,0.00,0.00,0.00,0.01,0.03,0.05,0.11,0.19,0.27,0.35,0.40,0.44,0.47,0.49,0.52,0.54,0.54,0.56,0.54,0.52,0.50,0.49,0.48,0.46,0.45,0.45,0.45,0.45,0.46,0.44,0.45,0.46,0.45,0.45,0.45,0.45,0.45,0.44,0.44,0.44,0.43,0.42,0.42,0.42,0.40,0.35,0.26,0.38,0.39,0.41,0.67,0.82,0.86,0.88,0.78,0.65,
Left Percent:
0.00,0.02,0.14,0.08,0.05,0.08,0.10,0.10,0.11,0.14,0.27,0.34,0.34,0.38,0.39,0.40,0.41,0.42,0.42,0.43,0.43,0.43,0.43,0.44,0.44,0.43,0.42,0.41,0.40,0.38,0.38,0.38,0.39,0.40,0.40,0.40,0.41,0.41,0.41,0.41,0.41,0.40,0.40,0.40,0.40,0.40,0.40,0.40,0.42,0.43,0.46,0.49,0.52,0.50,0.61,0.68,0.71,0.73,0.73,0.74,0.73,0.72,0.73,
Right Percent:
0.00,0.00,0.00,0.00,0.00,0.00,0.00,0.00,0.00,0.00,0.01,0.03,0.04,0.11,0.20,0.27,0.34,0.39,0.44,0.47,0.49,0.52,0.53,0.55,0.55,0.54,0.52,0.50,0.49,0.48,0.46,0.45,0.45,0.45,0.45,0.45,0.44,0.45,0.46,0.45,0.45,0.45,0.45,0.45,0.45,0.44,0.44,0.43,0.42,0.42,0.41,0.40,0.35,0.24,0.37,0.38,0.41,0.67,0.82,0.85,0.88,0.77,0.64,
Left Percent:
0.00,0.01,0.15,0.05,0.02,0.03,0.06,0.07,0.07,0.10,0.27,0.37,0.38,0.41,0.43,0.44,0.45,0.46,0.46,0.46,0.46,0.46,0.46,0.46,0.46,0.45,0.44,0.42,0.40,0.39,0.39,0.39,0.39,0.39,0.40,0.40,0.41,0.41,0.41,0.41,0.41,0.41,0.41,0.41,0.41,0.41,0.40,0.40,0.41,0.44,0.47,0.50,0.52,0.51,0.62,0.70,0.74,0.74,0.74,0.75,0.74,0.73,0.75,
Right Percent:
0.00,0.00,0.00,0.00,0.00,0.00,0.00,0.00,0.00,0.00,0.02,0.04,0.05,0.13,0.18,0.27,0.34,0.40,0.43,0.47,0.49,0.52,0.53,0.55,0.56,0.55,0.53,0.51,0.49,0.47,0.46,0.46,0.45,0.45,0.45,0.45,0.45,0.45,0.46,0.45,0.45,0.45,0.45,0.45,0.44,0.44,0.44,0.43,0.42,0.43,0.43,0.42,0.37,0.27,0.40,0.39,0.41,0.66,0.81,0.85,0.86,0.72,0.60,
Left Percent:
0.00,0.12,0.28,0.23,0.18,0.21,0.24,0.24,0.24,0.26,0.35,0.41,0.42,0.44,0.45,0.46,0.47,0.47,0.47,0.47,0.46,0.46,0.45,0.45,0.45,0.44,0.43,0.42,0.40,0.39,0.38,0.39,0.39,0.40,0.41,0.41,0.41,0.42,0.42,0.42,0.42,0.42,0.41,0.41,0.41,0.41,0.41,0.41,0.41,0.43,0.45,0.48,0.50,0.50,0.61,0.70,0.74,0.75,0.75,0.76,0.75,0.74,0.76,
Right Percent:
0.00,0.00,0.00,0.00,0.00,0.00,0.00,0.00,0.00,0.00,0.01,0.03,0.05,0.11,0.17,0.26,0.32,0.39,0.43,0.47,0.51,0.53,0.55,0.56,0.57,0.55,0.53,0.51,0.49,0.48,0.46,0.46,0.46,0.45,0.45,0.46,0.44,0.46,0.46,0.45,0.45,0.45,0.45,0.45,0.45,0.44,0.44,0.43,0.42,0.42,0.43,0.42,0.36,0.25,0.40,0.40,0.44,0.72,0.85,0.87,0.90,0.81,0.69,
Left Percent:
0.00,0.00,0.01,0.00,0.00,0.01,0.01,0.01,0.01,0.01,0.12,0.26,0.26,0.28,0.31,0.33,0.34,0.35,0.35,0.36,0.37,0.37,0.38,0.38,0.39,0.38,0.36,0.35,0.34,0.34,0.34,0.35,0.36,0.37,0.38,0.38,0.38,0.39,0.39,0.39,0.39,0.39,0.38,0.38,0.38,0.38,0.37,0.38,0.38,0.41,0.43,0.46,0.48,0.49,0.56,0.64,0.69,0.70,0.71,0.71,0.70,0.69,0.71,
Right Percent:
0.00,0.00,0.00,0.00,0.00,0.00,0.00,0.00,0.00,0.00,0.00,0.02,0.03,0.06,0.12,0.19,0.27,0.35,0.41,0.44,0.47,0.47,0.49,0.51,0.53,0.53,0.51,0.48,0.46,0.44,0.43,0.42,0.42,0.42,0.42,0.42,0.41,0.42,0.42,0.41,0.41,0.41,0.41,0.41,0.40,0.40,0.39,0.38,0.38,0.39,0.39,0.39,0.33,0.20,0.35,0.27,0.37,0.68,0.85,0.87,0.90,0.75,0.64,
Left Percent:
0.00,0.02,0.14,0.08,0.05,0.08,0.11,0.10,0.11,0.14,0.27,0.33,0.34,0.37,0.39,0.40,0.42,0.42,0.42,0.43,0.43,0.43,0.43,0.44,0.43,0.43,0.42,0.41,0.40,0.38,0.38,0.38,0.39,0.40,0.40,0.40,0.41,0.41,0.41,0.41,0.41,0.41,0.40,0.40,0.40,0.40,0.40,0.40,0.41,0.43,0.46,0.49,0.51,0.51,0.61,0.68,0.71,0.73,0.73,0.74,0.73,0.72,0.73,
Right Percent:
0.00,0.00,0.00,0.00,0.00,0.00,0.00,0.00,0.00,0.00,0.01,0.03,0.04,0.11,0.19,0.28,0.35,0.40,0.44,0.47,0.49,0.52,0.54,0.55,0.55,0.54,0.52,0.50,0.49,0.48,0.47,0.45,0.45,0.45,0.45,0.45,0.44,0.45,0.46,0.45,0.45,0.45,0.45,0.45,0.44,0.44,0.44,0.43,0.42,0.42,0.41,0.40,0.35,0.26,0.38,0.39,0.41,0.67,0.82,0.85,0.88,0.77,0.64,
Left Percent:
0.00,0.01,0.07,0.03,0.02,0.03,0.04,0.04,0.04,0.06,0.21,0.32,0.33,0.38,0.39,0.41,0.42,0.42,0.43,0.43,0.43,0.43,0.43,0.44,0.44,0.43,0.42,0.41,0.40,0.40,0.39,0.40,0.40,0.40,0.40,0.41,0.41,0.41,0.41,0.42,0.41,0.41,0.41,0.41,0.41,0.40,0.40,0.41,0.42,0.44,0.46,0.49,0.52,0.51,0.63,0.68,0.71,0.72,0.72,0.73,0.72,0.71,0.73,
Right Percent:
0.00,0.00,0.00,0.00,0.00,0.00,0.00,0.00,0.00,0.00,0.03,0.05,0.07,0.19,0.27,0.34,0.39,0.44,0.47,0.50,0.54,0.56,0.57,0.59,0.59,0.57,0.55,0.52,0.50,0.48,0.47,0.46,0.45,0.45,0.45,0.45,0.43,0.44,0.45,0.44,0.44,0.44,0.44,0.44,0.44,0.43,0.42,0.41,0.41,0.42,0.42,0.41,0.37,0.29,0.41,0.43,0.47,0.75,0.87,0.87,0.91,0.85,0.73,
Left Percent:
0.00,0.02,0.02,0.02,0.02,0.02,0.02,0.02,0.02,0.02,0.03,0.04,0.04,0.05,0.06,0.06,0.07,0.07,0.08,0.09,0.09,0.10,0.11,0.12,0.13,0.15,0.15,0.16,0.17,0.18,0.19,0.20,0.21,0.22,0.22,0.23,0.26,0.24,0.24,0.24,0.23,0.23,0.23,0.23,0.23,0.23,0.22,0.22,0.22,0.24,0.27,0.31,0.31,0.29,0.29,0.30,0.30,0.28,0.23,0.21,0.12,0.12,0.21,
Right Percent:
0.00,0.00,0.00,0.00,0.00,0.00,0.00,0.00,0.00,0.00,0.00,0.00,0.00,0.00,0.01,0.01,0.02,0.02,0.03,0.04,0.05,0.06,0.08,0.09,0.11,0.12,0.14,0.16,0.18,0.20,0.22,0.23,0.25,0.27,0.28,0.30,0.37,0.33,0.33,0.33,0.33,0.33,0.32,0.31,0.31,0.29,0.28,0.26,0.25,0.23,0.20,0.16,0.13,0.04,0.00,0.00,0.00,0.00,0.00,0.00,0.00,0.00,0.00,
Left Percent:
0.00,0.00,0.00,0.00,0.00,0.00,0.00,0.00,0.00,0.00,0.01,0.03,0.04,0.06,0.08,0.10,0.12,0.14,0.16,0.18,0.20,0.22,0.23,0.25,0.26,0.28,0.29,0.31,0.32,0.33,0.34,0.35,0.36,0.36,0.36,0.36,0.37,0.36,0.36,0.36,0.36,0.36,0.36,0.36,0.36,0.35,0.35,0.36,0.37,0.39,0.41,0.44,0.46,0.46,0.47,0.49,0.50,0.49,0.46,0.46,0.43,0.48,0.51,
Right Percent:
0.00,0.00,0.00,0.00,0.00,0.00,0.00,0.00,0.00,0.00,0.00,0.00,0.00,0.00,0.00,0.00,0.00,0.00,0.00,0.00,0.00,0.00,0.00,0.00,0.00,0.00,0.00,0.00,0.00,0.00,0.00,0.00,0.00,0.00,0.00,0.00,0.00,0.00,0.00,0.00,0.00,0.00,0.00,0.00,0.00,0.00,0.00,0.00,0.00,0.00,0.00,0.00,0.00,0.00,0.00,0.00,0.00,0.00,0.00,0.00,0.00,0.00,0.00,
Left Percent:
0.00,0.00,0.00,0.00,0.00,0.00,0.00,0.00,0.00,0.00,0.00,0.00,0.00,0.00,0.00,0.00,0.00,0.00,0.00,0.00,0.00,0.00,0.00,0.00,0.00,0.00,0.00,0.00,0.00,0.00,0.00,0.00,0.00,0.00,0.00,0.00,0.00,0.00,0.00,0.00,0.00,0.00,0.00,0.00,0.00,0.00,0.00,0.00,0.00,0.00,0.00,0.00,0.00,0.00,0.00,0.00,0.00,0.00,0.01,0.05,0.01,0.00,0.00,
Right Percent:
0.00,0.00,0.00,0.00,0.00,0.00,0.00,0.00,0.00,0.00,0.00,0.00,0.00,0.00,0.00,0.00,0.00,0.00,0.00,0.00,0.00,0.00,0.00,0.00,0.01,0.02,0.03,0.04,0.08,0.16,0.24,0.33,0.37,0.40,0.44,0.41,0.44,0.46,0.47,0.47,0.47,0.48,0.47,0.47,0.46,0.45,0.41,0.37,0.34,0.23,0.15,0.10,0.01,0.00,0.00,0.00,0.00,0.00,0.00,0.00,0.00,0.00,0.00,
Left Percent:
0.00,0.00,0.00,0.00,0.00,0.00,0.00,0.00,0.00,0.00,0.00,0.02,0.04,0.06,0.08,0.10,0.12,0.15,0.18,0.20,0.23,0.26,0.28,0.32,0.34,0.36,0.39,0.42,0.44,0.47,0.51,0.54,0.56,0.57,0.59,0.60,0.61,0.62,0.62,0.62,0.62,0.61,0.61,0.60,0.60,0.58,0.58,0.58,0.57,0.55,0.55,0.57,0.59,0.60,0.60,0.59,0.55,0.51,0.50,0.51,0.42,0.39,0.50,
Right Percent:
0.00,0.00,0.00,0.00,0.00,0.00,0.00,0.00,0.00,0.00,0.00,0.00,0.00,0.00,0.00,0.00,0.00,0.00,0.00,0.00,0.00,0.00,0.00,0.00,0.00,0.00,0.00,0.03,0.13,0.20,0.24,0.29,0.31,0.32,0.33,0.33,0.30,0.33,0.34,0.34,0.34,0.34,0.34,0.34,0.34,0.33,0.32,0.31,0.28,0.20,0.15,0.06,0.00,0.00,0.00,0.00,0.00,0.54,0.85,0.89,0.89,0.88,0.55,
Left Percent:
0.00,0.00,0.00,0.00,0.00,0.00,0.00,0.00,0.00,0.00,0.00,0.00,0.00,0.00,0.00,0.00,0.00,0.00,0.00,0.00,0.00,0.00,0.00,0.00,0.00,0.00,0.00,0.00,0.00,0.00,0.00,0.00,0.00,0.00,0.02,0.03,0.02,0.10,0.09,0.09,0.10,0.09,0.09,0.08,0.07,0.05,0.03,0.00,0.00,0.00,0.00,0.00,0.00,0.00,0.00,0.00,0.00,0.01,0.04,0.06,0.02,0.03,0.06,
Right Percent:
0.00,0.00,0.00,0.00,0.00,0.00,0.00,0.00,0.00,0.00,0.00,0.00,0.00,0.01,0.01,0.01,0.02,0.03,0.03,0.04,0.05,0.06,0.07,0.08,0.09,0.10,0.11,0.13,0.16,0.18,0.20,0.22,0.23,0.25,0.26,0.28,0.34,0.31,0.31,0.31,0.31,0.30,0.29,0.28,0.27,0.26,0.24,0.23,0.21,0.19,0.15,0.09,0.04,0.00,0.00,0.00,0.00,0.00,0.02,0.02,0.03,0.00,0.00,
Left Percent:
0.00,0.00,0.00,0.00,0.00,0.00,0.00,0.00,0.00,0.00,0.00,0.00,0.00,0.00,0.00,0.00,0.00,0.00,0.00,0.00,0.00,0.00,0.00,0.00,0.00,0.00,0.00,0.00,0.00,0.00,0.00,0.00,0.00,0.00,0.00,0.00,0.00,0.00,0.00,0.00,0.00,0.00,0.00,0.00,0.00,0.00,0.00,0.00,0.00,0.00,0.00,0.00,0.00,0.00,0.00,0.00,0.00,0.00,0.00,0.00,0.00,0.00,0.00,
Right Percent:
0.00,0.00,0.00,0.00,0.00,0.00,0.00,0.00,0.00,0.00,0.00,0.00,0.00,0.00,0.00,0.00,0.00,0.00,0.00,0.00,0.00,0.01,0.01,0.03,0.04,0.06,0.08,0.11,0.17,0.26,0.31,0.37,0.40,0.43,0.47,0.47,0.48,0.48,0.48,0.48,0.49,0.49,0.48,0.48,0.47,0.47,0.43,0.40,0.38,0.32,0.25,0.16,0.06,0.00,0.00,0.00,0.00,0.00,0.00,0.00,0.00,0.00,0.00,
Left Percent:
0.00,0.00,0.00,0.00,0.00,0.00,0.00,0.00,0.00,0.01,0.01,0.02,0.03,0.03,0.03,0.04,0.04,0.05,0.05,0.06,0.06,0.07,0.08,0.09,0.10,0.11,0.12,0.14,0.15,0.16,0.18,0.19,0.20,0.21,0.22,0.23,0.23,0.23,0.23,0.23,0.23,0.23,0.22,0.22,0.22,0.22,0.21,0.20,0.19,0.19,0.20,0.25,0.28,0.24,0.25,0.25,0.23,0.19,0.14,0.14,0.09,0.14,0.17,
Right Percent:
0.00,0.00,0.00,0.00,0.00,0.00,0.00,0.00,0.00,0.00,0.00,0.00,0.00,0.00,0.00,0.00,0.00,0.00,0.00,0.00,0.00,0.00,0.00,0.00,0.00,0.00,0.01,0.02,0.07,0.16,0.25,0.27,0.26,0.26,0.26,0.22,0.25,0.25,0.25,0.26,0.26,0.25,0.24,0.25,0.24,0.23,0.19,0.19,0.20,0.20,0.27,0.29,0.05,0.00,0.00,0.00,0.00,0.34,0.77,0.84,0.74,0.49,0.02,
Left Percent:
0.00,0.01,0.01,0.01,0.01,0.01,0.01,0.00,0.01,0.01,0.02,0.02,0.02,0.03,0.04,0.04,0.04,0.05,0.05,0.06,0.07,0.08,0.08,0.09,0.10,0.11,0.11,0.13,0.15,0.17,0.19,0.19,0.21,0.22,0.23,0.23,0.24,0.24,0.24,0.24,0.24,0.24,0.23,0.23,0.22,0.22,0.22,0.21,0.20,0.22,0.24,0.28,0.30,0.26,0.27,0.29,0.26,0.22,0.17,0.16,0.10,0.20,0.23,
Right Percent:
0.00,0.00,0.00,0.00,0.00,0.00,0.00,0.00,0.00,0.00,0.00,0.00,0.00,0.00,0.00,0.00,0.00,0.01,0.01,0.02,0.02,0.04,0.06,0.08,0.12,0.17,0.22,0.28,0.35,0.40,0.45,0.47,0.50,0.52,0.55,0.53,0.54,0.54,0.54,0.54,0.54,0.54,0.54,0.54,0.53,0.52,0.51,0.49,0.46,0.45,0.44,0.44,0.38,0.13,0.04,0.02,0.00,0.00,0.00,0.00,0.00,0.00,0.00,
Left Percent:
0.00,0.00,0.00,0.00,0.00,0.00,0.00,0.00,0.00,0.00,0.00,0.00,0.00,0.00,0.01,0.02,0.03,0.05,0.07,0.10,0.13,0.17,0.22,0.26,0.31,0.34,0.40,0.42,0.46,0.49,0.52,0.54,0.56,0.57,0.58,0.61,0.60,0.60,0.60,0.60,0.60,0.60,0.60,0.59,0.58,0.58,0.58,0.57,0.57,0.56,0.54,0.53,0.54,0.54,0.53,0.52,0.47,0.44,0.44,0.46,0.37,0.25,0.42,
Right Percent:
0.00,0.00,0.00,0.00,0.00,0.00,0.00,0.00,0.00,0.00,0.00,0.00,0.00,0.00,0.00,0.00,0.00,0.00,0.01,0.01,0.02,0.04,0.08,0.12,0.17,0.24,0.32,0.36,0.42,0.46,0.49,0.51,0.53,0.54,0.55,0.57,0.57,0.58,0.57,0.57,0.57,0.57,0.57,0.57,0.56,0.55,0.54,0.54,0.52,0.50,0.48,0.41,0.32,0.07,0.01,0.00,0.00,0.00,0.00,0.00,0.00,0.01,0.00,
Left Percent:
0.00,0.00,0.00,0.00,0.00,0.00,0.00,0.00,0.00,0.00,0.00,0.00,0.00,0.00,0.00,0.00,0.00,0.00,0.00,0.00,0.00,0.00,0.00,0.03,0.08,0.11,0.13,0.15,0.17,0.19,0.21,0.24,0.26,0.28,0.29,0.32,0.31,0.32,0.32,0.32,0.32,0.30,0.30,0.30,0.30,0.28,0.28,0.28,0.28,0.28,0.29,0.31,0.36,0.40,0.43,0.50,0.60,0.57,0.50,0.49,0.52,0.60,0.63,
Right Percent:
0.00,0.00,0.00,0.00,0.00,0.00,0.00,0.00,0.00,0.00,0.00,0.00,0.00,0.01,0.02,0.03,0.04,0.05,0.07,0.12,0.14,0.17,0.22,0.27,0.32,0.36,0.40,0.43,0.48,0.50,0.53,0.55,0.57,0.59,0.59,0.60,0.60,0.61,0.61,0.61,0.61,0.60,0.60,0.60,0.59,0.58,0.57,0.56,0.56,0.54,0.52,0.50,0.46,0.26,0.17,0.05,0.00,0.00,0.00,0.00,0.00,0.01,0.00,
Left Percent:
0.00,0.00,0.00,0.00,0.00,0.00,0.00,0.00,0.00,0.00,0.00,0.02,0.03,0.06,0.08,0.10,0.13,0.15,0.18,0.20,0.23,0.25,0.29,0.32,0.34,0.36,0.38,0.41,0.44,0.46,0.49,0.52,0.53,0.55,0.56,0.56,0.57,0.58,0.57,0.58,0.57,0.57,0.57,0.56,0.56,0.56,0.56,0.55,0.55,0.55,0.55,0.57,0.59,0.59,0.59,0.59,0.56,0.53,0.52,0.53,0.43,0.47,0.53,
Right Percent:
0.00,0.00,0.00,0.00,0.00,0.00,0.00,0.00,0.00,0.00,0.00,0.00,0.00,0.00,0.00,0.00,0.00,0.00,0.00,0.00,0.00,0.00,0.00,0.00,0.00,0.00,0.00,0.00,0.00,0.00,0.00,0.01,0.01,0.01,0.02,0.02,0.00,0.02,0.02,0.03,0.04,0.05,0.02,0.02,0.03,0.04,0.04,0.02,0.01,0.02,0.02,0.11,0.06,0.01,0.08,0.03,0.00,0.00,0.00,0.00,0.00,0.00,0.00,
Left Percent:
0.00,0.00,0.00,0.00,0.00,0.00,0.00,0.00,0.00,0.00,0.00,0.02,0.06,0.17,0.26,0.29,0.31,0.33,0.33,0.32,0.32,0.31,0.32,0.31,0.31,0.30,0.31,0.31,0.32,0.33,0.34,0.35,0.36,0.37,0.37,0.38,0.39,0.41,0.40,0.39,0.39,0.39,0.39,0.39,0.39,0.39,0.39,0.39,0.40,0.41,0.42,0.44,0.45,0.47,0.52,0.71,0.78,0.78,0.77,0.77,0.76,0.80,0.80,
Right Percent:
0.00,0.00,0.00,0.00,0.00,0.00,0.00,0.00,0.00,0.00,0.00,0.00,0.00,0.00,0.00,0.00,0.00,0.00,0.01,0.01,0.02,0.02,0.04,0.05,0.06,0.08,0.10,0.13,0.16,0.18,0.19,0.21,0.22,0.24,0.25,0.26,0.27,0.29,0.28,0.28,0.28,0.28,0.28,0.27,0.27,0.27,0.26,0.26,0.25,0.23,0.21,0.18,0.17,0.05,0.01,0.00,0.00,0.01,0.07,0.10,0.09,0.16,0.04,
Left Percent:
0.00,0.00,0.00,0.00,0.00,0.00,0.00,0.00,0.00,0.00,0.00,0.00,0.00,0.00,0.00,0.00,0.00,0.01,0.02,0.03,0.07,0.09,0.14,0.16,0.22,0.26,0.34,0.36,0.37,0.40,0.43,0.46,0.48,0.50,0.51,0.52,0.53,0.53,0.53,0.53,0.53,0.53,0.52,0.51,0.51,0.50,0.50,0.49,0.49,0.47,0.43,0.37,0.37,0.33,0.25,0.21,0.16,0.14,0.27,0.36,0.11,0.00,0.03,
Right Percent:
0.00,0.00,0.00,0.00,0.00,0.00,0.00,0.00,0.00,0.00,0.00,0.00,0.00,0.00,0.00,0.00,0.00,0.00,0.00,0.00,0.00,0.00,0.00,0.00,0.00,0.00,0.00,0.15,0.18,0.21,0.22,0.24,0.26,0.28,0.29,0.31,0.32,0.33,0.33,0.33,0.33,0.33,0.32,0.31,0.30,0.29,0.27,0.25,0.24,0.22,0.17,0.10,0.04,0.00,0.00,0.00,0.00,0.00,0.01,0.01,0.01,0.00,0.00,
Left Percent:
0.00,0.00,0.00,0.00,0.00,0.00,0.00,0.00,0.00,0.00,0.00,0.00,0.00,0.01,0.02,0.03,0.04,0.05,0.06,0.07,0.08,0.09,0.11,0.14,0.17,0.20,0.26,0.31,0.35,0.38,0.42,0.45,0.48,0.50,0.52,0.53,0.54,0.54,0.54,0.54,0.54,0.53,0.53,0.53,0.52,0.51,0.50,0.49,0.49,0.47,0.44,0.44,0.47,0.50,0.48,0.45,0.38,0.27,0.21,0.22,0.08,0.09,0.24,
Right Percent:
0.00,0.00,0.00,0.00,0.00,0.00,0.00,0.00,0.00,0.00,0.00,0.00,0.00,0.00,0.00,0.00,0.00,0.00,0.00,0.00,0.00,0.00,0.00,0.00,0.01,0.03,0.05,0.10,0.13,0.16,0.19,0.21,0.22,0.23,0.25,0.25,0.24,0.25,0.26,0.26,0.26,0.25,0.25,0.24,0.23,0.23,0.21,0.20,0.18,0.15,0.10,0.00,0.00,0.00,0.00,0.00,0.00,0.00,0.60,0.74,0.50,0.00,0.00,
Left Percent:
0.00,0.00,0.00,0.00,0.00,0.00,0.00,0.00,0.00,0.00,0.00,0.00,0.00,0.00,0.00,0.00,0.00,0.00,0.00,0.00,0.00,0.00,0.00,0.00,0.00,0.00,0.00,0.00,0.00,0.00,0.00,0.00,0.00,0.00,0.00,0.00,0.00,0.03,0.02,0.03,0.03,0.04,0.03,0.01,0.00,0.00,0.00,0.00,0.00,0.00,0.00,0.00,0.00,0.00,0.00,0.00,0.00,0.01,0.39,0.62,0.20,0.02,0.02,
Right Percent:
0.00,0.00,0.00,0.00,0.00,0.00,0.00,0.00,0.00,0.00,0.00,0.00,0.00,0.00,0.00,0.00,0.01,0.01,0.02,0.02,0.04,0.06,0.09,0.11,0.13,0.16,0.19,0.22,0.25,0.28,0.30,0.33,0.35,0.36,0.37,0.40,0.42,0.42,0.42,0.41,0.41,0.41,0.41,0.39,0.38,0.37,0.36,0.34,0.33,0.30,0.27,0.18,0.08,0.00,0.00,0.00,0.00,0.00,0.06,0.04,0.08,0.27,0.00,
Left Percent:
0.00,0.00,0.00,0.00,0.00,0.00,0.00,0.00,0.00,0.00,0.00,0.00,0.00,0.00,0.00,0.00,0.00,0.00,0.00,0.00,0.00,0.00,0.00,0.00,0.00,0.00,0.00,0.00,0.00,0.00,0.00,0.00,0.00,0.00,0.00,0.00,0.00,0.00,0.00,0.00,0.00,0.00,0.00,0.00,0.00,0.00,0.00,0.00,0.00,0.00,0.00,0.00,0.00,0.00,0.00,0.00,0.00,0.00,0.00,0.00,0.00,0.00,0.00,
Right Percent:
0.00,0.00,0.00,0.00,0.00,0.00,0.00,0.00,0.00,0.00,0.00,0.00,0.00,0.00,0.00,0.00,0.00,0.00,0.00,0.00,0.00,0.00,0.00,0.00,0.00,0.00,0.00,0.00,0.00,0.00,0.00,0.00,0.00,0.00,0.00,0.00,0.00,0.00,0.00,0.00,0.00,0.00,0.00,0.00,0.00,0.00,0.00,0.00,0.00,0.00,0.00,0.00,0.00,0.00,0.00,0.00,0.00,0.00,0.00,0.00,0.00,0.00,0.00,
Left Percent:
0.00,0.00,0.00,0.00,0.00,0.00,0.00,0.00,0.00,0.00,0.00,0.00,0.00,0.00,0.01,0.02,0.05,0.09,0.20,0.29,0.36,0.41,0.44,0.47,0.50,0.52,0.54,0.55,0.56,0.57,0.57,0.57,0.56,0.54,0.58,0.50,0.49,0.48,0.48,0.48,0.48,0.47,0.47,0.48,0.50,0.51,0.52,0.54,0.57,0.59,0.60,0.63,0.64,0.64,0.65,0.67,0.68,0.66,0.63,0.64,0.64,0.66,0.68,
Right Percent:
0.00,0.00,0.00,0.00,0.00,0.00,0.00,0.00,0.00,0.00,0.00,0.00,0.00,0.00,0.00,0.00,0.00,0.00,0.00,0.00,0.00,0.00,0.00,0.00,0.01,0.01,0.01,0.03,0.05,0.09,0.15,0.28,0.34,0.42,0.48,0.48,0.51,0.51,0.52,0.51,0.50,0.51,0.50,0.48,0.42,0.40,0.39,0.36,0.27,0.18,0.14,0.14,0.10,0.01,0.01,0.00,0.00,0.00,0.00,0.00,0.00,0.00,0.00,
Left Percent:
0.00,0.00,0.00,0.00,0.00,0.00,0.00,0.00,0.00,0.00,0.00,0.00,0.00,0.00,0.00,0.00,0.00,0.00,0.00,0.00,0.00,0.00,0.00,0.00,0.00,0.00,0.01,0.01,0.02,0.05,0.09,0.14,0.18,0.25,0.27,0.35,0.36,0.36,0.36,0.36,0.36,0.37,0.37,0.36,0.36,0.36,0.33,0.29,0.24,0.16,0.07,0.04,0.09,0.23,0.11,0.05,0.01,0.00,0.00,0.00,0.00,0.00,0.00,
Right Percent:
0.00,0.00,0.00,0.00,0.00,0.00,0.00,0.00,0.00,0.00,0.00,0.00,0.00,0.00,0.00,0.00,0.00,0.00,0.00,0.00,0.00,0.00,0.00,0.00,0.00,0.00,0.00,0.00,0.00,0.00,0.00,0.00,0.00,0.00,0.00,0.00,0.00,0.00,0.00,0.00,0.00,0.00,0.00,0.00,0.00,0.00,0.00,0.00,0.00,0.00,0.00,0.00,0.00,0.00,0.00,0.00,0.00,0.12,0.64,0.75,0.67,0.36,0.24,
Left Percent:
0.00,0.00,0.00,0.00,0.00,0.00,0.00,0.00,0.00,0.00,0.00,0.00,0.00,0.00,0.00,0.00,0.01,0.01,0.02,0.03,0.05,0.07,0.10,0.12,0.16,0.19,0.22,0.25,0.28,0.30,0.31,0.32,0.33,0.33,0.34,0.33,0.33,0.33,0.33,0.33,0.33,0.33,0.33,0.33,0.33,0.32,0.33,0.33,0.34,0.35,0.40,0.45,0.47,0.47,0.48,0.51,0.52,0.50,0.43,0.42,0.36,0.45,0.51,
Right Percent:
0.00,0.00,0.00,0.00,0.00,0.00,0.00,0.00,0.00,0.00,0.00,0.00,0.00,0.00,0.00,0.00,0.00,0.00,0.00,0.00,0.00,0.01,0.01,0.01,0.01,0.02,0.03,0.05,0.10,0.15,0.25,0.35,0.39,0.42,0.46,0.46,0.48,0.49,0.49,0.50,0.50,0.49,0.48,0.48,0.47,0.44,0.43,0.41,0.36,0.26,0.24,0.26,0.22,0.03,0.01,0.00,0.00,0.00,0.00,0.00,0.00,0.00,0.00,
Left Percent:
0.00,0.00,0.00,0.00,0.00,0.00,0.00,0.00,0.00,0.00,0.00,0.00,0.01,0.02,0.03,0.04,0.05,0.07,0.08,0.10,0.12,0.15,0.17,0.20,0.23,0.25,0.26,0.29,0.31,0.33,0.35,0.37,0.38,0.38,0.39,0.40,0.40,0.43,0.39,0.40,0.39,0.39,0.38,0.38,0.38,0.38,0.38,0.38,0.39,0.41,0.43,0.49,0.49,0.46,0.51,0.53,0.54,0.54,0.54,0.55,0.50,0.60,0.56,
Right Percent:
0.00,0.00,0.00,0.00,0.00,0.00,0.00,0.00,0.00,0.00,0.00,0.00,0.00,0.00,0.00,0.00,0.00,0.00,0.01,0.01,0.03,0.05,0.07,0.09,0.12,0.14,0.16,0.17,0.18,0.19,0.21,0.22,0.23,0.24,0.26,0.28,0.29,0.33,0.31,0.32,0.31,0.31,0.31,0.30,0.29,0.28,0.27,0.25,0.24,0.23,0.21,0.19,0.17,0.10,0.02,0.00,0.00,0.03,0.12,0.14,0.14,0.34,0.06,
Left Percent:
0.00,0.00,0.00,0.00,0.00,0.00,0.00,0.00,0.00,0.00,0.00,0.00,0.00,0.00,0.00,0.00,0.00,0.00,0.00,0.00,0.00,0.00,0.00,0.00,0.00,0.00,0.00,0.00,0.00,0.00,0.00,0.00,0.00,0.00,0.00,0.00,0.00,0.00,0.00,0.00,0.00,0.00,0.00,0.00,0.00,0.00,0.00,0.00,0.00,0.00,0.00,0.00,0.00,0.00,0.00,0.00,0.00,0.00,0.00,0.00,0.00,0.00,0.00,
Right Percent:
0.00,0.00,0.00,0.00,0.00,0.00,0.00,0.00,0.00,0.00,0.00,0.01,0.02,0.03,0.07,0.12,0.18,0.25,0.28,0.31,0.33,0.35,0.37,0.38,0.39,0.40,0.41,0.41,0.42,0.40,0.40,0.39,0.38,0.38,0.38,0.36,0.33,0.35,0.36,0.36,0.36,0.36,0.36,0.36,0.36,0.36,0.36,0.37,0.37,0.38,0.40,0.37,0.09,0.00,0.00,0.00,0.00,0.50,0.83,0.86,0.71,0.60,0.23,
Left Percent:
0.00,0.00,0.00,0.00,0.00,0.00,0.01,0.01,0.01,0.01,0.03,0.18,0.23,0.31,0.34,0.38,0.40,0.42,0.44,0.46,0.47,0.47,0.48,0.49,0.50,0.49,0.49,0.47,0.46,0.45,0.45,0.45,0.45,0.45,0.46,0.46,0.49,0.47,0.47,0.47,0.47,0.47,0.46,0.46,0.46,0.46,0.46,0.46,0.47,0.50,0.54,0.63,0.65,0.64,0.70,0.72,0.73,0.73,0.74,0.75,0.73,0.73,0.75,
Right Percent:
0.00,0.00,0.00,0.00,0.00,0.00,0.00,0.00,0.00,0.00,0.02,0.05,0.08,0.21,0.33,0.41,0.46,0.50,0.53,0.57,0.59,0.61,0.62,0.62,0.62,0.58,0.52,0.46,0.43,0.41,0.38,0.37,0.36,0.37,0.37,0.37,0.39,0.37,0.37,0.37,0.37,0.37,0.37,0.36,0.36,0.36,0.35,0.35,0.34,0.34,0.34,0.35,0.31,0.29,0.41,0.31,0.49,0.86,0.89,0.89,0.93,0.96,0.88,
Left Percent:
0.00,0.00,0.03,0.02,0.01,0.02,0.02,0.02,0.03,0.03,0.10,0.26,0.29,0.33,0.35,0.37,0.39,0.40,0.40,0.41,0.42,0.42,0.43,0.43,0.43,0.43,0.43,0.42,0.41,0.40,0.40,0.40,0.40,0.40,0.41,0.41,0.41,0.42,0.42,0.41,0.41,0.41,0.40,0.40,0.40,0.40,0.40,0.41,0.42,0.45,0.48,0.53,0.57,0.54,0.64,0.68,0.70,0.71,0.72,0.72,0.71,0.71,0.72,
Right Percent:
0.00,0.00,0.00,0.00,0.00,0.00,0.00,0.00,0.00,0.00,0.01,0.02,0.05,0.07,0.15,0.26,0.33,0.39,0.44,0.49,0.51,0.54,0.55,0.56,0.57,0.56,0.53,0.49,0.47,0.44,0.42,0.40,0.39,0.39,0.39,0.39,0.37,0.39,0.39,0.38,0.38,0.38,0.38,0.38,0.37,0.37,0.37,0.36,0.36,0.38,0.38,0.39,0.36,0.29,0.42,0.33,0.42,0.78,0.87,0.88,0.92,0.89,0.79,
Left Percent:
0.00,0.00,0.00,0.00,0.00,0.00,0.00,0.00,0.00,0.00,0.00,0.00,0.00,0.00,0.00,0.00,0.01,0.02,0.03,0.05,0.06,0.09,0.12,0.15,0.18,0.21,0.23,0.26,0.28,0.30,0.31,0.32,0.34,0.34,0.35,0.36,0.38,0.36,0.37,0.37,0.36,0.36,0.35,0.35,0.35,0.35,0.35,0.35,0.35,0.36,0.38,0.42,0.43,0.41,0.44,0.47,0.49,0.47,0.42,0.42,0.34,0.43,0.41,
Right Percent:
0.00,0.00,0.00,0.00,0.00,0.00,0.00,0.00,0.00,0.00,0.00,0.00,0.00,0.00,0.00,0.00,0.01,0.01,0.01,0.01,0.02,0.03,0.04,0.05,0.07,0.08,0.10,0.12,0.14,0.16,0.19,0.21,0.23,0.24,0.25,0.26,0.28,0.27,0.28,0.28,0.28,0.28,0.27,0.27,0.26,0.25,0.25,0.24,0.22,0.20,0.18,0.14,0.11,0.03,0.00,0.00,0.00,0.00,0.00,0.00,0.00,0.00,0.00,
Left Percent:
0.00,0.00,0.00,0.00,0.00,0.00,0.00,0.00,0.00,0.00,0.01,0.02,0.02,0.03,0.04,0.05,0.05,0.06,0.06,0.07,0.08,0.09,0.10,0.11,0.13,0.14,0.15,0.16,0.18,0.19,0.20,0.23,0.25,0.26,0.27,0.27,0.29,0.29,0.29,0.29,0.28,0.28,0.28,0.28,0.27,0.27,0.27,0.25,0.25,0.25,0.28,0.32,0.34,0.32,0.33,0.32,0.29,0.24,0.18,0.17,0.12,0.15,0.24,
Right Percent:
0.00,0.00,0.00,0.00,0.00,0.00,0.00,0.00,0.00,0.00,0.00,0.00,0.00,0.00,0.00,0.00,0.00,0.00,0.00,0.00,0.00,0.00,0.00,0.00,0.00,0.00,0.00,0.00,0.00,0.01,0.01,0.02,0.05,0.07,0.07,0.05,0.13,0.16,0.19,0.17,0.16,0.14,0.14,0.11,0.07,0.09,0.06,0.02,0.02,0.02,0.04,0.12,0.10,0.00,0.01,0.01,0.00,0.00,0.00,0.00,0.00,0.00,0.00,
Left Percent:
0.00,0.00,0.00,0.00,0.00,0.00,0.00,0.00,0.00,0.00,0.01,0.02,0.02,0.03,0.03,0.04,0.04,0.05,0.05,0.05,0.06,0.06,0.07,0.08,0.09,0.10,0.11,0.12,0.14,0.15,0.16,0.16,0.17,0.18,0.19,0.20,0.20,0.21,0.21,0.21,0.21,0.20,0.19,0.19,0.19,0.19,0.19,0.18,0.17,0.17,0.16,0.19,0.21,0.17,0.18,0.19,0.18,0.15,0.11,0.10,0.06,0.10,0.11,
Right Percent:
0.00,0.00,0.00,0.00,0.00,0.00,0.00,0.00,0.00,0.00,0.00,0.00,0.00,0.00,0.00,0.00,0.00,0.00,0.00,0.00,0.01,0.03,0.05,0.10,0.14,0.17,0.20,0.23,0.26,0.27,0.29,0.30,0.31,0.33,0.34,0.34,0.34,0.35,0.35,0.35,0.35,0.35,0.33,0.33,0.33,0.32,0.31,0.31,0.30,0.28,0.28,0.27,0.15,0.00,0.00,0.00,0.00,0.00,0.37,0.66,0.01,0.00,0.00,
Left Percent:
0.00,0.00,0.00,0.00,0.00,0.00,0.00,0.00,0.00,0.00,0.00,0.00,0.00,0.00,0.00,0.00,0.00,0.00,0.00,0.00,0.00,0.00,0.00,0.00,0.00,0.00,0.00,0.00,0.00,0.00,0.00,0.00,0.00,0.00,0.00,0.01,0.01,0.00,0.00,0.00,0.00,0.00,0.00,0.00,0.00,0.00,0.00,0.00,0.00,0.00,0.00,0.00,0.00,0.00,0.00,0.00,0.01,0.07,0.36,0.51,0.13,0.01,0.02,
Right Percent:
0.00,0.00,0.00,0.00,0.00,0.00,0.00,0.00,0.00,0.00,0.00,0.00,0.00,0.00,0.00,0.00,0.00,0.00,0.00,0.00,0.00,0.00,0.00,0.00,0.00,0.00,0.00,0.00,0.00,0.01,0.06,0.20,0.28,0.29,0.31,0.24,0.23,0.27,0.28,0.30,0.31,0.31,0.31,0.31,0.32,0.32,0.26,0.20,0.11,0.01,0.00,0.00,0.00,0.00,0.00,0.00,0.00,0.00,0.30,0.63,0.61,0.00,0.00,
Left Percent:
0.00,0.00,0.00,0.00,0.00,0.00,0.00,0.00,0.00,0.00,0.00,0.00,0.00,0.01,0.02,0.03,0.03,0.05,0.06,0.07,0.08,0.10,0.12,0.14,0.16,0.18,0.19,0.21,0.23,0.24,0.25,0.27,0.28,0.29,0.29,0.30,0.32,0.30,0.30,0.30,0.30,0.30,0.30,0.29,0.29,0.29,0.29,0.29,0.29,0.30,0.34,0.38,0.39,0.36,0.42,0.43,0.46,0.46,0.45,0.46,0.42,0.41,0.49,
Right Percent:
0.00,0.00,0.00,0.00,0.00,0.00,0.00,0.00,0.00,0.00,0.00,0.00,0.00,0.00,0.00,0.00,0.00,0.01,0.01,0.02,0.04,0.07,0.10,0.13,0.16,0.21,0.23,0.27,0.30,0.33,0.35,0.37,0.38,0.40,0.41,0.42,0.47,0.43,0.43,0.43,0.43,0.44,0.43,0.43,0.42,0.41,0.41,0.39,0.38,0.37,0.33,0.28,0.22,0.07,0.04,0.03,0.04,0.09,0.15,0.06,0.19,0.58,0.32,
Left Percent:
0.00,0.00,0.00,0.00,0.00,0.00,0.00,0.00,0.00,0.00,0.00,0.01,0.01,0.01,0.02,0.03,0.04,0.05,0.06,0.08,0.09,0.11,0.13,0.16,0.19,0.22,0.25,0.28,0.30,0.33,0.35,0.37,0.38,0.40,0.42,0.41,0.42,0.43,0.43,0.42,0.42,0.42,0.40,0.40,0.40,0.40,0.40,0.40,0.39,0.40,0.42,0.46,0.47,0.44,0.46,0.47,0.47,0.44,0.41,0.40,0.37,0.47,0.49,
Right Percent:
0.00,0.00,0.00,0.00,0.00,0.00,0.00,0.00,0.00,0.00,0.00,0.00,0.00,0.00,0.00,0.00,0.00,0.00,0.01,0.03,0.05,0.08,0.13,0.19,0.24,0.30,0.35,0.38,0.42,0.45,0.47,0.49,0.51,0.53,0.54,0.53,0.55,0.55,0.56,0.56,0.56,0.55,0.55,0.54,0.53,0.53,0.52,0.51,0.51,0.50,0.49,0.47,0.43,0.27,0.25,0.12,0.00,0.00,0.00,0.00,0.00,0.08,0.00,
Left Percent:
0.00,0.00,0.00,0.00,0.00,0.00,0.00,0.00,0.00,0.00,0.00,0.03,0.04,0.06,0.09,0.10,0.12,0.15,0.17,0.19,0.20,0.23,0.25,0.27,0.29,0.31,0.33,0.36,0.38,0.40,0.42,0.45,0.48,0.49,0.50,0.51,0.52,0.53,0.52,0.52,0.52,0.52,0.51,0.50,0.49,0.49,0.49,0.48,0.48,0.48,0.49,0.51,0.51,0.49,0.48,0.48,0.43,0.36,0.29,0.27,0.14,0.21,0.33,
Right Percent:
0.00,0.00,0.00,0.00,0.00,0.00,0.00,0.00,0.00,0.00,0.00,0.00,0.00,0.01,0.02,0.03,0.05,0.06,0.09,0.11,0.14,0.18,0.21,0.24,0.28,0.32,0.34,0.37,0.40,0.42,0.44,0.47,0.50,0.52,0.53,0.55,0.56,0.56,0.56,0.56,0.56,0.56,0.56,0.55,0.53,0.53,0.52,0.50,0.49,0.47,0.44,0.41,0.36,0.19,0.07,0.00,0.00,0.00,0.00,0.00,0.00,0.00,0.00,
Left Percent:
0.00,0.00,0.00,0.00,0.00,0.00,0.00,0.00,0.00,0.00,0.00,0.00,0.00,0.00,0.00,0.00,0.00,0.00,0.00,0.00,0.00,0.00,0.00,0.00,0.00,0.00,0.00,0.00,0.00,0.00,0.00,0.00,0.00,0.00,0.00,0.00,0.00,0.00,0.00,0.00,0.00,0.00,0.00,0.00,0.00,0.00,0.00,0.00,0.00,0.00,0.00,0.00,0.00,0.00,0.00,0.00,0.00,0.00,0.00,0.00,0.00,0.00,0.00,
Right Percent:
0.00,0.00,0.00,0.00,0.00,0.00,0.00,0.00,0.00,0.00,0.00,0.00,0.00,0.00,0.00,0.01,0.01,0.03,0.04,0.05,0.07,0.09,0.12,0.15,0.18,0.21,0.25,0.29,0.33,0.37,0.39,0.42,0.44,0.46,0.47,0.50,0.50,0.50,0.50,0.50,0.50,0.50,0.49,0.48,0.48,0.46,0.45,0.44,0.41,0.38,0.34,0.24,0.08,0.00,0.00,0.00,0.00,0.00,0.00,0.00,0.00,0.00,0.00,
Left Percent:
0.00,0.00,0.00,0.00,0.00,0.00,0.00,0.00,0.00,0.00,0.01,0.01,0.02,0.02,0.03,0.04,0.04,0.04,0.04,0.05,0.05,0.07,0.08,0.09,0.11,0.12,0.13,0.15,0.17,0.18,0.20,0.23,0.24,0.26,0.26,0.27,0.28,0.28,0.27,0.27,0.27,0.27,0.26,0.25,0.25,0.25,0.24,0.25,0.25,0.26,0.29,0.33,0.35,0.33,0.33,0.34,0.34,0.32,0.25,0.24,0.15,0.23,0.26,
Right Percent:
0.00,0.00,0.00,0.00,0.00,0.00,0.00,0.00,0.00,0.00,0.00,0.00,0.00,0.00,0.00,0.00,0.00,0.01,0.02,0.03,0.05,0.09,0.15,0.21,0.27,0.31,0.35,0.38,0.41,0.44,0.46,0.49,0.52,0.53,0.54,0.55,0.56,0.56,0.56,0.56,0.56,0.56,0.56,0.54,0.53,0.53,0.52,0.51,0.49,0.48,0.46,0.44,0.38,0.17,0.01,0.00,0.00,0.00,0.00,0.00,0.00,0.00,0.00,
Left Percent:
0.00,0.00,0.00,0.00,0.00,0.00,0.00,0.00,0.00,0.00,0.00,0.00,0.00,0.00,0.00,0.00,0.00,0.00,0.00,0.00,0.00,0.00,0.00,0.00,0.01,0.01,0.04,0.06,0.10,0.15,0.24,0.31,0.35,0.38,0.43,0.45,0.50,0.49,0.49,0.48,0.48,0.48,0.48,0.45,0.44,0.41,0.39,0.36,0.33,0.26,0.15,0.07,0.09,0.16,0.10,0.07,0.03,0.02,0.01,0.02,0.00,0.00,0.01,
Right Percent:
0.00,0.00,0.00,0.00,0.00,0.00,0.00,0.00,0.00,0.00,0.00,0.00,0.00,0.00,0.00,0.00,0.00,0.00,0.00,0.01,0.01,0.02,0.03,0.05,0.07,0.11,0.15,0.19,0.22,0.26,0.29,0.31,0.31,0.32,0.32,0.33,0.31,0.32,0.33,0.33,0.33,0.33,0.32,0.32,0.31,0.31,0.30,0.29,0.27,0.25,0.18,0.05,0.00,0.00,0.00,0.00,0.00,0.00,0.02,0.28,0.02,0.00,0.00,
Left Percent:
0.00,0.00,0.00,0.00,0.00,0.00,0.00,0.00,0.00,0.00,0.00,0.00,0.00,0.00,0.01,0.03,0.06,0.10,0.14,0.15,0.17,0.19,0.21,0.23,0.24,0.25,0.25,0.26,0.28,0.29,0.31,0.32,0.33,0.34,0.35,0.35,0.36,0.36,0.36,0.36,0.36,0.36,0.35,0.35,0.35,0.35,0.34,0.35,0.35,0.36,0.37,0.39,0.42,0.42,0.49,0.56,0.61,0.62,0.61,0.61,0.60,0.59,0.63,
Right Percent:
0.00,0.00,0.00,0.00,0.00,0.00,0.00,0.00,0.00,0.00,0.00,0.00,0.00,0.00,0.01,0.02,0.02,0.04,0.06,0.07,0.09,0.12,0.15,0.20,0.24,0.28,0.31,0.33,0.36,0.38,0.40,0.42,0.44,0.46,0.48,0.49,0.50,0.50,0.51,0.51,0.51,0.51,0.51,0.50,0.49,0.48,0.47,0.46,0.44,0.42,0.39,0.35,0.29,0.10,0.08,0.08,0.02,0.05,0.08,0.05,0.17,0.24,0.13,
Left Percent:
0.00,0.00,0.00,0.00,0.00,0.00,0.00,0.00,0.00,0.00,0.00,0.00,0.00,0.00,0.00,0.00,0.00,0.00,0.00,0.00,0.00,0.00,0.00,0.00,0.00,0.00,0.00,0.00,0.00,0.00,0.00,0.00,0.00,0.00,0.00,0.01,0.01,0.00,0.01,0.01,0.01,0.03,0.03,0.04,0.03,0.03,0.00,0.00,0.00,0.00,0.00,0.00,0.00,0.00,0.00,0.00,0.00,0.00,0.00,0.00,0.00,0.00,0.00,
Right Percent:
0.00,0.00,0.00,0.00,0.00,0.00,0.00,0.00,0.00,0.00,0.00,0.00,0.00,0.00,0.00,0.00,0.00,0.00,0.00,0.00,0.00,0.00,0.00,0.01,0.01,0.01,0.02,0.02,0.04,0.06,0.10,0.17,0.22,0.31,0.34,0.35,0.37,0.38,0.39,0.39,0.40,0.41,0.41,0.40,0.39,0.38,0.36,0.25,0.18,0.13,0.09,0.07,0.02,0.00,0.00,0.00,0.00,0.00,0.00,0.00,0.00,0.00,0.00,
Left Percent:
0.00,0.00,0.01,0.00,0.00,0.00,0.00,0.00,0.00,0.00,0.01,0.03,0.04,0.04,0.05,0.05,0.07,0.08,0.08,0.09,0.10,0.11,0.12,0.14,0.15,0.16,0.18,0.19,0.20,0.22,0.23,0.24,0.25,0.26,0.28,0.29,0.29,0.30,0.30,0.30,0.29,0.29,0.28,0.28,0.28,0.27,0.27,0.27,0.26,0.28,0.31,0.36,0.38,0.36,0.38,0.39,0.39,0.38,0.38,0.38,0.33,0.42,0.41,
Right Percent:
0.00,0.00,0.00,0.00,0.00,0.00,0.00,0.00,0.00,0.00,0.00,0.00,0.00,0.00,0.00,0.00,0.00,0.00,0.00,0.00,0.00,0.00,0.00,0.00,0.00,0.00,0.00,0.00,0.00,0.00,0.00,0.01,0.03,0.04,0.07,0.06,0.08,0.11,0.12,0.12,0.12,0.08,0.02,0.03,0.04,0.04,0.02,0.01,0.00,0.00,0.01,0.15,0.01,0.00,0.00,0.00,0.00,0.00,0.00,0.00,0.00,0.00,0.00,
Left Percent:
0.00,0.00,0.00,0.00,0.00,0.00,0.00,0.00,0.00,0.00,0.00,0.02,0.04,0.08,0.12,0.15,0.18,0.21,0.23,0.27,0.29,0.31,0.33,0.35,0.37,0.39,0.41,0.43,0.45,0.47,0.50,0.51,0.53,0.55,0.57,0.58,0.58,0.59,0.58,0.59,0.58,0.58,0.57,0.57,0.57,0.56,0.56,0.56,0.57,0.57,0.58,0.62,0.62,0.60,0.61,0.61,0.60,0.59,0.60,0.62,0.57,0.58,0.60,
Right Percent:
0.00,0.00,0.00,0.00,0.00,0.00,0.00,0.00,0.00,0.00,0.00,0.00,0.00,0.00,0.00,0.00,0.00,0.00,0.00,0.01,0.01,0.02,0.03,0.05,0.07,0.08,0.11,0.14,0.16,0.17,0.18,0.19,0.20,0.22,0.22,0.24,0.25,0.25,0.26,0.26,0.25,0.25,0.25,0.25,0.24,0.24,0.23,0.22,0.21,0.19,0.17,0.15,0.12,0.01,0.00,0.00,0.00,0.00,0.06,0.10,0.11,0.09,0.01,
Left Percent:
0.00,0.00,0.00,0.00,0.00,0.00,0.00,0.00,0.00,0.00,0.01,0.02,0.03,0.04,0.05,0.06,0.07,0.08,0.09,0.11,0.11,0.12,0.14,0.16,0.18,0.20,0.23,0.26,0.30,0.32,0.36,0.39,0.42,0.43,0.44,0.46,0.47,0.47,0.47,0.47,0.47,0.47,0.45,0.45,0.45,0.44,0.44,0.43,0.43,0.43,0.42,0.45,0.47,0.47,0.47,0.46,0.40,0.30,0.20,0.18,0.07,0.16,0.30,
Right Percent:
0.00,0.00,0.00,0.00,0.00,0.00,0.00,0.00,0.00,0.00,0.00,0.00,0.00,0.00,0.00,0.00,0.00,0.00,0.00,0.00,0.00,0.00,0.00,0.00,0.00,0.00,0.00,0.00,0.00,0.00,0.00,0.00,0.01,0.03,0.08,0.02,0.10,0.11,0.11,0.11,0.10,0.10,0.06,0.04,0.06,0.04,0.02,0.00,0.00,0.00,0.00,0.00,0.00,0.00,0.00,0.00,0.00,0.03,0.65,0.78,0.71,0.28,0.09,
Left Percent:
0.00,0.00,0.00,0.00,0.00,0.00,0.00,0.00,0.00,0.00,0.00,0.00,0.00,0.00,0.00,0.00,0.00,0.00,0.00,0.00,0.00,0.00,0.00,0.00,0.00,0.00,0.00,0.00,0.05,0.13,0.15,0.17,0.19,0.21,0.22,0.24,0.25,0.25,0.25,0.25,0.25,0.25,0.24,0.24,0.24,0.23,0.23,0.22,0.21,0.23,0.30,0.38,0.45,0.42,0.57,0.65,0.59,0.38,0.22,0.31,0.31,0.30,0.64,
Right Percent:
0.00,0.00,0.00,0.00,0.00,0.00,0.00,0.00,0.00,0.00,0.00,0.00,0.00,0.00,0.00,0.00,0.00,0.00,0.00,0.00,0.01,0.01,0.02,0.04,0.06,0.09,0.15,0.21,0.31,0.38,0.47,0.51,0.54,0.55,0.57,0.58,0.59,0.60,0.60,0.60,0.60,0.60,0.59,0.58,0.58,0.57,0.55,0.55,0.53,0.49,0.39,0.33,0.19,0.01,0.00,0.00,0.00,0.00,0.00,0.00,0.00,0.00,0.00,
Left Percent:
0.00,0.00,0.00,0.00,0.00,0.00,0.00,0.00,0.00,0.00,0.01,0.02,0.02,0.04,0.05,0.07,0.07,0.08,0.10,0.11,0.13,0.14,0.16,0.19,0.21,0.24,0.26,0.29,0.33,0.35,0.37,0.40,0.42,0.43,0.45,0.46,0.48,0.48,0.48,0.48,0.48,0.48,0.46,0.46,0.46,0.45,0.45,0.43,0.43,0.43,0.43,0.46,0.48,0.47,0.47,0.46,0.39,0.28,0.19,0.17,0.09,0.19,0.29,
Right Percent:
0.00,0.00,0.00,0.00,0.00,0.00,0.00,0.00,0.00,0.00,0.00,0.00,0.00,0.00,0.00,0.00,0.00,0.00,0.00,0.00,0.01,0.01,0.01,0.02,0.03,0.04,0.07,0.11,0.25,0.32,0.39,0.46,0.49,0.53,0.55,0.56,0.59,0.59,0.59,0.59,0.59,0.59,0.58,0.56,0.56,0.56,0.54,0.50,0.47,0.44,0.39,0.43,0.38,0.08,0.05,0.01,0.00,0.00,0.00,0.00,0.00,0.00,0.00,
Left Percent:
0.00,0.00,0.00,0.00,0.00,0.00,0.00,0.00,0.00,0.00,0.00,0.00,0.00,0.00,0.00,0.00,0.00,0.00,0.00,0.00,0.00,0.00,0.00,0.00,0.00,0.00,0.02,0.05,0.06,0.09,0.16,0.22,0.25,0.27,0.28,0.29,0.30,0.32,0.32,0.31,0.32,0.32,0.31,0.31,0.31,0.30,0.29,0.28,0.26,0.22,0.25,0.41,0.54,0.56,0.70,0.74,0.72,0.71,0.76,0.80,0.73,0.74,0.79,
Right Percent:
0.00,0.00,0.00,0.00,0.00,0.00,0.00,0.00,0.00,0.00,0.00,0.00,0.00,0.00,0.00,0.00,0.00,0.00,0.01,0.01,0.01,0.02,0.03,0.04,0.06,0.08,0.10,0.14,0.18,0.21,0.24,0.27,0.29,0.31,0.33,0.35,0.35,0.35,0.37,0.37,0.37,0.37,0.37,0.36,0.35,0.33,0.32,0.30,0.28,0.25,0.19,0.08,0.03,0.00,0.00,0.00,0.00,0.01,0.02,0.01,0.05,0.22,0.02,
Left Percent:
0.00,0.00,0.00,0.00,0.00,0.00,0.00,0.00,0.00,0.00,0.00,0.00,0.00,0.00,0.00,0.00,0.01,0.01,0.02,0.02,0.04,0.06,0.09,0.15,0.20,0.25,0.29,0.32,0.34,0.35,0.36,0.37,0.38,0.39,0.39,0.37,0.38,0.38,0.38,0.38,0.38,0.37,0.37,0.36,0.37,0.37,0.37,0.39,0.41,0.44,0.48,0.53,0.57,0.56,0.60,0.60,0.52,0.27,0.07,0.08,0.01,0.24,0.54,
Right Percent:
0.00,0.00,0.00,0.00,0.00,0.00,0.00,0.00,0.00,0.00,0.00,0.00,0.00,0.00,0.00,0.00,0.00,0.00,0.00,0.00,0.00,0.00,0.00,0.00,0.00,0.00,0.00,0.00,0.00,0.00,0.00,0.00,0.00,0.00,0.00,0.00,0.00,0.00,0.00,0.00,0.00,0.00,0.00,0.00,0.00,0.00,0.00,0.00,0.00,0.00,0.00,0.00,0.00,0.00,0.00,0.00,0.00,0.00,0.00,0.00,0.00,0.00,0.00,
Left Percent:
0.00,0.00,0.00,0.00,0.00,0.00,0.00,0.00,0.00,0.00,0.00,0.02,0.02,0.03,0.05,0.06,0.08,0.10,0.12,0.13,0.16,0.18,0.20,0.24,0.27,0.30,0.33,0.35,0.37,0.39,0.41,0.43,0.45,0.47,0.48,0.49,0.48,0.51,0.50,0.49,0.49,0.48,0.48,0.47,0.47,0.47,0.46,0.46,0.47,0.48,0.50,0.53,0.54,0.51,0.54,0.55,0.54,0.52,0.51,0.51,0.46,0.50,0.55,
Right Percent:
0.00,0.00,0.00,0.00,0.00,0.00,0.00,0.00,0.00,0.00,0.00,0.00,0.00,0.00,0.00,0.00,0.00,0.00,0.00,0.00,0.00,0.01,0.03,0.10,0.18,0.22,0.24,0.26,0.28,0.29,0.31,0.33,0.33,0.34,0.35,0.36,0.34,0.37,0.37,0.36,0.36,0.36,0.35,0.35,0.35,0.35,0.34,0.32,0.30,0.29,0.29,0.30,0.17,0.00,0.00,0.00,0.00,0.60,0.82,0.83,0.86,0.88,0.57,
Left Percent:
0.00,0.00,0.00,0.00,0.00,0.00,0.00,0.00,0.00,0.00,0.00,0.00,0.00,0.00,0.00,0.00,0.00,0.00,0.00,0.00,0.00,0.00,0.00,0.01,0.04,0.09,0.17,0.28,0.36,0.38,0.40,0.42,0.43,0.43,0.43,0.44,0.44,0.44,0.44,0.43,0.43,0.43,0.42,0.42,0.42,0.42,0.42,0.43,0.44,0.46,0.47,0.47,0.52,0.55,0.56,0.55,0.42,0.17,0.16,0.27,0.04,0.24,0.53,
Right Percent:
0.00,0.00,0.00,0.00,0.00,0.00,0.00,0.00,0.00,0.00,0.00,0.00,0.00,0.00,0.00,0.00,0.00,0.00,0.01,0.02,0.04,0.08,0.13,0.20,0.29,0.33,0.37,0.41,0.44,0.44,0.43,0.42,0.42,0.41,0.41,0.42,0.38,0.39,0.40,0.40,0.40,0.40,0.40,0.40,0.40,0.40,0.40,0.40,0.41,0.42,0.43,0.33,0.01,0.00,0.00,0.00,0.00,0.11,0.70,0.82,0.58,0.44,0.00,
Left Percent:
0.00,0.00,0.00,0.00,0.00,0.00,0.00,0.00,0.00,0.00,0.00,0.00,0.01,0.02,0.03,0.05,0.06,0.10,0.12,0.13,0.15,0.19,0.23,0.27,0.30,0.33,0.36,0.40,0.43,0.46,0.49,0.52,0.54,0.55,0.58,0.59,0.59,0.59,0.59,0.59,0.59,0.59,0.59,0.59,0.59,0.57,0.56,0.56,0.56,0.55,0.55,0.56,0.58,0.59,0.59,0.58,0.55,0.52,0.52,0.54,0.41,0.36,0.50,
Right Percent:
0.00,0.00,0.00,0.00,0.00,0.00,0.00,0.00,0.00,0.00,0.00,0.00,0.00,0.00,0.00,0.00,0.00,0.00,0.00,0.00,0.00,0.00,0.00,0.00,0.00,0.00,0.01,0.03,0.08,0.13,0.27,0.41,0.44,0.48,0.51,0.44,0.49,0.51,0.52,0.53,0.54,0.54,0.54,0.54,0.53,0.52,0.49,0.49,0.45,0.35,0.32,0.32,0.18,0.03,0.04,0.00,0.00,0.00,0.00,0.00,0.00,0.00,0.00,
Left Percent:
0.00,0.00,0.00,0.00,0.00,0.00,0.00,0.00,0.00,0.00,0.00,0.00,0.01,0.03,0.04,0.06,0.08,0.09,0.12,0.14,0.17,0.19,0.22,0.26,0.28,0.29,0.32,0.34,0.36,0.38,0.40,0.41,0.43,0.44,0.45,0.49,0.45,0.46,0.45,0.45,0.45,0.44,0.44,0.43,0.43,0.43,0.43,0.43,0.44,0.46,0.49,0.53,0.54,0.51,0.54,0.55,0.55,0.54,0.51,0.52,0.46,0.56,0.56,
Right Percent:
0.00,0.00,0.00,0.00,0.00,0.00,0.00,0.00,0.00,0.00,0.00,0.00,0.00,0.00,0.00,0.00,0.00,0.00,0.00,0.01,0.02,0.03,0.06,0.16,0.25,0.32,0.37,0.40,0.42,0.43,0.44,0.46,0.46,0.47,0.47,0.49,0.46,0.48,0.47,0.47,0.47,0.48,0.47,0.47,0.46,0.46,0.46,0.45,0.45,0.45,0.46,0.45,0.37,0.02,0.07,0.01,0.00,0.00,0.00,0.00,0.00,0.30,0.02,
Left Percent:
0.00,0.00,0.00,0.00,0.00,0.00,0.00,0.00,0.00,0.00,0.00,0.00,0.00,0.00,0.00,0.00,0.00,0.00,0.00,0.00,0.00,0.00,0.00,0.00,0.00,0.00,0.00,0.00,0.01,0.03,0.11,0.13,0.12,0.13,0.13,0.15,0.20,0.25,0.22,0.22,0.22,0.21,0.20,0.20,0.18,0.17,0.14,0.11,0.14,0.21,0.09,0.01,0.09,0.33,0.16,0.24,0.28,0.50,0.68,0.76,0.62,0.39,0.47,
Right Percent:
0.00,0.00,0.00,0.00,0.00,0.00,0.00,0.00,0.00,0.00,0.00,0.00,0.00,0.02,0.05,0.08,0.12,0.17,0.22,0.25,0.28,0.32,0.33,0.35,0.36,0.37,0.37,0.38,0.38,0.38,0.38,0.38,0.37,0.37,0.37,0.37,0.37,0.35,0.37,0.38,0.38,0.38,0.38,0.37,0.37,0.37,0.37,0.37,0.37,0.38,0.37,0.34,0.18,0.00,0.00,0.00,0.00,0.00,0.43,0.44,0.38,0.53,0.20,
Left Percent:
0.00,0.00,0.00,0.00,0.00,0.00,0.00,0.00,0.00,0.00,0.00,0.00,0.01,0.04,0.07,0.12,0.16,0.24,0.29,0.33,0.37,0.40,0.43,0.45,0.48,0.50,0.50,0.49,0.48,0.47,0.47,0.47,0.47,0.47,0.47,0.47,0.49,0.48,0.48,0.48,0.48,0.47,0.47,0.47,0.47,0.46,0.46,0.47,0.48,0.51,0.59,0.68,0.69,0.67,0.72,0.75,0.75,0.75,0.76,0.78,0.74,0.74,0.77,
Right Percent:
0.00,0.00,0.00,0.00,0.00,0.00,0.00,0.00,0.00,0.00,0.00,0.00,0.00,0.00,0.01,0.03,0.07,0.18,0.28,0.36,0.40,0.46,0.48,0.51,0.52,0.54,0.53,0.48,0.44,0.41,0.38,0.37,0.36,0.36,0.36,0.36,0.38,0.35,0.36,0.37,0.37,0.36,0.36,0.36,0.35,0.34,0.34,0.32,0.31,0.33,0.35,0.40,0.35,0.00,0.00,0.00,0.00,0.75,0.89,0.89,0.92,0.91,0.74,
Left Percent:
0.00,0.00,0.01,0.01,0.01,0.01,0.01,0.01,0.01,0.02,0.04,0.20,0.28,0.33,0.37,0.39,0.41,0.42,0.43,0.44,0.45,0.46,0.46,0.47,0.47,0.46,0.45,0.44,0.43,0.43,0.42,0.43,0.43,0.43,0.44,0.44,0.45,0.45,0.45,0.45,0.45,0.45,0.45,0.44,0.44,0.44,0.44,0.44,0.45,0.48,0.49,0.54,0.58,0.58,0.69,0.72,0.74,0.75,0.76,0.77,0.75,0.75,0.77,
Right Percent:
0.00,0.00,0.00,0.00,0.00,0.00,0.00,0.00,0.00,0.00,0.00,0.02,0.12,0.22,0.33,0.41,0.45,0.48,0.50,0.50,0.50,0.50,0.49,0.48,0.46,0.44,0.43,0.40,0.36,0.34,0.33,0.33,0.33,0.34,0.34,0.35,0.35,0.34,0.35,0.35,0.35,0.35,0.34,0.34,0.33,0.33,0.32,0.31,0.31,0.31,0.30,0.30,0.28,0.19,0.31,0.31,0.54,0.87,0.90,0.89,0.91,0.96,0.89,
Left Percent:
0.00,0.00,0.00,0.00,0.00,0.00,0.00,0.00,0.00,0.00,0.00,0.00,0.00,0.00,0.00,0.00,0.00,0.00,0.00,0.00,0.00,0.00,0.00,0.00,0.00,0.00,0.00,0.02,0.08,0.14,0.18,0.19,0.21,0.22,0.23,0.25,0.26,0.27,0.27,0.27,0.27,0.26,0.26,0.26,0.25,0.24,0.24,0.23,0.23,0.23,0.26,0.33,0.40,0.43,0.56,0.57,0.53,0.36,0.32,0.38,0.15,0.42,0.64,
Right Percent:
0.00,0.00,0.00,0.00,0.00,0.00,0.00,0.00,0.00,0.00,0.00,0.00,0.00,0.00,0.01,0.01,0.01,0.02,0.02,0.03,0.05,0.06,0.07,0.09,0.10,0.12,0.13,0.16,0.18,0.21,0.24,0.27,0.29,0.31,0.32,0.33,0.34,0.36,0.35,0.35,0.35,0.35,0.35,0.35,0.34,0.33,0.32,0.30,0.29,0.24,0.19,0.13,0.09,0.01,0.00,0.00,0.00,0.00,0.02,0.02,0.02,0.00,0.00,
Left Percent:
0.00,0.00,0.00,0.00,0.00,0.00,0.00,0.00,0.00,0.00,0.00,0.00,0.00,0.00,0.00,0.00,0.00,0.00,0.00,0.00,0.00,0.00,0.00,0.00,0.00,0.00,0.00,0.00,0.02,0.07,0.12,0.14,0.18,0.20,0.20,0.23,0.23,0.22,0.22,0.22,0.22,0.21,0.21,0.21,0.20,0.20,0.20,0.20,0.22,0.22,0.25,0.29,0.43,0.45,0.50,0.49,0.22,0.00,0.00,0.00,0.00,0.01,0.26,
Right Percent:
0.00,0.00,0.00,0.00,0.00,0.00,0.00,0.00,0.00,0.00,0.00,0.00,0.00,0.00,0.01,0.01,0.01,0.01,0.02,0.02,0.03,0.03,0.04,0.05,0.06,0.08,0.13,0.19,0.25,0.32,0.37,0.41,0.45,0.47,0.52,0.52,0.53,0.54,0.54,0.54,0.54,0.54,0.54,0.53,0.52,0.49,0.48,0.46,0.42,0.36,0.28,0.18,0.09,0.02,0.00,0.00,0.00,0.00,0.00,0.00,0.00,0.00,0.00,
Left Percent:
0.00,0.00,0.00,0.00,0.00,0.00,0.00,0.00,0.00,0.00,0.01,0.02,0.02,0.04,0.05,0.06,0.07,0.08,0.10,0.12,0.14,0.16,0.18,0.20,0.23,0.26,0.28,0.31,0.33,0.35,0.38,0.41,0.43,0.45,0.46,0.47,0.48,0.48,0.48,0.48,0.48,0.47,0.47,0.46,0.45,0.45,0.44,0.44,0.44,0.44,0.44,0.47,0.47,0.45,0.45,0.44,0.40,0.31,0.22,0.20,0.09,0.21,0.30,
Right Percent:
0.00,0.00,0.00,0.00,0.00,0.00,0.00,0.00,0.00,0.00,0.00,0.00,0.00,0.00,0.00,0.00,0.00,0.00,0.00,0.00,0.00,0.01,0.02,0.03,0.06,0.10,0.14,0.18,0.22,0.24,0.26,0.28,0.29,0.31,0.32,0.33,0.33,0.33,0.33,0.33,0.33,0.33,0.33,0.32,0.31,0.30,0.29,0.28,0.27,0.26,0.24,0.18,0.05,0.00,0.00,0.00,0.00,0.00,0.00,0.20,0.00,0.00,0.00,
Left Percent:
0.00,0.00,0.00,0.00,0.00,0.00,0.00,0.00,0.00,0.00,0.00,0.00,0.01,0.03,0.05,0.07,0.09,0.11,0.15,0.18,0.20,0.22,0.25,0.28,0.31,0.33,0.36,0.38,0.42,0.45,0.48,0.50,0.51,0.53,0.54,0.56,0.55,0.55,0.55,0.55,0.55,0.55,0.54,0.54,0.54,0.54,0.53,0.53,0.53,0.54,0.54,0.57,0.58,0.57,0.58,0.58,0.56,0.53,0.51,0.51,0.47,0.50,0.54,
Right Percent:
0.00,0.00,0.00,0.00,0.00,0.00,0.00,0.00,0.00,0.00,0.00,0.00,0.00,0.00,0.00,0.00,0.00,0.00,0.00,0.00,0.00,0.00,0.00,0.00,0.02,0.03,0.06,0.13,0.24,0.34,0.47,0.51,0.53,0.55,0.56,0.49,0.54,0.56,0.56,0.56,0.56,0.57,0.57,0.56,0.56,0.56,0.55,0.55,0.54,0.52,0.47,0.51,0.44,0.11,0.22,0.02,0.00,0.00,0.00,0.00,0.00,0.00,0.00,
Left Percent:
0.00,0.00,0.00,0.00,0.00,0.00,0.00,0.00,0.00,0.00,0.00,0.00,0.00,0.00,0.00,0.00,0.00,0.01,0.01,0.02,0.03,0.05,0.07,0.11,0.14,0.17,0.19,0.21,0.23,0.24,0.26,0.27,0.28,0.28,0.29,0.29,0.29,0.29,0.30,0.29,0.29,0.29,0.29,0.29,0.28,0.28,0.28,0.28,0.28,0.30,0.32,0.36,0.38,0.39,0.41,0.45,0.48,0.48,0.43,0.41,0.30,0.45,0.44,
Right Percent:
0.00,0.00,0.00,0.00,0.00,0.00,0.00,0.00,0.00,0.00,0.00,0.00,0.00,0.01,0.01,0.01,0.01,0.01,0.02,0.02,0.03,0.04,0.04,0.05,0.07,0.10,0.12,0.16,0.21,0.25,0.30,0.33,0.36,0.38,0.41,0.43,0.42,0.43,0.43,0.43,0.42,0.42,0.42,0.41,0.40,0.39,0.38,0.37,0.34,0.31,0.26,0.21,0.15,0.05,0.01,0.00,0.00,0.00,0.00,0.00,0.00,0.00,0.00,
Left Percent:
0.00,0.00,0.00,0.00,0.00,0.00,0.00,0.00,0.00,0.00,0.00,0.01,0.02,0.03,0.05,0.06,0.07,0.08,0.09,0.13,0.17,0.19,0.21,0.27,0.29,0.33,0.36,0.40,0.44,0.48,0.52,0.54,0.57,0.58,0.60,0.61,0.62,0.62,0.63,0.63,0.62,0.62,0.61,0.61,0.60,0.59,0.58,0.58,0.58,0.58,0.56,0.58,0.59,0.59,0.60,0.60,0.57,0.53,0.51,0.53,0.40,0.39,0.52,
Right Percent:
0.00,0.00,0.00,0.00,0.00,0.00,0.00,0.00,0.00,0.00,0.00,0.00,0.00,0.00,0.00,0.00,0.00,0.00,0.00,0.00,0.02,0.03,0.05,0.13,0.19,0.27,0.35,0.37,0.39,0.38,0.38,0.38,0.38,0.40,0.40,0.40,0.39,0.40,0.41,0.41,0.41,0.41,0.41,0.40,0.40,0.40,0.39,0.39,0.38,0.38,0.38,0.35,0.06,0.00,0.00,0.00,0.00,0.00,0.00,0.02,0.00,0.40,0.00,
Left Percent:
0.00,0.00,0.00,0.00,0.00,0.00,0.00,0.00,0.00,0.00,0.00,0.00,0.00,0.00,0.00,0.00,0.00,0.00,0.00,0.00,0.00,0.01,0.01,0.01,0.02,0.02,0.03,0.04,0.08,0.11,0.17,0.24,0.29,0.33,0.35,0.42,0.42,0.42,0.42,0.42,0.42,0.42,0.42,0.42,0.41,0.40,0.36,0.33,0.30,0.26,0.18,0.13,0.20,0.31,0.24,0.17,0.09,0.05,0.04,0.05,0.01,0.01,0.03,
Right Percent:
0.00,0.00,0.00,0.00,0.00,0.00,0.00,0.00,0.00,0.00,0.00,0.00,0.00,0.00,0.00,0.00,0.00,0.00,0.00,0.00,0.00,0.00,0.00,0.00,0.00,0.00,0.00,0.00,0.00,0.00,0.00,0.02,0.05,0.10,0.14,0.08,0.09,0.13,0.12,0.14,0.14,0.14,0.14,0.13,0.12,0.10,0.04,0.01,0.00,0.00,0.00,0.00,0.00,0.00,0.00,0.00,0.00,0.34,0.78,0.85,0.77,0.29,0.04,
Left Percent:
0.00,0.00,0.00,0.00,0.00,0.00,0.00,0.00,0.00,0.00,0.00,0.00,0.00,0.00,0.00,0.00,0.00,0.00,0.00,0.00,0.00,0.00,0.00,0.00,0.01,0.02,0.03,0.08,0.16,0.26,0.30,0.33,0.35,0.37,0.38,0.40,0.41,0.49,0.42,0.41,0.39,0.39,0.37,0.36,0.34,0.33,0.32,0.33,0.37,0.41,0.34,0.29,0.33,0.35,0.31,0.33,0.36,0.45,0.57,0.63,0.51,0.34,0.40,
Right Percent:
0.00,0.00,0.00,0.00,0.00,0.00,0.00,0.00,0.00,0.00,0.00,0.00,0.00,0.00,0.00,0.00,0.00,0.00,0.00,0.00,0.01,0.01,0.02,0.02,0.04,0.05,0.07,0.09,0.12,0.16,0.17,0.18,0.20,0.21,0.22,0.23,0.23,0.30,0.24,0.24,0.24,0.24,0.23,0.23,0.22,0.21,0.20,0.19,0.17,0.16,0.10,0.04,0.01,0.00,0.00,0.00,0.00,0.00,0.03,0.07,0.07,0.14,0.01,
Left Percent:
0.00,0.00,0.00,0.00,0.00,0.00,0.00,0.00,0.00,0.00,0.00,0.00,0.00,0.00,0.00,0.00,0.00,0.00,0.00,0.00,0.00,0.00,0.00,0.00,0.00,0.00,0.00,0.00,0.00,0.00,0.01,0.02,0.04,0.07,0.10,0.22,0.19,0.18,0.18,0.18,0.19,0.19,0.18,0.17,0.16,0.15,0.14,0.08,0.06,0.03,0.01,0.00,0.01,0.04,0.02,0.01,0.01,0.01,0.02,0.04,0.01,0.00,0.01,
Right Percent:
0.00,0.00,0.00,0.00,0.00,0.00,0.00,0.00,0.00,0.00,0.00,0.00,0.00,0.00,0.00,0.00,0.00,0.00,0.00,0.00,0.00,0.00,0.00,0.00,0.00,0.00,0.00,0.00,0.01,0.01,0.03,0.06,0.10,0.20,0.23,0.21,0.27,0.30,0.31,0.32,0.34,0.34,0.35,0.34,0.34,0.33,0.30,0.18,0.08,0.05,0.04,0.04,0.00,0.00,0.00,0.00,0.00,0.00,0.00,0.00,0.00,0.00,0.00,
