Left Percent:
0.00,0.00,0.00,0.00,0.00,0.00,0.00,0.00,0.00,0.00,0.00,0.00,0.00,0.00,0.00,0.00,0.01,0.01,0.02,0.03,0.05,0.06,0.08,0.10,0.12,0.15,0.18,0.25,0.30,0.33,0.37,0.40,0.43,0.44,0.47,0.48,0.48,0.48,0.49,0.48,0.48,0.48,0.48,0.48,0.47,0.46,0.45,0.45,0.45,0.43,0.42,0.42,0.46,0.48,0.46,0.44,0.35,0.20,0.13,0.15,0.03,0.04,0.16,
Right Percent:
0.00,0.00,0.00,0.00,0.00,0.00,0.00,0.00,0.00,0.00,0.00,0.00,0.00,0.00,0.00,0.00,0.00,0.00,0.00,0.00,0.00,0.00,0.00,0.00,0.00,0.00,0.00,0.00,0.00,0.01,0.06,0.19,0.31,0.39,0.45,0.40,0.45,0.48,0.49,0.50,0.50,0.51,0.51,0.51,0.50,0.43,0.41,0.39,0.25,0.07,0.04,0.05,0.01,0.00,0.00,0.00,0.00,0.00,0.00,0.00,0.00,0.00,0.00,
Left Percent:
0.00,0.00,0.00,0.00,0.00,0.00,0.00,0.00,0.00,0.00,0.00,0.00,0.00,0.00,0.00,0.00,0.01,0.01,0.02,0.03,0.05,0.07,0.09,0.13,0.18,0.21,0.25,0.29,0.33,0.35,0.36,0.37,0.39,0.39,0.40,0.40,0.40,0.40,0.40,0.40,0.40,0.40,0.40,0.40,0.40,0.39,0.39,0.40,0.40,0.41,0.44,0.49,0.53,0.52,0.53,0.54,0.53,0.46,0.38,0.37,0.33,0.44,0.52,
Right Percent:
0.00,0.00,0.00,0.00,0.00,0.00,0.00,0.00,0.00,0.00,0.00,0.00,0.00,0.00,0.00,0.00,0.00,0.00,0.00,0.00,0.01,0.01,0.02,0.03,0.04,0.06,0.10,0.16,0.27,0.34,0.38,0.42,0.45,0.48,0.50,0.51,0.52,0.53,0.53,0.53,0.53,0.53,0.52,0.52,0.51,0.49,0.48,0.47,0.43,0.37,0.36,0.34,0.30,0.08,0.02,0.00,0.00,0.00,0.00,0.00,0.00,0.00,0.00,
Left Percent:
0.00,0.00,0.00,0.00,0.00,0.00,0.00,0.00,0.00,0.00,0.00,0.00,0.00,0.00,0.00,0.00,0.00,0.00,0.00,0.00,0.00,0.00,0.00,0.00,0.00,0.00,0.00,0.00,0.00,0.00,0.00,0.00,0.00,0.00,0.00,0.01,0.05,0.02,0.02,0.02,0.02,0.03,0.02,0.02,0.00,0.00,0.00,0.00,0.00,0.00,0.00,0.00,0.00,0.00,0.00,0.00,0.00,0.01,0.08,0.25,0.02,0.03,0.03,
Right Percent:
0.00,0.00,0.00,0.00,0.00,0.00,0.00,0.00,0.00,0.00,0.00,0.00,0.00,0.01,0.01,0.02,0.03,0.04,0.06,0.08,0.09,0.13,0.15,0.18,0.20,0.24,0.27,0.32,0.35,0.37,0.40,0.43,0.44,0.46,0.48,0.49,0.49,0.49,0.49,0.49,0.49,0.49,0.49,0.49,0.48,0.46,0.45,0.44,0.43,0.40,0.36,0.28,0.15,0.00,0.00,0.00,0.00,0.00,0.00,0.00,0.00,0.00,0.00,
Left Percent:
0.00,0.00,0.00,0.00,0.00,0.00,0.00,0.00,0.00,0.00,0.00,0.00,0.00,0.00,0.00,0.00,0.01,0.02,0.03,0.04,0.08,0.12,0.17,0.22,0.26,0.28,0.31,0.34,0.37,0.40,0.41,0.44,0.46,0.47,0.47,0.48,0.52,0.50,0.49,0.49,0.49,0.48,0.48,0.48,0.47,0.46,0.46,0.47,0.48,0.50,0.54,0.58,0.60,0.60,0.62,0.63,0.61,0.59,0.59,0.61,0.53,0.51,0.60,
Right Percent:
0.00,0.00,0.00,0.00,0.00,0.00,0.00,0.00,0.00,0.00,0.00,0.00,0.00,0.00,0.00,0.00,0.00,0.00,0.00,0.00,0.02,0.08,0.17,0.27,0.32,0.35,0.37,0.37,0.37,0.37,0.37,0.36,0.38,0.38,0.40,0.40,0.39,0.39,0.40,0.40,0.41,0.41,0.41,0.40,0.38,0.38,0.37,0.35,0.34,0.33,0.35,0.33,0.17,0.00,0.00,0.00,0.00,0.48,0.84,0.87,0.87,0.51,0.12,
Left Percent:
0.00,0.00,0.00,0.00,0.00,0.00,0.00,0.00,0.00,0.00,0.00,0.00,0.00,0.00,0.00,0.00,0.00,0.00,0.00,0.00,0.00,0.00,0.00,0.00,0.00,0.02,0.07,0.20,0.28,0.33,0.36,0.39,0.40,0.41,0.42,0.43,0.43,0.44,0.43,0.43,0.42,0.41,0.41,0.41,0.40,0.39,0.39,0.40,0.43,0.49,0.51,0.51,0.56,0.57,0.58,0.59,0.56,0.55,0.59,0.63,0.47,0.40,0.56,
Right Percent:
0.00,0.00,0.00,0.00,0.00,0.00,0.00,0.00,0.00,0.00,0.00,0.00,0.00,0.00,0.00,0.01,0.01,0.02,0.03,0.04,0.08,0.10,0.14,0.18,0.22,0.27,0.32,0.35,0.39,0.41,0.43,0.45,0.46,0.47,0.48,0.50,0.48,0.51,0.51,0.51,0.52,0.51,0.51,0.50,0.50,0.48,0.47,0.46,0.46,0.45,0.42,0.36,0.24,0.01,0.00,0.00,0.00,0.00,0.00,0.00,0.01,0.02,0.00,
Left Percent:
0.00,0.00,0.00,0.00,0.00,0.00,0.00,0.00,0.00,0.00,0.00,0.00,0.00,0.00,0.00,0.00,0.00,0.00,0.00,0.00,0.00,0.00,0.00,0.02,0.05,0.10,0.21,0.26,0.30,0.31,0.33,0.35,0.37,0.38,0.38,0.38,0.38,0.37,0.37,0.36,0.35,0.35,0.35,0.34,0.33,0.33,0.34,0.36,0.41,0.45,0.55,0.60,0.64,0.63,0.67,0.69,0.67,0.65,0.64,0.66,0.52,0.55,0.67,
Right Percent:
0.00,0.00,0.00,0.00,0.00,0.00,0.00,0.00,0.00,0.00,0.00,0.00,0.00,0.00,0.00,0.00,0.00,0.00,0.00,0.00,0.00,0.00,0.00,0.00,0.00,0.00,0.01,0.01,0.02,0.04,0.09,0.19,0.27,0.32,0.35,0.23,0.36,0.38,0.39,0.40,0.41,0.41,0.42,0.36,0.37,0.39,0.38,0.31,0.18,0.12,0.06,0.10,0.05,0.00,0.01,0.00,0.00,0.00,0.00,0.00,0.00,0.00,0.00,
Left Percent:
0.00,0.00,0.00,0.00,0.00,0.00,0.00,0.00,0.00,0.00,0.00,0.00,0.00,0.00,0.01,0.01,0.02,0.03,0.05,0.06,0.08,0.10,0.13,0.16,0.19,0.21,0.23,0.26,0.29,0.31,0.32,0.33,0.34,0.34,0.35,0.38,0.35,0.36,0.36,0.35,0.35,0.35,0.35,0.34,0.34,0.34,0.34,0.34,0.35,0.37,0.40,0.45,0.46,0.46,0.48,0.51,0.53,0.52,0.51,0.51,0.47,0.49,0.54,
Right Percent:
0.00,0.00,0.00,0.00,0.00,0.00,0.00,0.00,0.00,0.00,0.00,0.00,0.00,0.00,0.00,0.01,0.01,0.02,0.03,0.05,0.09,0.14,0.20,0.25,0.31,0.34,0.37,0.40,0.42,0.44,0.46,0.48,0.50,0.51,0.51,0.56,0.52,0.53,0.53,0.53,0.53,0.53,0.52,0.52,0.51,0.51,0.50,0.50,0.47,0.47,0.44,0.42,0.35,0.18,0.09,0.02,0.00,0.00,0.00,0.00,0.00,0.14,0.03,
Left Percent:
0.00,0.00,0.00,0.00,0.00,0.00,0.00,0.00,0.00,0.00,0.00,0.00,0.00,0.00,0.00,0.00,0.00,0.00,0.00,0.00,0.00,0.00,0.00,0.00,0.00,0.00,0.00,0.00,0.00,0.00,0.00,0.00,0.00,0.00,0.00,0.00,0.00,0.00,0.00,0.00,0.00,0.00,0.00,0.00,0.00,0.00,0.00,0.00,0.00,0.00,0.00,0.00,0.00,0.00,0.00,0.00,0.00,0.00,0.02,0.06,0.00,0.00,0.00,
Right Percent:
0.00,0.00,0.00,0.00,0.00,0.00,0.00,0.00,0.00,0.00,0.00,0.00,0.00,0.00,0.00,0.00,0.01,0.01,0.02,0.03,0.05,0.10,0.12,0.16,0.19,0.22,0.25,0.29,0.32,0.35,0.38,0.39,0.41,0.42,0.44,0.45,0.47,0.47,0.47,0.46,0.46,0.46,0.46,0.45,0.44,0.43,0.42,0.40,0.39,0.38,0.33,0.26,0.10,0.00,0.00,0.00,0.00,0.00,0.00,0.00,0.01,0.00,0.00,
Left Percent:
0.00,0.00,0.00,0.00,0.00,0.00,0.00,0.00,0.00,0.00,0.00,0.00,0.00,0.00,0.00,0.00,0.00,0.00,0.00,0.01,0.02,0.05,0.08,0.12,0.16,0.20,0.24,0.27,0.31,0.32,0.34,0.36,0.37,0.38,0.39,0.40,0.40,0.40,0.40,0.40,0.40,0.39,0.38,0.38,0.38,0.38,0.38,0.38,0.38,0.39,0.42,0.45,0.48,0.46,0.47,0.50,0.49,0.46,0.41,0.41,0.37,0.43,0.49,
Right Percent:
0.00,0.00,0.00,0.00,0.00,0.00,0.00,0.00,0.00,0.00,0.00,0.00,0.00,0.00,0.00,0.00,0.00,0.00,0.00,0.01,0.02,0.04,0.07,0.10,0.15,0.20,0.25,0.29,0.34,0.37,0.41,0.43,0.46,0.48,0.50,0.50,0.51,0.52,0.52,0.52,0.52,0.51,0.50,0.50,0.49,0.48,0.48,0.46,0.44,0.42,0.41,0.40,0.35,0.16,0.05,0.00,0.00,0.00,0.00,0.00,0.00,0.00,0.00,
Left Percent:
0.00,0.00,0.00,0.00,0.00,0.00,0.00,0.00,0.00,0.00,0.00,0.00,0.00,0.00,0.00,0.00,0.00,0.00,0.00,0.00,0.00,0.00,0.03,0.11,0.16,0.20,0.22,0.24,0.26,0.28,0.31,0.32,0.33,0.34,0.35,0.36,0.37,0.37,0.37,0.36,0.36,0.36,0.36,0.35,0.35,0.35,0.34,0.34,0.36,0.39,0.45,0.51,0.57,0.56,0.64,0.68,0.68,0.62,0.57,0.60,0.37,0.66,0.68,
Right Percent:
0.00,0.00,0.00,0.00,0.00,0.00,0.00,0.00,0.00,0.00,0.00,0.00,0.00,0.00,0.00,0.00,0.00,0.00,0.00,0.00,0.01,0.01,0.02,0.03,0.07,0.11,0.15,0.24,0.32,0.36,0.41,0.43,0.45,0.47,0.48,0.46,0.48,0.49,0.50,0.50,0.50,0.50,0.50,0.49,0.48,0.48,0.47,0.44,0.42,0.40,0.38,0.38,0.29,0.02,0.01,0.00,0.00,0.00,0.00,0.00,0.00,0.00,0.00,
Left Percent:
0.00,0.00,0.00,0.00,0.00,0.00,0.00,0.00,0.00,0.00,0.00,0.00,0.00,0.00,0.01,0.01,0.02,0.03,0.05,0.06,0.07,0.09,0.11,0.14,0.16,0.19,0.23,0.26,0.29,0.32,0.35,0.37,0.38,0.39,0.40,0.41,0.42,0.42,0.42,0.42,0.42,0.42,0.42,0.41,0.41,0.40,0.40,0.40,0.40,0.39,0.40,0.44,0.46,0.45,0.45,0.45,0.42,0.35,0.24,0.22,0.11,0.28,0.38,
Right Percent:
0.00,0.00,0.00,0.00,0.00,0.00,0.00,0.00,0.00,0.00,0.00,0.00,0.00,0.00,0.00,0.00,0.00,0.00,0.00,0.00,0.00,0.00,0.00,0.00,0.01,0.02,0.04,0.05,0.10,0.18,0.35,0.46,0.49,0.51,0.53,0.52,0.54,0.55,0.56,0.56,0.56,0.56,0.55,0.55,0.55,0.54,0.52,0.50,0.46,0.35,0.34,0.45,0.39,0.05,0.02,0.00,0.00,0.00,0.00,0.00,0.00,0.00,0.00,
Left Percent:
0.00,0.00,0.00,0.00,0.00,0.00,0.00,0.00,0.00,0.00,0.00,0.00,0.00,0.01,0.01,0.01,0.02,0.02,0.03,0.04,0.05,0.06,0.09,0.11,0.13,0.15,0.18,0.21,0.25,0.28,0.30,0.32,0.33,0.34,0.35,0.35,0.35,0.36,0.36,0.36,0.36,0.35,0.35,0.35,0.35,0.34,0.34,0.34,0.34,0.34,0.36,0.39,0.40,0.38,0.39,0.40,0.40,0.36,0.30,0.27,0.15,0.32,0.35,
Right Percent:
0.00,0.00,0.00,0.00,0.00,0.00,0.00,0.00,0.00,0.00,0.00,0.00,0.00,0.00,0.00,0.00,0.01,0.01,0.02,0.03,0.05,0.08,0.12,0.15,0.19,0.23,0.27,0.30,0.33,0.35,0.38,0.40,0.41,0.43,0.44,0.45,0.45,0.46,0.46,0.46,0.46,0.45,0.45,0.45,0.44,0.44,0.43,0.42,0.40,0.39,0.37,0.35,0.29,0.11,0.01,0.00,0.00,0.00,0.00,0.00,0.00,0.00,0.00,
Left Percent:
0.00,0.00,0.00,0.00,0.00,0.00,0.00,0.00,0.00,0.00,0.00,0.00,0.00,0.00,0.00,0.00,0.00,0.00,0.00,0.00,0.00,0.00,0.00,0.00,0.00,0.00,0.00,0.00,0.00,0.00,0.02,0.02,0.04,0.06,0.10,0.20,0.16,0.16,0.17,0.17,0.18,0.18,0.19,0.19,0.17,0.17,0.15,0.13,0.11,0.11,0.00,0.00,0.03,0.46,0.39,0.20,0.01,0.00,0.01,0.01,0.00,0.00,0.04,
Right Percent:
0.00,0.00,0.00,0.00,0.00,0.00,0.00,0.00,0.00,0.00,0.00,0.00,0.00,0.00,0.00,0.00,0.00,0.00,0.00,0.00,0.00,0.00,0.00,0.00,0.00,0.00,0.00,0.00,0.00,0.00,0.00,0.00,0.00,0.00,0.00,0.00,0.00,0.00,0.00,0.00,0.00,0.00,0.00,0.00,0.00,0.00,0.00,0.00,0.00,0.00,0.00,0.00,0.00,0.00,0.00,0.00,0.00,0.00,0.00,0.00,0.00,0.00,0.00,
Left Percent:
0.00,0.00,0.00,0.00,0.00,0.00,0.00,0.00,0.00,0.00,0.00,0.00,0.00,0.01,0.02,0.04,0.06,0.09,0.10,0.12,0.14,0.16,0.19,0.22,0.26,0.28,0.32,0.34,0.37,0.40,0.43,0.46,0.47,0.49,0.50,0.51,0.51,0.52,0.52,0.52,0.52,0.51,0.50,0.51,0.50,0.49,0.48,0.47,0.47,0.47,0.48,0.50,0.51,0.50,0.50,0.49,0.44,0.38,0.31,0.31,0.13,0.20,0.36,
Right Percent:
0.00,0.00,0.00,0.00,0.00,0.00,0.00,0.00,0.00,0.00,0.00,0.00,0.00,0.00,0.00,0.00,0.00,0.00,0.00,0.01,0.03,0.05,0.08,0.14,0.19,0.25,0.30,0.35,0.37,0.40,0.42,0.44,0.46,0.48,0.49,0.50,0.50,0.51,0.51,0.51,0.51,0.51,0.50,0.50,0.50,0.49,0.47,0.45,0.44,0.43,0.42,0.40,0.34,0.01,0.00,0.00,0.00,0.00,0.00,0.00,0.00,0.00,0.00,
Left Percent:
0.00,0.01,0.09,0.04,0.04,0.06,0.05,0.05,0.05,0.07,0.22,0.37,0.39,0.43,0.45,0.46,0.47,0.48,0.49,0.49,0.49,0.49,0.49,0.49,0.48,0.47,0.47,0.46,0.46,0.46,0.46,0.46,0.46,0.47,0.47,0.47,0.47,0.47,0.47,0.48,0.47,0.47,0.47,0.47,0.47,0.46,0.47,0.47,0.48,0.49,0.51,0.55,0.59,0.63,0.76,0.81,0.81,0.80,0.79,0.80,0.78,0.80,0.83,
Right Percent:
0.00,0.00,0.00,0.00,0.00,0.00,0.00,0.00,0.00,0.00,0.01,0.03,0.08,0.14,0.22,0.29,0.34,0.35,0.36,0.38,0.39,0.39,0.40,0.40,0.41,0.40,0.39,0.38,0.37,0.37,0.37,0.37,0.38,0.39,0.40,0.41,0.41,0.41,0.42,0.42,0.42,0.42,0.42,0.41,0.40,0.40,0.38,0.37,0.36,0.34,0.32,0.29,0.26,0.13,0.07,0.06,0.07,0.46,0.54,0.59,0.46,0.53,0.47,
Left Percent:
0.00,0.00,0.00,0.00,0.00,0.00,0.00,0.00,0.00,0.00,0.00,0.00,0.00,0.00,0.00,0.00,0.00,0.00,0.01,0.03,0.05,0.09,0.12,0.16,0.21,0.25,0.29,0.32,0.37,0.39,0.42,0.44,0.45,0.47,0.48,0.49,0.50,0.51,0.51,0.50,0.50,0.50,0.49,0.49,0.49,0.48,0.47,0.47,0.47,0.47,0.46,0.45,0.46,0.44,0.41,0.39,0.32,0.18,0.24,0.32,0.09,0.00,0.09,
Right Percent:
0.00,0.00,0.00,0.00,0.00,0.00,0.00,0.00,0.00,0.00,0.00,0.00,0.00,0.00,0.00,0.00,0.01,0.02,0.02,0.03,0.04,0.06,0.07,0.10,0.11,0.14,0.16,0.19,0.24,0.26,0.29,0.31,0.33,0.35,0.36,0.38,0.39,0.39,0.40,0.40,0.39,0.39,0.39,0.38,0.38,0.37,0.36,0.34,0.32,0.29,0.23,0.14,0.07,0.00,0.00,0.00,0.00,0.00,0.01,0.02,0.01,0.00,0.00,
Left Percent:
0.00,0.00,0.00,0.00,0.00,0.00,0.00,0.00,0.00,0.00,0.00,0.00,0.00,0.00,0.00,0.00,0.00,0.00,0.00,0.00,0.00,0.00,0.00,0.00,0.00,0.00,0.00,0.00,0.00,0.00,0.00,0.00,0.00,0.00,0.00,0.00,0.00,0.00,0.00,0.00,0.00,0.00,0.00,0.00,0.00,0.00,0.00,0.00,0.00,0.00,0.00,0.00,0.00,0.00,0.00,0.00,0.00,0.00,0.00,0.00,0.00,0.00,0.00,
Right Percent:
0.00,0.00,0.00,0.00,0.00,0.00,0.00,0.00,0.00,0.00,0.00,0.00,0.00,0.00,0.00,0.00,0.00,0.00,0.01,0.01,0.01,0.02,0.04,0.07,0.10,0.14,0.21,0.29,0.35,0.39,0.44,0.48,0.52,0.54,0.55,0.61,0.56,0.57,0.57,0.58,0.58,0.58,0.57,0.57,0.56,0.55,0.53,0.52,0.48,0.44,0.38,0.28,0.04,0.00,0.00,0.00,0.00,0.00,0.00,0.00,0.00,0.01,0.00,
Left Percent:
0.00,0.00,0.00,0.00,0.00,0.00,0.00,0.00,0.00,0.00,0.00,0.01,0.02,0.06,0.08,0.12,0.14,0.17,0.20,0.22,0.25,0.27,0.28,0.29,0.31,0.32,0.34,0.35,0.37,0.38,0.40,0.42,0.43,0.44,0.45,0.46,0.46,0.46,0.45,0.45,0.45,0.45,0.44,0.44,0.44,0.44,0.44,0.45,0.45,0.46,0.49,0.55,0.56,0.55,0.60,0.62,0.64,0.64,0.64,0.66,0.61,0.64,0.67,
Right Percent:
0.00,0.00,0.00,0.00,0.00,0.00,0.00,0.00,0.00,0.00,0.00,0.00,0.00,0.00,0.00,0.00,0.00,0.01,0.01,0.01,0.02,0.04,0.06,0.08,0.10,0.12,0.14,0.16,0.17,0.19,0.20,0.22,0.23,0.24,0.25,0.26,0.27,0.28,0.28,0.28,0.29,0.28,0.28,0.28,0.27,0.27,0.26,0.26,0.25,0.23,0.22,0.19,0.18,0.11,0.04,0.00,0.00,0.03,0.12,0.14,0.14,0.19,0.03,
Left Percent:
0.00,0.00,0.03,0.02,0.03,0.03,0.02,0.02,0.02,0.03,0.09,0.32,0.38,0.43,0.45,0.48,0.50,0.52,0.54,0.55,0.56,0.56,0.56,0.55,0.55,0.52,0.50,0.49,0.49,0.48,0.47,0.48,0.48,0.49,0.49,0.49,0.49,0.49,0.49,0.49,0.49,0.49,0.49,0.49,0.48,0.48,0.48,0.49,0.50,0.51,0.53,0.64,0.69,0.74,0.84,0.86,0.85,0.82,0.82,0.84,0.81,0.82,0.87,
Right Percent:
0.00,0.00,0.00,0.00,0.00,0.00,0.00,0.00,0.00,0.00,0.01,0.04,0.14,0.24,0.33,0.39,0.44,0.46,0.48,0.49,0.50,0.50,0.50,0.49,0.48,0.45,0.43,0.40,0.39,0.37,0.36,0.36,0.36,0.37,0.38,0.38,0.39,0.38,0.39,0.39,0.39,0.38,0.38,0.38,0.37,0.37,0.36,0.35,0.34,0.33,0.31,0.29,0.25,0.12,0.09,0.00,0.15,0.79,0.89,0.88,0.88,0.89,0.77,
Left Percent:
0.00,0.00,0.00,0.00,0.00,0.00,0.00,0.00,0.00,0.00,0.00,0.01,0.06,0.19,0.30,0.34,0.40,0.43,0.45,0.47,0.48,0.48,0.49,0.49,0.49,0.49,0.48,0.47,0.47,0.46,0.47,0.47,0.47,0.48,0.48,0.48,0.48,0.49,0.49,0.49,0.48,0.48,0.48,0.48,0.48,0.48,0.48,0.49,0.49,0.50,0.52,0.59,0.64,0.69,0.82,0.86,0.86,0.84,0.84,0.85,0.82,0.87,0.87,
Right Percent:
0.00,0.00,0.00,0.00,0.00,0.00,0.00,0.00,0.00,0.00,0.00,0.00,0.00,0.00,0.01,0.01,0.02,0.03,0.04,0.07,0.08,0.11,0.14,0.17,0.20,0.23,0.23,0.25,0.26,0.27,0.28,0.30,0.31,0.33,0.34,0.36,0.36,0.35,0.36,0.37,0.36,0.36,0.36,0.35,0.35,0.34,0.33,0.31,0.29,0.27,0.24,0.21,0.18,0.09,0.00,0.00,0.00,0.26,0.37,0.38,0.26,0.52,0.16,
Left Percent:
0.00,0.00,0.00,0.00,0.00,0.00,0.00,0.00,0.00,0.00,0.02,0.13,0.18,0.24,0.27,0.29,0.30,0.32,0.33,0.35,0.36,0.36,0.37,0.39,0.40,0.40,0.41,0.42,0.42,0.43,0.43,0.43,0.44,0.44,0.45,0.45,0.47,0.46,0.46,0.46,0.46,0.45,0.45,0.45,0.45,0.45,0.45,0.45,0.45,0.48,0.50,0.58,0.61,0.60,0.65,0.68,0.69,0.69,0.69,0.70,0.68,0.68,0.71,
Right Percent:
0.00,0.00,0.00,0.00,0.00,0.00,0.00,0.00,0.00,0.00,0.00,0.01,0.06,0.12,0.24,0.34,0.40,0.45,0.48,0.52,0.52,0.52,0.52,0.52,0.50,0.48,0.47,0.43,0.40,0.38,0.38,0.38,0.38,0.38,0.38,0.38,0.41,0.38,0.39,0.39,0.39,0.39,0.38,0.38,0.38,0.37,0.37,0.35,0.34,0.34,0.33,0.32,0.29,0.19,0.11,0.15,0.42,0.83,0.89,0.88,0.91,0.91,0.82,
Left Percent:
0.00,0.00,0.00,0.00,0.00,0.00,0.00,0.00,0.00,0.00,0.00,0.05,0.08,0.15,0.19,0.23,0.26,0.28,0.30,0.31,0.33,0.35,0.37,0.38,0.39,0.40,0.41,0.42,0.43,0.44,0.45,0.46,0.47,0.48,0.49,0.50,0.50,0.49,0.50,0.50,0.49,0.49,0.49,0.49,0.48,0.48,0.49,0.49,0.50,0.52,0.56,0.61,0.64,0.62,0.66,0.68,0.69,0.68,0.69,0.71,0.67,0.67,0.71,
Right Percent:
0.00,0.00,0.00,0.00,0.00,0.00,0.00,0.00,0.00,0.00,0.01,0.02,0.04,0.12,0.25,0.34,0.43,0.48,0.52,0.54,0.55,0.55,0.54,0.54,0.51,0.47,0.45,0.42,0.40,0.37,0.36,0.36,0.36,0.37,0.38,0.38,0.39,0.38,0.39,0.38,0.38,0.38,0.38,0.38,0.37,0.36,0.36,0.35,0.34,0.33,0.33,0.31,0.27,0.16,0.11,0.01,0.40,0.83,0.88,0.87,0.90,0.94,0.85,
Left Percent:
0.00,0.02,0.08,0.05,0.04,0.05,0.06,0.05,0.06,0.07,0.16,0.36,0.38,0.43,0.45,0.49,0.51,0.53,0.54,0.55,0.55,0.56,0.57,0.57,0.57,0.55,0.53,0.50,0.49,0.48,0.48,0.48,0.47,0.48,0.48,0.48,0.49,0.48,0.49,0.49,0.49,0.48,0.48,0.48,0.48,0.48,0.48,0.48,0.49,0.51,0.56,0.67,0.72,0.73,0.81,0.82,0.81,0.79,0.78,0.79,0.78,0.79,0.83,
Right Percent:
0.00,0.00,0.00,0.00,0.00,0.00,0.00,0.00,0.00,0.00,0.01,0.02,0.04,0.10,0.21,0.31,0.39,0.46,0.51,0.54,0.55,0.57,0.59,0.59,0.59,0.55,0.50,0.45,0.42,0.39,0.38,0.37,0.37,0.37,0.38,0.37,0.38,0.37,0.38,0.37,0.37,0.37,0.37,0.37,0.37,0.36,0.35,0.34,0.34,0.34,0.33,0.32,0.28,0.12,0.13,0.00,0.24,0.81,0.88,0.88,0.92,0.93,0.81,
Left Percent:
0.00,0.00,0.00,0.00,0.00,0.00,0.00,0.00,0.00,0.00,0.00,0.01,0.01,0.03,0.04,0.05,0.06,0.07,0.08,0.09,0.10,0.10,0.12,0.14,0.16,0.18,0.20,0.22,0.25,0.28,0.29,0.31,0.32,0.33,0.33,0.34,0.33,0.35,0.35,0.34,0.34,0.33,0.33,0.33,0.33,0.33,0.33,0.33,0.34,0.36,0.38,0.42,0.43,0.42,0.45,0.46,0.47,0.45,0.44,0.45,0.41,0.40,0.47,
Right Percent:
0.00,0.27,0.28,0.33,0.37,0.38,0.37,0.39,0.42,0.43,0.44,0.50,0.53,0.56,0.58,0.61,0.62,0.63,0.64,0.66,0.67,0.67,0.67,0.67,0.67,0.67,0.65,0.63,0.57,0.51,0.47,0.46,0.45,0.45,0.44,0.44,0.43,0.44,0.44,0.44,0.44,0.44,0.44,0.44,0.44,0.44,0.44,0.44,0.43,0.44,0.45,0.45,0.42,0.35,0.50,0.53,0.67,0.93,0.97,0.95,0.98,0.86,0.81,
Left Percent:
0.00,0.00,0.00,0.00,0.00,0.00,0.00,0.00,0.00,0.00,0.00,0.01,0.03,0.06,0.11,0.16,0.21,0.25,0.29,0.32,0.34,0.36,0.38,0.41,0.43,0.44,0.44,0.45,0.45,0.45,0.46,0.47,0.47,0.47,0.48,0.48,0.49,0.49,0.49,0.49,0.48,0.48,0.48,0.48,0.48,0.47,0.48,0.48,0.49,0.55,0.61,0.66,0.68,0.67,0.71,0.72,0.72,0.71,0.71,0.73,0.70,0.70,0.74,
Right Percent:
0.00,0.00,0.00,0.00,0.00,0.00,0.00,0.00,0.00,0.00,0.00,0.00,0.00,0.00,0.00,0.02,0.03,0.07,0.14,0.20,0.27,0.35,0.39,0.44,0.48,0.51,0.51,0.47,0.45,0.42,0.40,0.38,0.38,0.38,0.38,0.39,0.37,0.38,0.39,0.39,0.38,0.38,0.38,0.38,0.38,0.37,0.36,0.35,0.34,0.34,0.34,0.36,0.24,0.00,0.00,0.00,0.00,0.62,0.86,0.87,0.90,0.83,0.53,
Left Percent:
0.00,0.00,0.04,0.02,0.01,0.02,0.03,0.03,0.04,0.05,0.15,0.23,0.24,0.29,0.31,0.32,0.33,0.34,0.35,0.36,0.37,0.37,0.38,0.38,0.39,0.38,0.38,0.38,0.37,0.37,0.37,0.38,0.38,0.39,0.40,0.40,0.42,0.40,0.41,0.40,0.40,0.40,0.40,0.40,0.40,0.39,0.39,0.40,0.41,0.43,0.46,0.48,0.52,0.51,0.60,0.65,0.66,0.67,0.67,0.68,0.67,0.66,0.68,
Right Percent:
0.00,0.00,0.01,0.01,0.01,0.01,0.01,0.01,0.01,0.01,0.03,0.08,0.14,0.34,0.39,0.45,0.50,0.52,0.55,0.56,0.55,0.53,0.53,0.52,0.51,0.50,0.48,0.45,0.42,0.40,0.40,0.39,0.39,0.39,0.39,0.39,0.40,0.39,0.40,0.40,0.39,0.39,0.39,0.39,0.39,0.39,0.38,0.37,0.36,0.35,0.35,0.33,0.32,0.24,0.17,0.41,0.57,0.85,0.90,0.89,0.91,0.92,0.87,
Left Percent:
0.00,0.00,0.00,0.00,0.00,0.00,0.00,0.00,0.00,0.01,0.03,0.12,0.16,0.21,0.24,0.26,0.28,0.29,0.31,0.33,0.34,0.35,0.36,0.38,0.40,0.40,0.41,0.42,0.42,0.43,0.44,0.45,0.45,0.45,0.46,0.46,0.47,0.46,0.46,0.47,0.46,0.46,0.46,0.46,0.46,0.46,0.46,0.46,0.46,0.47,0.51,0.58,0.60,0.58,0.64,0.67,0.68,0.68,0.68,0.69,0.67,0.66,0.69,
Right Percent:
0.00,0.00,0.00,0.00,0.00,0.00,0.00,0.00,0.00,0.00,0.00,0.01,0.08,0.16,0.31,0.39,0.45,0.48,0.50,0.51,0.51,0.51,0.50,0.50,0.49,0.46,0.43,0.39,0.36,0.34,0.33,0.34,0.34,0.35,0.35,0.35,0.37,0.35,0.36,0.36,0.36,0.36,0.35,0.35,0.35,0.34,0.34,0.33,0.32,0.32,0.31,0.30,0.28,0.22,0.13,0.36,0.61,0.86,0.90,0.90,0.91,0.92,0.88,
Left Percent:
0.00,0.00,0.02,0.00,0.00,0.01,0.01,0.02,0.02,0.03,0.10,0.17,0.19,0.25,0.27,0.28,0.30,0.31,0.32,0.34,0.34,0.34,0.35,0.36,0.36,0.36,0.36,0.36,0.36,0.36,0.36,0.37,0.37,0.38,0.38,0.38,0.40,0.38,0.39,0.39,0.38,0.38,0.38,0.38,0.37,0.37,0.37,0.38,0.39,0.41,0.44,0.48,0.50,0.49,0.58,0.62,0.64,0.65,0.65,0.66,0.64,0.63,0.66,
Right Percent:
0.00,0.00,0.00,0.00,0.00,0.00,0.00,0.00,0.00,0.00,0.02,0.08,0.15,0.34,0.38,0.43,0.47,0.50,0.52,0.53,0.52,0.52,0.52,0.52,0.51,0.51,0.49,0.47,0.45,0.43,0.42,0.42,0.42,0.42,0.43,0.43,0.45,0.43,0.43,0.43,0.43,0.43,0.43,0.43,0.42,0.42,0.41,0.40,0.38,0.37,0.36,0.34,0.30,0.20,0.12,0.27,0.48,0.70,0.87,0.88,0.77,0.75,0.70,
Left Percent:
0.00,0.00,0.00,0.00,0.00,0.00,0.00,0.00,0.00,0.00,0.00,0.00,0.01,0.02,0.03,0.04,0.05,0.07,0.10,0.13,0.16,0.20,0.24,0.27,0.30,0.33,0.37,0.42,0.44,0.46,0.48,0.51,0.53,0.54,0.54,0.55,0.55,0.56,0.56,0.55,0.55,0.55,0.55,0.55,0.55,0.54,0.54,0.54,0.53,0.53,0.53,0.54,0.55,0.54,0.54,0.53,0.50,0.45,0.43,0.45,0.35,0.38,0.45,
Right Percent:
0.00,0.00,0.00,0.00,0.00,0.00,0.00,0.00,0.00,0.00,0.00,0.00,0.00,0.00,0.00,0.00,0.00,0.00,0.01,0.01,0.03,0.07,0.10,0.15,0.21,0.27,0.33,0.41,0.45,0.49,0.51,0.55,0.56,0.57,0.58,0.58,0.59,0.60,0.60,0.60,0.60,0.60,0.60,0.59,0.59,0.58,0.58,0.57,0.55,0.54,0.50,0.48,0.43,0.22,0.09,0.00,0.00,0.00,0.00,0.00,0.00,0.00,0.00,
Left Percent:
0.00,0.00,0.00,0.00,0.00,0.00,0.00,0.00,0.00,0.00,0.01,0.02,0.02,0.03,0.04,0.04,0.05,0.05,0.06,0.06,0.07,0.08,0.09,0.10,0.12,0.14,0.16,0.17,0.19,0.20,0.22,0.23,0.25,0.26,0.27,0.28,0.28,0.29,0.29,0.28,0.28,0.27,0.27,0.26,0.26,0.26,0.26,0.26,0.26,0.27,0.31,0.34,0.35,0.33,0.34,0.35,0.33,0.30,0.24,0.24,0.18,0.19,0.29,
Right Percent:
0.00,0.00,0.00,0.00,0.00,0.00,0.00,0.00,0.00,0.00,0.00,0.00,0.00,0.00,0.00,0.00,0.00,0.00,0.00,0.00,0.00,0.00,0.00,0.00,0.01,0.01,0.03,0.05,0.10,0.13,0.16,0.19,0.21,0.22,0.23,0.25,0.25,0.26,0.25,0.24,0.24,0.24,0.23,0.22,0.22,0.22,0.21,0.19,0.17,0.14,0.14,0.13,0.03,0.00,0.00,0.00,0.00,0.60,0.84,0.87,0.80,0.34,0.02,
Left Percent:
0.00,0.00,0.00,0.00,0.00,0.00,0.00,0.00,0.00,0.00,0.00,0.01,0.03,0.05,0.08,0.10,0.13,0.16,0.21,0.23,0.26,0.29,0.31,0.34,0.37,0.40,0.43,0.47,0.50,0.52,0.55,0.57,0.58,0.60,0.61,0.63,0.63,0.63,0.63,0.63,0.63,0.63,0.62,0.61,0.61,0.60,0.61,0.60,0.59,0.59,0.59,0.59,0.60,0.60,0.60,0.60,0.58,0.57,0.57,0.58,0.53,0.51,0.57,
Right Percent:
0.00,0.00,0.00,0.00,0.00,0.00,0.00,0.00,0.00,0.00,0.00,0.00,0.00,0.00,0.00,0.00,0.00,0.00,0.00,0.00,0.01,0.02,0.04,0.07,0.14,0.20,0.30,0.40,0.45,0.48,0.52,0.54,0.55,0.56,0.56,0.61,0.56,0.57,0.57,0.57,0.57,0.58,0.57,0.57,0.57,0.56,0.56,0.56,0.55,0.54,0.52,0.47,0.35,0.03,0.01,0.00,0.00,0.00,0.00,0.00,0.00,0.00,0.00,
Left Percent:
0.00,0.00,0.00,0.00,0.00,0.00,0.00,0.00,0.00,0.00,0.01,0.04,0.07,0.10,0.13,0.15,0.18,0.21,0.23,0.26,0.28,0.30,0.32,0.35,0.38,0.40,0.42,0.45,0.47,0.50,0.52,0.55,0.57,0.58,0.60,0.61,0.63,0.63,0.63,0.64,0.63,0.63,0.62,0.62,0.61,0.61,0.59,0.58,0.58,0.57,0.58,0.60,0.62,0.62,0.63,0.62,0.60,0.57,0.55,0.56,0.50,0.54,0.57,
Right Percent:
0.00,0.00,0.00,0.00,0.00,0.00,0.00,0.00,0.00,0.00,0.00,0.00,0.00,0.00,0.00,0.00,0.00,0.00,0.00,0.00,0.00,0.00,0.00,0.00,0.00,0.06,0.12,0.17,0.22,0.26,0.28,0.31,0.33,0.34,0.35,0.34,0.32,0.33,0.35,0.35,0.35,0.35,0.35,0.35,0.35,0.35,0.34,0.31,0.29,0.27,0.25,0.21,0.01,0.00,0.00,0.00,0.00,0.60,0.86,0.89,0.89,0.86,0.65,
Left Percent:
0.00,0.00,0.00,0.00,0.00,0.00,0.00,0.00,0.00,0.00,0.00,0.00,0.00,0.00,0.00,0.00,0.00,0.00,0.00,0.00,0.00,0.00,0.01,0.01,0.02,0.03,0.05,0.07,0.12,0.19,0.27,0.32,0.35,0.39,0.41,0.44,0.44,0.44,0.44,0.44,0.44,0.44,0.44,0.44,0.44,0.43,0.43,0.40,0.37,0.33,0.29,0.17,0.20,0.30,0.20,0.12,0.05,0.03,0.03,0.06,0.01,0.01,0.01,
Right Percent:
0.00,0.00,0.00,0.00,0.00,0.00,0.00,0.00,0.00,0.00,0.00,0.00,0.00,0.00,0.00,0.00,0.00,0.00,0.00,0.00,0.00,0.00,0.00,0.00,0.00,0.02,0.04,0.07,0.12,0.20,0.29,0.35,0.40,0.45,0.47,0.46,0.48,0.49,0.50,0.50,0.50,0.51,0.51,0.50,0.50,0.49,0.48,0.44,0.38,0.34,0.29,0.26,0.06,0.00,0.00,0.00,0.00,0.00,0.00,0.00,0.00,0.00,0.00,
Left Percent:
0.00,0.00,0.01,0.01,0.01,0.00,0.00,0.00,0.00,0.00,0.01,0.02,0.02,0.03,0.03,0.04,0.05,0.05,0.06,0.07,0.08,0.10,0.12,0.13,0.15,0.17,0.18,0.21,0.23,0.25,0.27,0.30,0.33,0.34,0.36,0.35,0.37,0.37,0.37,0.37,0.36,0.35,0.35,0.35,0.34,0.32,0.33,0.33,0.34,0.35,0.38,0.41,0.42,0.40,0.41,0.42,0.41,0.39,0.35,0.35,0.29,0.41,0.42,
Right Percent:
0.00,0.00,0.00,0.00,0.00,0.00,0.00,0.00,0.00,0.00,0.00,0.00,0.00,0.00,0.00,0.00,0.00,0.00,0.00,0.00,0.00,0.00,0.00,0.00,0.00,0.02,0.04,0.09,0.22,0.31,0.38,0.46,0.51,0.54,0.55,0.52,0.54,0.55,0.55,0.55,0.56,0.55,0.56,0.55,0.54,0.51,0.51,0.50,0.47,0.43,0.41,0.45,0.38,0.01,0.01,0.00,0.00,0.00,0.00,0.00,0.00,0.00,0.00,
Left Percent:
0.00,0.00,0.01,0.00,0.00,0.00,0.00,0.00,0.00,0.01,0.09,0.23,0.24,0.27,0.30,0.31,0.33,0.33,0.34,0.35,0.36,0.37,0.38,0.38,0.38,0.37,0.37,0.36,0.36,0.36,0.36,0.37,0.37,0.38,0.38,0.39,0.40,0.40,0.40,0.40,0.40,0.40,0.40,0.39,0.39,0.39,0.39,0.39,0.40,0.42,0.44,0.48,0.51,0.51,0.62,0.68,0.69,0.69,0.69,0.70,0.69,0.68,0.70,
Right Percent:
0.00,0.00,0.00,0.00,0.00,0.00,0.00,0.00,0.00,0.00,0.00,0.00,0.02,0.07,0.18,0.33,0.41,0.44,0.48,0.50,0.51,0.50,0.50,0.50,0.48,0.46,0.43,0.39,0.37,0.35,0.35,0.35,0.36,0.37,0.37,0.37,0.37,0.37,0.38,0.38,0.38,0.37,0.37,0.37,0.36,0.35,0.34,0.33,0.32,0.32,0.31,0.29,0.27,0.17,0.08,0.24,0.51,0.85,0.91,0.91,0.92,0.91,0.85,
Left Percent:
0.00,0.00,0.00,0.00,0.00,0.00,0.00,0.00,0.00,0.00,0.00,0.01,0.02,0.04,0.08,0.11,0.13,0.16,0.17,0.19,0.24,0.27,0.28,0.33,0.35,0.37,0.39,0.40,0.42,0.45,0.47,0.48,0.50,0.52,0.53,0.54,0.53,0.54,0.54,0.54,0.53,0.52,0.52,0.52,0.51,0.51,0.51,0.51,0.52,0.52,0.55,0.58,0.59,0.56,0.59,0.60,0.59,0.57,0.56,0.56,0.51,0.58,0.60,
Right Percent:
0.00,0.00,0.00,0.00,0.00,0.00,0.00,0.00,0.00,0.00,0.00,0.00,0.00,0.00,0.00,0.00,0.00,0.01,0.01,0.02,0.06,0.12,0.16,0.25,0.32,0.36,0.39,0.41,0.43,0.44,0.45,0.46,0.47,0.48,0.49,0.50,0.48,0.50,0.50,0.50,0.50,0.50,0.50,0.49,0.48,0.48,0.47,0.46,0.46,0.45,0.46,0.44,0.38,0.09,0.12,0.02,0.00,0.00,0.00,0.00,0.00,0.32,0.02,
Left Percent:
0.00,0.00,0.02,0.01,0.01,0.01,0.02,0.02,0.02,0.03,0.08,0.29,0.35,0.39,0.42,0.44,0.45,0.47,0.48,0.49,0.49,0.50,0.50,0.51,0.50,0.49,0.48,0.47,0.46,0.45,0.45,0.45,0.45,0.46,0.46,0.46,0.46,0.46,0.47,0.47,0.47,0.46,0.46,0.46,0.46,0.46,0.46,0.46,0.48,0.50,0.53,0.61,0.66,0.68,0.76,0.79,0.78,0.77,0.77,0.79,0.77,0.77,0.81,
Right Percent:
0.00,0.00,0.00,0.00,0.00,0.00,0.00,0.00,0.00,0.00,0.00,0.01,0.09,0.17,0.30,0.39,0.45,0.48,0.50,0.51,0.51,0.50,0.50,0.49,0.47,0.45,0.43,0.40,0.37,0.35,0.35,0.35,0.36,0.36,0.37,0.37,0.37,0.37,0.38,0.37,0.37,0.37,0.37,0.36,0.36,0.35,0.35,0.34,0.33,0.32,0.32,0.31,0.28,0.19,0.12,0.06,0.46,0.86,0.90,0.90,0.92,0.95,0.88,
Left Percent:
0.00,0.01,0.11,0.06,0.03,0.05,0.07,0.06,0.07,0.09,0.27,0.40,0.42,0.46,0.48,0.49,0.50,0.50,0.51,0.50,0.50,0.50,0.49,0.49,0.48,0.47,0.46,0.45,0.43,0.43,0.42,0.43,0.43,0.43,0.44,0.44,0.45,0.45,0.45,0.45,0.45,0.45,0.45,0.45,0.45,0.44,0.44,0.44,0.45,0.47,0.49,0.54,0.59,0.60,0.73,0.79,0.80,0.79,0.78,0.79,0.78,0.79,0.82,
Right Percent:
0.00,0.00,0.00,0.00,0.00,0.00,0.00,0.00,0.00,0.00,0.00,0.01,0.03,0.08,0.18,0.27,0.34,0.39,0.41,0.43,0.45,0.46,0.46,0.46,0.46,0.45,0.43,0.41,0.39,0.38,0.37,0.37,0.38,0.38,0.39,0.40,0.39,0.40,0.40,0.40,0.40,0.40,0.40,0.39,0.39,0.38,0.37,0.36,0.35,0.34,0.33,0.31,0.27,0.15,0.07,0.07,0.36,0.71,0.88,0.88,0.88,0.77,0.63,
Left Percent:
0.00,0.00,0.00,0.00,0.00,0.00,0.00,0.00,0.00,0.00,0.00,0.00,0.00,0.01,0.01,0.02,0.04,0.07,0.11,0.15,0.22,0.26,0.33,0.38,0.41,0.46,0.49,0.51,0.52,0.52,0.51,0.49,0.49,0.49,0.49,0.49,0.49,0.49,0.49,0.49,0.49,0.49,0.49,0.48,0.48,0.48,0.48,0.49,0.50,0.55,0.66,0.77,0.79,0.80,0.82,0.82,0.79,0.78,0.80,0.83,0.78,0.77,0.81,
Right Percent:
0.00,0.00,0.00,0.00,0.00,0.00,0.00,0.00,0.00,0.00,0.00,0.01,0.03,0.09,0.23,0.31,0.38,0.44,0.48,0.51,0.52,0.53,0.55,0.56,0.56,0.55,0.54,0.52,0.46,0.42,0.40,0.38,0.38,0.37,0.37,0.37,0.38,0.37,0.37,0.37,0.37,0.37,0.37,0.37,0.36,0.36,0.35,0.35,0.34,0.35,0.39,0.41,0.30,0.00,0.00,0.00,0.00,0.79,0.90,0.90,0.93,0.95,0.77,
Left Percent:
0.00,0.00,0.05,0.02,0.01,0.02,0.04,0.04,0.05,0.07,0.16,0.24,0.25,0.30,0.32,0.33,0.34,0.35,0.36,0.37,0.37,0.38,0.38,0.39,0.39,0.39,0.39,0.38,0.37,0.38,0.37,0.38,0.38,0.39,0.40,0.40,0.41,0.41,0.42,0.42,0.42,0.41,0.41,0.41,0.41,0.40,0.40,0.40,0.41,0.42,0.45,0.48,0.50,0.49,0.60,0.64,0.66,0.66,0.67,0.68,0.66,0.66,0.68,
Right Percent:
0.00,0.00,0.01,0.00,0.00,0.00,0.01,0.01,0.01,0.01,0.04,0.10,0.17,0.36,0.41,0.47,0.51,0.54,0.56,0.56,0.55,0.54,0.53,0.53,0.52,0.50,0.47,0.45,0.42,0.39,0.38,0.37,0.37,0.37,0.38,0.37,0.39,0.37,0.38,0.38,0.38,0.38,0.37,0.37,0.37,0.36,0.36,0.35,0.34,0.34,0.33,0.32,0.30,0.22,0.16,0.41,0.57,0.85,0.90,0.89,0.92,0.93,0.88,
Left Percent:
0.00,0.00,0.04,0.02,0.01,0.02,0.04,0.04,0.04,0.06,0.15,0.23,0.25,0.30,0.31,0.32,0.33,0.34,0.35,0.36,0.37,0.38,0.38,0.38,0.39,0.38,0.38,0.37,0.37,0.37,0.36,0.37,0.37,0.38,0.38,0.39,0.40,0.39,0.40,0.40,0.40,0.40,0.39,0.39,0.39,0.39,0.38,0.39,0.39,0.42,0.45,0.48,0.51,0.50,0.60,0.64,0.65,0.66,0.66,0.67,0.66,0.65,0.67,
Right Percent:
0.00,0.00,0.01,0.01,0.01,0.01,0.01,0.01,0.01,0.01,0.04,0.09,0.15,0.33,0.39,0.44,0.49,0.52,0.54,0.55,0.54,0.53,0.52,0.51,0.50,0.48,0.46,0.44,0.41,0.38,0.38,0.37,0.37,0.37,0.38,0.38,0.37,0.37,0.38,0.38,0.38,0.38,0.38,0.37,0.37,0.36,0.36,0.35,0.34,0.34,0.33,0.32,0.31,0.23,0.16,0.40,0.56,0.85,0.90,0.89,0.91,0.92,0.87,
Left Percent:
0.00,0.00,0.04,0.02,0.02,0.02,0.03,0.04,0.04,0.06,0.15,0.23,0.25,0.30,0.31,0.33,0.34,0.35,0.35,0.36,0.37,0.37,0.38,0.38,0.39,0.38,0.38,0.37,0.37,0.38,0.37,0.38,0.39,0.40,0.40,0.40,0.42,0.41,0.41,0.41,0.41,0.41,0.41,0.40,0.40,0.40,0.40,0.40,0.41,0.43,0.46,0.48,0.51,0.51,0.60,0.65,0.67,0.67,0.67,0.67,0.67,0.66,0.68,
Right Percent:
0.00,0.00,0.01,0.01,0.00,0.01,0.01,0.01,0.01,0.01,0.03,0.08,0.15,0.34,0.39,0.45,0.49,0.52,0.54,0.55,0.54,0.53,0.53,0.51,0.51,0.48,0.46,0.44,0.42,0.40,0.38,0.38,0.38,0.38,0.38,0.38,0.38,0.38,0.39,0.39,0.39,0.38,0.38,0.38,0.38,0.37,0.37,0.36,0.35,0.34,0.34,0.33,0.31,0.23,0.16,0.40,0.56,0.84,0.90,0.89,0.90,0.91,0.86,
Left Percent:
0.00,0.00,0.00,0.00,0.00,0.00,0.00,0.00,0.00,0.00,0.00,0.00,0.00,0.00,0.00,0.00,0.00,0.00,0.00,0.00,0.00,0.00,0.00,0.01,0.01,0.01,0.02,0.04,0.07,0.11,0.20,0.26,0.31,0.37,0.39,0.45,0.44,0.44,0.44,0.44,0.44,0.44,0.44,0.44,0.43,0.42,0.39,0.37,0.33,0.29,0.22,0.10,0.21,0.32,0.23,0.15,0.05,0.02,0.03,0.04,0.01,0.00,0.01,
Right Percent:
0.00,0.00,0.00,0.00,0.00,0.00,0.00,0.00,0.00,0.00,0.00,0.00,0.00,0.00,0.00,0.00,0.00,0.00,0.00,0.00,0.00,0.00,0.00,0.00,0.00,0.00,0.00,0.00,0.02,0.10,0.33,0.40,0.44,0.46,0.46,0.38,0.42,0.44,0.44,0.44,0.44,0.44,0.45,0.44,0.44,0.44,0.44,0.38,0.33,0.24,0.06,0.01,0.00,0.00,0.00,0.00,0.00,0.17,0.75,0.83,0.72,0.21,0.02,
Left Percent:
0.00,0.00,0.00,0.00,0.00,0.00,0.00,0.00,0.00,0.00,0.00,0.01,0.02,0.04,0.07,0.10,0.12,0.15,0.19,0.21,0.25,0.27,0.32,0.35,0.37,0.39,0.41,0.44,0.47,0.49,0.52,0.55,0.56,0.58,0.58,0.58,0.60,0.61,0.61,0.61,0.61,0.60,0.60,0.59,0.59,0.59,0.59,0.58,0.58,0.58,0.57,0.58,0.61,0.61,0.61,0.61,0.58,0.56,0.54,0.55,0.45,0.46,0.55,
Right Percent:
0.00,0.00,0.00,0.00,0.00,0.00,0.00,0.00,0.00,0.00,0.00,0.00,0.00,0.00,0.00,0.00,0.00,0.00,0.00,0.00,0.00,0.00,0.00,0.00,0.00,0.00,0.00,0.00,0.00,0.00,0.01,0.04,0.07,0.12,0.14,0.15,0.06,0.13,0.14,0.17,0.18,0.19,0.18,0.12,0.16,0.17,0.19,0.10,0.04,0.03,0.03,0.18,0.03,0.00,0.01,0.00,0.00,0.00,0.05,0.48,0.41,0.25,0.03,
Left Percent:
0.00,0.00,0.00,0.00,0.00,0.00,0.00,0.00,0.00,0.00,0.00,0.00,0.00,0.00,0.00,0.00,0.00,0.00,0.00,0.00,0.00,0.00,0.00,0.00,0.00,0.00,0.01,0.01,0.04,0.08,0.15,0.23,0.28,0.34,0.36,0.41,0.41,0.41,0.42,0.42,0.42,0.43,0.43,0.43,0.42,0.42,0.39,0.37,0.33,0.25,0.13,0.08,0.18,0.33,0.22,0.12,0.01,0.00,0.00,0.01,0.00,0.00,0.00,
Right Percent:
0.00,0.00,0.00,0.00,0.00,0.00,0.00,0.00,0.00,0.00,0.00,0.00,0.00,0.00,0.00,0.00,0.00,0.00,0.00,0.00,0.00,0.00,0.00,0.00,0.00,0.00,0.00,0.00,0.00,0.00,0.00,0.00,0.00,0.00,0.00,0.00,0.00,0.00,0.00,0.00,0.00,0.00,0.00,0.00,0.00,0.00,0.00,0.00,0.00,0.00,0.00,0.02,0.02,0.00,0.01,0.02,0.04,0.26,0.59,0.71,0.64,0.53,0.49,
Left Percent:
0.00,0.00,0.00,0.00,0.00,0.00,0.00,0.00,0.00,0.00,0.00,0.02,0.03,0.03,0.04,0.05,0.06,0.07,0.08,0.09,0.10,0.12,0.12,0.13,0.14,0.16,0.18,0.19,0.21,0.23,0.24,0.26,0.27,0.28,0.29,0.30,0.32,0.32,0.32,0.32,0.31,0.30,0.29,0.28,0.29,0.28,0.28,0.28,0.28,0.30,0.34,0.39,0.40,0.39,0.41,0.41,0.41,0.41,0.39,0.39,0.34,0.46,0.44,
Right Percent:
0.00,0.00,0.00,0.00,0.00,0.00,0.00,0.00,0.00,0.00,0.00,0.00,0.00,0.00,0.00,0.00,0.00,0.00,0.00,0.00,0.00,0.00,0.00,0.00,0.00,0.00,0.00,0.00,0.00,0.00,0.00,0.01,0.01,0.02,0.02,0.00,0.02,0.04,0.04,0.05,0.05,0.02,0.00,0.01,0.01,0.02,0.01,0.01,0.00,0.00,0.00,0.04,0.01,0.00,0.00,0.00,0.00,0.00,0.00,0.00,0.00,0.00,0.00,
Left Percent:
0.00,0.00,0.04,0.02,0.01,0.02,0.04,0.04,0.04,0.05,0.14,0.22,0.23,0.29,0.31,0.32,0.33,0.34,0.35,0.37,0.37,0.37,0.38,0.38,0.39,0.39,0.38,0.38,0.38,0.38,0.37,0.37,0.37,0.38,0.38,0.39,0.40,0.39,0.39,0.39,0.39,0.39,0.39,0.39,0.38,0.38,0.38,0.39,0.40,0.42,0.45,0.48,0.51,0.49,0.60,0.64,0.65,0.66,0.66,0.67,0.65,0.65,0.67,
Right Percent:
0.00,0.00,0.00,0.00,0.00,0.00,0.00,0.00,0.00,0.01,0.02,0.06,0.11,0.31,0.37,0.43,0.49,0.52,0.53,0.54,0.54,0.53,0.53,0.53,0.52,0.49,0.47,0.45,0.41,0.39,0.37,0.37,0.37,0.37,0.37,0.37,0.37,0.37,0.37,0.37,0.37,0.37,0.37,0.37,0.36,0.36,0.35,0.35,0.34,0.34,0.33,0.32,0.30,0.23,0.18,0.41,0.59,0.86,0.89,0.89,0.92,0.93,0.88,
Left Percent:
0.00,0.00,0.00,0.00,0.00,0.00,0.00,0.00,0.00,0.00,0.00,0.01,0.01,0.04,0.08,0.10,0.14,0.18,0.22,0.25,0.29,0.31,0.34,0.37,0.40,0.42,0.44,0.46,0.49,0.52,0.54,0.56,0.58,0.59,0.60,0.61,0.62,0.62,0.62,0.62,0.62,0.62,0.62,0.61,0.60,0.58,0.58,0.58,0.59,0.60,0.60,0.62,0.62,0.60,0.60,0.59,0.58,0.56,0.55,0.56,0.47,0.50,0.55,
Right Percent:
0.00,0.00,0.00,0.00,0.00,0.00,0.00,0.00,0.00,0.00,0.00,0.00,0.00,0.00,0.00,0.00,0.00,0.00,0.01,0.02,0.04,0.07,0.10,0.15,0.19,0.23,0.26,0.30,0.33,0.36,0.37,0.40,0.42,0.43,0.44,0.45,0.46,0.47,0.46,0.46,0.47,0.47,0.47,0.46,0.45,0.44,0.43,0.42,0.41,0.39,0.37,0.33,0.26,0.06,0.00,0.00,0.00,0.00,0.00,0.00,0.01,0.06,0.00,
Left Percent:
0.00,0.00,0.01,0.01,0.01,0.01,0.01,0.01,0.00,0.00,0.01,0.02,0.02,0.03,0.04,0.05,0.05,0.06,0.07,0.07,0.08,0.09,0.12,0.13,0.14,0.16,0.17,0.19,0.20,0.22,0.24,0.25,0.27,0.30,0.30,0.31,0.32,0.32,0.31,0.31,0.31,0.31,0.29,0.29,0.29,0.29,0.28,0.28,0.28,0.29,0.31,0.36,0.38,0.34,0.36,0.37,0.35,0.33,0.29,0.29,0.23,0.27,0.33,
Right Percent:
0.00,0.00,0.00,0.00,0.00,0.00,0.00,0.00,0.00,0.00,0.00,0.00,0.00,0.00,0.00,0.00,0.00,0.00,0.00,0.00,0.00,0.00,0.00,0.00,0.00,0.01,0.04,0.10,0.19,0.24,0.28,0.30,0.32,0.34,0.34,0.31,0.33,0.34,0.33,0.34,0.34,0.34,0.34,0.32,0.32,0.32,0.31,0.30,0.29,0.30,0.34,0.38,0.30,0.00,0.00,0.00,0.00,0.00,0.00,0.12,0.00,0.00,0.00,
Left Percent:
0.00,0.00,0.00,0.00,0.00,0.00,0.00,0.00,0.00,0.00,0.00,0.00,0.00,0.00,0.00,0.00,0.00,0.00,0.00,0.00,0.00,0.00,0.00,0.00,0.00,0.00,0.00,0.00,0.00,0.00,0.00,0.00,0.00,0.00,0.00,0.01,0.00,0.00,0.00,0.00,0.00,0.00,0.00,0.00,0.00,0.00,0.00,0.00,0.00,0.00,0.00,0.00,0.00,0.00,0.00,0.00,0.00,0.00,0.00,0.00,0.00,0.00,0.00,
Right Percent:
0.00,0.00,0.00,0.00,0.00,0.00,0.00,0.00,0.00,0.00,0.00,0.00,0.00,0.00,0.00,0.00,0.00,0.00,0.00,0.00,0.00,0.01,0.01,0.02,0.03,0.05,0.10,0.18,0.23,0.31,0.38,0.42,0.45,0.49,0.51,0.50,0.52,0.52,0.53,0.53,0.53,0.54,0.54,0.53,0.53,0.52,0.51,0.48,0.42,0.39,0.36,0.32,0.07,0.00,0.00,0.00,0.00,0.00,0.00,0.00,0.00,0.00,0.00,
Left Percent:
0.00,0.00,0.03,0.02,0.01,0.02,0.03,0.03,0.03,0.04,0.09,0.19,0.21,0.28,0.30,0.32,0.34,0.35,0.36,0.38,0.39,0.39,0.40,0.41,0.42,0.42,0.42,0.42,0.43,0.43,0.43,0.44,0.44,0.45,0.45,0.46,0.46,0.46,0.47,0.47,0.46,0.46,0.46,0.46,0.46,0.46,0.45,0.46,0.46,0.46,0.49,0.56,0.59,0.59,0.64,0.67,0.68,0.68,0.68,0.69,0.68,0.67,0.70,
Right Percent:
0.00,0.00,0.00,0.00,0.00,0.00,0.00,0.00,0.00,0.00,0.00,0.01,0.03,0.13,0.26,0.35,0.42,0.45,0.48,0.49,0.49,0.49,0.48,0.48,0.47,0.45,0.43,0.41,0.38,0.37,0.37,0.38,0.38,0.39,0.39,0.40,0.40,0.39,0.41,0.41,0.40,0.41,0.40,0.40,0.39,0.38,0.37,0.37,0.35,0.34,0.33,0.32,0.29,0.19,0.11,0.25,0.46,0.76,0.87,0.87,0.75,0.79,0.79,
Left Percent:
0.00,0.00,0.00,0.00,0.00,0.00,0.00,0.00,0.00,0.01,0.02,0.06,0.07,0.13,0.18,0.20,0.22,0.24,0.25,0.27,0.28,0.29,0.31,0.32,0.34,0.34,0.34,0.35,0.35,0.36,0.36,0.37,0.37,0.38,0.38,0.38,0.39,0.39,0.39,0.39,0.39,0.38,0.38,0.38,0.38,0.37,0.38,0.38,0.39,0.41,0.45,0.48,0.50,0.49,0.56,0.61,0.63,0.64,0.64,0.65,0.63,0.62,0.64,
Right Percent:
0.00,0.00,0.00,0.00,0.00,0.00,0.00,0.00,0.00,0.00,0.00,0.01,0.05,0.13,0.27,0.37,0.43,0.48,0.51,0.53,0.53,0.53,0.53,0.52,0.51,0.50,0.48,0.45,0.41,0.38,0.37,0.37,0.37,0.37,0.37,0.38,0.37,0.38,0.38,0.38,0.38,0.38,0.38,0.37,0.37,0.37,0.36,0.35,0.34,0.34,0.33,0.31,0.29,0.24,0.16,0.41,0.59,0.87,0.93,0.93,0.93,0.92,0.86,
