Left Percent:
0.00,0.01,0.01,0.02,0.03,0.04,0.03,0.03,0.03,0.03,0.04,0.07,0.07,
Right Percent:
0.00,0.00,0.00,0.00,0.00,0.00,0.00,0.00,0.00,0.00,0.00,0.00,0.00,
Left Percent:
0.00,0.00,0.01,0.01,0.03,0.03,0.03,0.03,0.03,0.02,0.03,0.05,0.04,
Right Percent:
0.00,0.00,0.00,0.00,0.00,0.00,0.00,0.00,0.00,0.00,0.00,0.00,0.00,
Left Percent:
0.00,0.00,0.00,0.01,0.01,0.03,0.04,0.03,0.03,0.03,0.04,0.08,0.09,
Right Percent:
0.00,0.00,0.00,0.00,0.00,0.00,0.00,0.00,0.00,0.00,0.00,0.00,0.00,
Left Percent:
0.00,0.00,0.00,0.00,0.00,0.00,0.00,0.00,0.00,0.00,0.00,0.00,0.00,
Right Percent:
0.00,0.00,0.01,0.01,0.02,0.02,0.02,0.02,0.02,0.02,0.02,0.05,0.07,
Left Percent:
0.00,0.00,0.00,0.00,0.00,0.00,0.00,0.00,0.00,0.00,0.00,0.00,0.00,
Right Percent:
0.00,0.00,0.00,0.00,0.01,0.01,0.02,0.02,0.02,0.01,0.03,0.05,0.06,
