Left Percent:
0.00,0.00,0.00,0.00,0.00,0.00,0.00,0.00,0.00,0.00,0.00,0.00,0.00,0.00,0.00,0.00,0.00,0.00,0.00,0.00,0.00,0.00,0.00,0.00,0.00,0.00,0.00,0.01,0.01,0.01,0.03,0.04,0.09,0.19,0.14,0.14,0.13,0.13,0.12,0.11,0.11,0.10,0.09,0.07,0.04,0.03,0.02,0.02,0.04,0.09,0.21,0.35,0.40,0.49,0.51,0.53,0.55,0.63,0.69,0.67,0.55,
Right Percent:
0.00,0.00,0.00,0.00,0.00,0.00,0.00,0.00,0.00,0.00,0.00,0.00,0.00,0.00,0.01,0.01,0.02,0.04,0.07,0.09,0.11,0.15,0.18,0.20,0.21,0.23,0.23,0.24,0.26,0.28,0.29,0.30,0.31,0.28,0.32,0.33,0.33,0.33,0.33,0.34,0.34,0.34,0.34,0.33,0.33,0.32,0.32,0.30,0.28,0.16,0.03,0.00,0.01,0.27,0.37,0.55,0.76,0.83,0.86,0.86,0.81,
Left Percent:
0.00,0.00,0.00,0.00,0.00,0.00,0.00,0.00,0.00,0.00,0.00,0.00,0.02,0.04,0.06,0.09,0.11,0.13,0.15,0.18,0.19,0.21,0.23,0.26,0.28,0.29,0.31,0.34,0.38,0.41,0.44,0.47,0.49,0.50,0.52,0.53,0.53,0.54,0.54,0.54,0.54,0.54,0.53,0.53,0.52,0.52,0.52,0.52,0.52,0.52,0.52,0.53,0.54,0.54,0.53,0.53,0.49,0.44,0.42,0.35,0.20,
Right Percent:
0.00,0.00,0.00,0.00,0.00,0.00,0.00,0.00,0.00,0.00,0.00,0.00,0.00,0.00,0.00,0.00,0.00,0.00,0.00,0.00,0.00,0.00,0.00,0.00,0.00,0.00,0.00,0.00,0.00,0.00,0.00,0.00,0.00,0.00,0.00,0.02,0.03,0.04,0.05,0.05,0.06,0.06,0.05,0.05,0.01,0.01,0.00,0.00,0.00,0.00,0.00,0.00,0.00,0.00,0.00,0.00,0.40,0.71,0.79,0.81,0.79,
Left Percent:
0.00,0.00,0.00,0.00,0.00,0.00,0.00,0.00,0.00,0.00,0.00,0.00,0.00,0.00,0.00,0.01,0.02,0.04,0.06,0.08,0.11,0.14,0.18,0.20,0.22,0.24,0.27,0.29,0.33,0.37,0.41,0.43,0.45,0.46,0.49,0.50,0.50,0.50,0.50,0.50,0.50,0.49,0.48,0.47,0.47,0.47,0.47,0.48,0.49,0.50,0.51,0.53,0.55,0.56,0.56,0.56,0.53,0.51,0.52,0.49,0.38,
Right Percent:
0.00,0.00,0.00,0.00,0.00,0.00,0.00,0.00,0.00,0.00,0.00,0.00,0.00,0.00,0.00,0.00,0.00,0.00,0.00,0.00,0.00,0.00,0.00,0.00,0.00,0.00,0.00,0.00,0.00,0.03,0.10,0.14,0.17,0.18,0.20,0.24,0.25,0.26,0.26,0.27,0.28,0.28,0.28,0.25,0.24,0.25,0.21,0.14,0.05,0.00,0.00,0.00,0.03,0.40,0.22,0.39,0.72,0.86,0.91,0.91,0.90,
Left Percent:
0.00,0.00,0.00,0.00,0.00,0.00,0.00,0.00,0.00,0.00,0.00,0.00,0.00,0.00,0.00,0.00,0.00,0.00,0.00,0.00,0.00,0.00,0.00,0.00,0.00,0.00,0.00,0.00,0.00,0.00,0.00,0.00,0.00,0.00,0.00,0.00,0.00,0.00,0.00,0.00,0.00,0.00,0.00,0.00,0.00,0.00,0.00,0.00,0.00,0.00,0.00,0.00,0.00,0.00,0.41,0.11,0.25,0.51,0.66,0.70,0.60,
Right Percent:
0.00,0.00,0.00,0.00,0.00,0.00,0.00,0.00,0.00,0.00,0.00,0.00,0.01,0.01,0.02,0.03,0.04,0.05,0.06,0.08,0.11,0.13,0.15,0.18,0.22,0.26,0.30,0.35,0.39,0.42,0.45,0.47,0.48,0.50,0.52,0.52,0.52,0.52,0.52,0.52,0.53,0.52,0.52,0.52,0.51,0.50,0.49,0.47,0.44,0.40,0.27,0.10,0.04,0.01,0.00,0.00,0.00,0.00,0.00,0.00,0.00,
Left Percent:
0.00,0.00,0.00,0.00,0.00,0.00,0.00,0.00,0.00,0.00,0.00,0.00,0.00,0.00,0.00,0.00,0.00,0.02,0.07,0.10,0.11,0.13,0.13,0.14,0.15,0.15,0.17,0.19,0.21,0.22,0.23,0.24,0.26,0.29,0.29,0.29,0.29,0.29,0.29,0.29,0.29,0.28,0.28,0.28,0.27,0.27,0.27,0.26,0.26,0.27,0.31,0.35,0.39,0.46,0.50,0.55,0.50,0.36,0.32,0.31,0.23,
Right Percent:
0.00,0.00,0.00,0.00,0.00,0.00,0.00,0.00,0.00,0.00,0.00,0.00,0.00,0.00,0.01,0.02,0.03,0.04,0.05,0.06,0.07,0.09,0.11,0.13,0.16,0.18,0.21,0.23,0.26,0.29,0.32,0.34,0.36,0.38,0.40,0.41,0.41,0.42,0.42,0.42,0.42,0.42,0.41,0.40,0.39,0.38,0.36,0.34,0.32,0.28,0.25,0.20,0.16,0.12,0.04,0.00,0.00,0.00,0.01,0.02,0.04,
Left Percent:
0.00,0.00,0.03,0.02,0.03,0.06,0.08,0.10,0.11,0.13,0.17,0.26,0.27,0.29,0.28,0.29,0.29,0.29,0.30,0.31,0.32,0.32,0.32,0.32,0.32,0.32,0.32,0.33,0.33,0.34,0.35,0.36,0.37,0.39,0.38,0.39,0.39,0.39,0.38,0.38,0.38,0.38,0.38,0.37,0.38,0.37,0.38,0.39,0.41,0.44,0.45,0.47,0.50,0.54,0.56,0.60,0.60,0.58,0.58,0.57,0.56,
Right Percent:
0.00,0.01,0.00,0.00,0.00,0.00,0.00,0.00,0.00,0.00,0.00,0.28,0.41,0.45,0.47,0.48,0.47,0.48,0.47,0.45,0.44,0.42,0.40,0.37,0.35,0.33,0.32,0.30,0.30,0.29,0.29,0.30,0.30,0.32,0.31,0.31,0.31,0.31,0.32,0.31,0.31,0.31,0.31,0.31,0.30,0.30,0.28,0.28,0.27,0.26,0.26,0.32,0.37,0.44,0.66,0.81,0.87,0.92,0.93,0.93,0.93,
Left Percent:
0.00,0.00,0.00,0.00,0.00,0.00,0.00,0.00,0.00,0.00,0.00,0.00,0.00,0.00,0.00,0.00,0.00,0.00,0.00,0.01,0.02,0.03,0.06,0.09,0.10,0.13,0.14,0.15,0.17,0.19,0.22,0.24,0.26,0.28,0.31,0.30,0.31,0.31,0.31,0.31,0.31,0.30,0.30,0.29,0.29,0.29,0.28,0.28,0.29,0.30,0.33,0.36,0.40,0.43,0.46,0.52,0.50,0.49,0.52,0.46,0.36,
Right Percent:
0.00,0.00,0.00,0.00,0.00,0.00,0.00,0.00,0.00,0.00,0.00,0.00,0.00,0.00,0.00,0.00,0.01,0.02,0.03,0.05,0.06,0.07,0.10,0.12,0.15,0.18,0.20,0.23,0.24,0.26,0.28,0.30,0.32,0.33,0.34,0.35,0.36,0.36,0.37,0.37,0.37,0.36,0.36,0.35,0.34,0.33,0.32,0.31,0.29,0.26,0.24,0.22,0.19,0.15,0.11,0.00,0.00,0.12,0.17,0.14,0.11,
Left Percent:
0.00,0.00,0.00,0.00,0.00,0.00,0.00,0.00,0.00,0.00,0.00,0.00,0.00,0.00,0.00,0.00,0.00,0.00,0.00,0.00,0.00,0.00,0.00,0.00,0.00,0.00,0.01,0.03,0.08,0.14,0.18,0.22,0.29,0.28,0.28,0.28,0.27,0.27,0.27,0.26,0.25,0.25,0.23,0.24,0.24,0.23,0.23,0.25,0.27,0.33,0.36,0.41,0.47,0.51,0.52,0.54,0.54,0.57,0.61,0.58,0.47,
Right Percent:
0.00,0.00,0.00,0.00,0.00,0.00,0.00,0.00,0.00,0.00,0.00,0.00,0.00,0.00,0.00,0.00,0.00,0.00,0.00,0.00,0.00,0.00,0.00,0.00,0.02,0.04,0.09,0.19,0.27,0.36,0.38,0.40,0.36,0.43,0.46,0.46,0.47,0.48,0.49,0.49,0.50,0.50,0.51,0.50,0.50,0.48,0.47,0.44,0.41,0.30,0.02,0.00,0.00,0.00,0.00,0.00,0.00,0.00,0.00,0.00,0.00,
Left Percent:
0.00,0.00,0.00,0.00,0.00,0.00,0.00,0.00,0.00,0.00,0.00,0.00,0.00,0.00,0.00,0.00,0.01,0.01,0.04,0.06,0.09,0.11,0.14,0.17,0.20,0.24,0.27,0.31,0.33,0.36,0.39,0.42,0.43,0.52,0.46,0.48,0.48,0.48,0.48,0.48,0.48,0.47,0.47,0.46,0.46,0.45,0.45,0.45,0.46,0.49,0.49,0.52,0.53,0.54,0.50,0.54,0.52,0.49,0.49,0.45,0.35,
Right Percent:
0.00,0.00,0.00,0.00,0.00,0.00,0.00,0.00,0.00,0.00,0.00,0.00,0.00,0.00,0.00,0.00,0.01,0.01,0.01,0.02,0.04,0.06,0.09,0.13,0.17,0.22,0.27,0.30,0.33,0.35,0.37,0.39,0.40,0.47,0.43,0.44,0.44,0.44,0.44,0.44,0.44,0.44,0.44,0.43,0.42,0.41,0.40,0.38,0.36,0.30,0.13,0.09,0.07,0.00,0.00,0.00,0.02,0.43,0.62,0.59,0.25,
Left Percent:
0.00,0.00,0.01,0.01,0.01,0.01,0.01,0.01,0.01,0.01,0.02,0.04,0.14,0.26,0.32,0.35,0.38,0.41,0.43,0.46,0.48,0.51,0.53,0.54,0.54,0.52,0.48,0.45,0.42,0.40,0.39,0.39,0.39,0.39,0.39,0.40,0.41,0.42,0.44,0.44,0.44,0.45,0.45,0.45,0.46,0.47,0.47,0.47,0.49,0.44,0.47,0.54,0.63,0.73,0.83,0.86,0.84,0.86,0.90,0.91,0.85,
Right Percent:
0.00,0.00,0.00,0.00,0.00,0.00,0.00,0.00,0.00,0.00,0.00,0.02,0.05,0.08,0.10,0.12,0.14,0.16,0.17,0.19,0.20,0.21,0.23,0.25,0.28,0.29,0.30,0.31,0.31,0.31,0.31,0.32,0.33,0.34,0.39,0.36,0.36,0.37,0.37,0.37,0.37,0.37,0.37,0.37,0.36,0.36,0.35,0.34,0.32,0.24,0.19,0.17,0.18,0.18,0.00,0.00,0.43,0.61,0.66,0.61,0.41,
Left Percent:
0.00,0.00,0.00,0.00,0.01,0.01,0.01,0.01,0.01,0.01,0.02,0.04,0.06,0.07,0.07,0.08,0.08,0.09,0.09,0.10,0.10,0.11,0.13,0.14,0.15,0.16,0.18,0.21,0.25,0.29,0.32,0.36,0.37,0.39,0.40,0.41,0.41,0.42,0.42,0.41,0.41,0.41,0.41,0.41,0.41,0.40,0.40,0.40,0.40,0.41,0.40,0.39,0.38,0.37,0.35,0.34,0.21,0.08,0.02,0.00,0.00,
Right Percent:
0.00,0.00,0.00,0.00,0.00,0.00,0.00,0.00,0.00,0.00,0.00,0.00,0.00,0.00,0.00,0.00,0.00,0.00,0.00,0.00,0.00,0.00,0.00,0.00,0.00,0.00,0.00,0.00,0.00,0.00,0.00,0.00,0.00,0.02,0.07,0.10,0.13,0.14,0.15,0.14,0.13,0.15,0.15,0.14,0.14,0.13,0.06,0.02,0.00,0.00,0.00,0.00,0.00,0.00,0.00,0.00,0.02,0.44,0.67,0.67,0.35,
