Left Percent:
0.00,0.00,0.00,0.00,0.00,0.00,0.00,0.00,0.00,0.00,0.00,0.00,0.00,0.00,0.00,0.00,0.00,0.00,0.00,0.00,0.01,0.02,0.03,0.07,0.10,0.14,0.22,0.28,0.32,0.36,0.39,0.41,0.42,0.44,0.45,0.49,0.48,0.48,0.47,0.47,0.47,0.46,0.45,0.44,0.44,0.43,0.43,0.43,0.44,0.45,0.45,0.45,0.49,0.51,0.51,0.49,0.47,0.38,0.36,0.40,0.43,
Right Percent:
0.00,0.00,0.00,0.00,0.00,0.00,0.00,0.00,0.00,0.00,0.00,0.00,0.00,0.00,0.00,0.00,0.00,0.00,0.00,0.01,0.01,0.02,0.04,0.06,0.10,0.16,0.24,0.32,0.35,0.37,0.40,0.41,0.42,0.43,0.45,0.52,0.45,0.46,0.46,0.46,0.46,0.46,0.45,0.45,0.45,0.44,0.43,0.42,0.41,0.41,0.39,0.31,0.09,0.00,0.00,0.00,0.00,0.00,0.00,0.13,0.14,
Left Percent:
0.00,0.00,0.00,0.00,0.00,0.00,0.00,0.00,0.00,0.00,0.00,0.00,0.01,0.05,0.10,0.15,0.26,0.32,0.37,0.40,0.43,0.46,0.50,0.53,0.52,0.52,0.51,0.50,0.49,0.48,0.47,0.47,0.46,0.46,0.46,0.45,0.45,0.46,0.46,0.46,0.46,0.46,0.45,0.45,0.45,0.45,0.45,0.46,0.48,0.52,0.59,0.72,0.77,0.76,0.85,0.87,0.86,0.83,0.82,0.83,0.84,
Right Percent:
0.00,0.00,0.00,0.00,0.00,0.00,0.00,0.00,0.00,0.00,0.00,0.00,0.00,0.00,0.00,0.00,0.01,0.02,0.03,0.04,0.07,0.11,0.19,0.27,0.32,0.36,0.39,0.42,0.44,0.45,0.46,0.46,0.46,0.47,0.47,0.49,0.47,0.48,0.49,0.49,0.49,0.49,0.49,0.47,0.47,0.46,0.45,0.44,0.44,0.45,0.44,0.43,0.33,0.01,0.00,0.00,0.00,0.00,0.06,0.42,0.41,
Left Percent:
0.00,0.00,0.00,0.00,0.00,0.00,0.00,0.00,0.00,0.00,0.00,0.00,0.00,0.00,0.01,0.02,0.02,0.03,0.03,0.05,0.07,0.07,0.08,0.10,0.13,0.15,0.17,0.20,0.23,0.25,0.28,0.32,0.34,0.34,0.36,0.35,0.37,0.37,0.37,0.36,0.36,0.36,0.36,0.35,0.34,0.34,0.34,0.32,0.34,0.35,0.37,0.40,0.42,0.39,0.40,0.41,0.40,0.36,0.27,0.25,0.31,
Right Percent:
0.00,0.00,0.00,0.00,0.00,0.00,0.00,0.00,0.00,0.00,0.00,0.00,0.00,0.00,0.00,0.00,0.00,0.00,0.00,0.00,0.00,0.00,0.01,0.01,0.02,0.03,0.05,0.11,0.19,0.27,0.36,0.45,0.50,0.52,0.55,0.53,0.55,0.56,0.56,0.56,0.56,0.56,0.56,0.54,0.53,0.54,0.51,0.45,0.43,0.39,0.39,0.41,0.35,0.02,0.01,0.00,0.00,0.00,0.00,0.00,0.00,
Left Percent:
0.00,0.00,0.00,0.00,0.00,0.00,0.00,0.00,0.00,0.00,0.00,0.00,0.00,0.00,0.00,0.00,0.00,0.00,0.00,0.00,0.00,0.00,0.00,0.00,0.00,0.00,0.00,0.00,0.00,0.00,0.04,0.07,0.09,0.13,0.15,0.20,0.23,0.28,0.24,0.21,0.20,0.19,0.18,0.17,0.15,0.12,0.08,0.06,0.10,0.14,0.02,0.01,0.02,0.21,0.06,0.10,0.31,0.41,0.59,0.69,0.70,
Right Percent:
0.00,0.00,0.00,0.00,0.00,0.00,0.00,0.00,0.00,0.00,0.00,0.00,0.00,0.00,0.00,0.00,0.00,0.00,0.00,0.01,0.02,0.03,0.05,0.07,0.10,0.13,0.16,0.19,0.22,0.26,0.28,0.29,0.30,0.31,0.32,0.33,0.34,0.33,0.34,0.34,0.34,0.35,0.34,0.33,0.32,0.31,0.31,0.30,0.29,0.27,0.21,0.10,0.02,0.00,0.00,0.00,0.00,0.00,0.06,0.09,0.04,
Left Percent:
0.00,0.00,0.00,0.00,0.00,0.00,0.00,0.00,0.00,0.00,0.00,0.00,0.00,0.00,0.01,0.02,0.04,0.07,0.11,0.14,0.19,0.23,0.27,0.29,0.30,0.32,0.34,0.36,0.38,0.39,0.40,0.40,0.41,0.41,0.41,0.40,0.41,0.41,0.41,0.41,0.40,0.40,0.40,0.39,0.39,0.39,0.39,0.41,0.42,0.46,0.54,0.61,0.63,0.62,0.65,0.67,0.68,0.66,0.65,0.65,0.67,
Right Percent:
0.00,0.00,0.00,0.00,0.00,0.00,0.00,0.00,0.00,0.00,0.00,0.00,0.00,0.00,0.00,0.00,0.00,0.00,0.00,0.00,0.00,0.00,0.00,0.00,0.01,0.01,0.01,0.03,0.07,0.15,0.24,0.40,0.43,0.45,0.47,0.44,0.46,0.48,0.49,0.50,0.49,0.49,0.50,0.50,0.47,0.47,0.46,0.41,0.34,0.30,0.24,0.32,0.22,0.00,0.00,0.00,0.00,0.00,0.00,0.00,0.00,
Left Percent:
0.00,0.00,0.00,0.00,0.00,0.00,0.00,0.00,0.00,0.00,0.00,0.01,0.01,0.02,0.03,0.04,0.05,0.06,0.06,0.07,0.09,0.11,0.14,0.16,0.19,0.22,0.26,0.28,0.31,0.33,0.35,0.37,0.40,0.41,0.42,0.42,0.43,0.44,0.43,0.43,0.43,0.42,0.42,0.41,0.41,0.40,0.40,0.40,0.40,0.40,0.41,0.45,0.46,0.43,0.43,0.44,0.41,0.34,0.25,0.23,0.26,
Right Percent:
0.00,0.00,0.00,0.00,0.00,0.00,0.00,0.00,0.00,0.00,0.00,0.00,0.00,0.00,0.00,0.00,0.00,0.00,0.01,0.02,0.04,0.08,0.13,0.18,0.21,0.23,0.25,0.28,0.31,0.32,0.33,0.34,0.34,0.35,0.36,0.36,0.35,0.36,0.36,0.36,0.36,0.37,0.36,0.35,0.35,0.34,0.34,0.33,0.32,0.33,0.34,0.33,0.23,0.02,0.00,0.00,0.00,0.00,0.48,0.70,0.67,
Left Percent:
0.00,0.00,0.00,0.00,0.00,0.00,0.00,0.00,0.00,0.00,0.01,0.02,0.02,0.03,0.04,0.04,0.05,0.06,0.07,0.08,0.10,0.11,0.13,0.14,0.16,0.18,0.21,0.24,0.27,0.29,0.31,0.34,0.35,0.37,0.38,0.40,0.38,0.39,0.39,0.39,0.39,0.38,0.38,0.38,0.37,0.37,0.37,0.36,0.36,0.37,0.39,0.42,0.42,0.39,0.40,0.40,0.39,0.36,0.31,0.29,0.31,
Right Percent:
0.00,0.00,0.00,0.00,0.00,0.00,0.00,0.00,0.00,0.00,0.00,0.00,0.00,0.00,0.00,0.00,0.00,0.00,0.01,0.02,0.03,0.06,0.09,0.13,0.19,0.25,0.31,0.34,0.37,0.39,0.42,0.44,0.46,0.48,0.50,0.55,0.52,0.53,0.53,0.53,0.53,0.52,0.52,0.52,0.51,0.50,0.48,0.47,0.45,0.43,0.41,0.40,0.35,0.12,0.01,0.00,0.00,0.00,0.00,0.00,0.00,
Left Percent:
0.00,0.00,0.02,0.00,0.00,0.00,0.01,0.01,0.01,0.01,0.17,0.31,0.33,0.37,0.40,0.41,0.42,0.43,0.43,0.44,0.44,0.44,0.45,0.45,0.45,0.44,0.43,0.41,0.40,0.40,0.40,0.40,0.41,0.41,0.42,0.42,0.43,0.43,0.43,0.43,0.43,0.43,0.42,0.42,0.42,0.42,0.42,0.42,0.43,0.46,0.48,0.51,0.56,0.58,0.68,0.74,0.75,0.75,0.74,0.75,0.76,
Right Percent:
0.00,0.00,0.00,0.00,0.00,0.00,0.00,0.00,0.00,0.00,0.00,0.03,0.05,0.10,0.18,0.27,0.35,0.42,0.46,0.49,0.51,0.53,0.54,0.55,0.54,0.51,0.50,0.48,0.45,0.43,0.41,0.40,0.40,0.40,0.40,0.40,0.39,0.40,0.41,0.40,0.40,0.40,0.40,0.40,0.39,0.38,0.37,0.36,0.36,0.35,0.34,0.33,0.27,0.22,0.18,0.03,0.34,0.76,0.88,0.89,0.89,
Left Percent:
0.00,0.00,0.00,0.00,0.00,0.00,0.00,0.00,0.00,0.00,0.00,0.00,0.01,0.03,0.04,0.06,0.08,0.09,0.11,0.12,0.15,0.20,0.23,0.25,0.28,0.31,0.34,0.37,0.39,0.42,0.45,0.47,0.49,0.51,0.52,0.53,0.54,0.54,0.55,0.54,0.54,0.54,0.54,0.53,0.52,0.51,0.50,0.50,0.50,0.50,0.52,0.54,0.56,0.54,0.54,0.55,0.52,0.46,0.43,0.43,0.46,
Right Percent:
0.00,0.00,0.00,0.00,0.00,0.00,0.00,0.00,0.00,0.00,0.00,0.00,0.00,0.00,0.00,0.00,0.00,0.00,0.00,0.00,0.00,0.00,0.00,0.00,0.00,0.01,0.03,0.07,0.12,0.16,0.19,0.22,0.25,0.26,0.28,0.28,0.28,0.29,0.30,0.29,0.29,0.29,0.29,0.28,0.27,0.25,0.24,0.22,0.21,0.18,0.16,0.13,0.01,0.00,0.00,0.00,0.00,0.69,0.86,0.90,0.90,
Left Percent:
0.00,0.00,0.00,0.00,0.00,0.00,0.00,0.00,0.00,0.00,0.00,0.00,0.00,0.03,0.04,0.06,0.07,0.09,0.10,0.12,0.14,0.17,0.20,0.22,0.26,0.28,0.31,0.33,0.35,0.37,0.39,0.41,0.42,0.43,0.44,0.47,0.44,0.45,0.44,0.44,0.44,0.44,0.43,0.43,0.43,0.43,0.43,0.43,0.43,0.45,0.47,0.50,0.51,0.49,0.51,0.52,0.52,0.51,0.49,0.50,0.52,
Right Percent:
0.00,0.00,0.00,0.00,0.00,0.00,0.00,0.00,0.00,0.00,0.00,0.00,0.00,0.00,0.00,0.01,0.01,0.02,0.04,0.07,0.10,0.14,0.18,0.25,0.30,0.34,0.37,0.40,0.42,0.45,0.46,0.48,0.49,0.51,0.52,0.54,0.52,0.53,0.54,0.54,0.54,0.54,0.54,0.53,0.52,0.51,0.50,0.49,0.49,0.49,0.47,0.45,0.38,0.17,0.21,0.06,0.00,0.00,0.00,0.00,0.00,
Left Percent:
0.00,0.00,0.00,0.00,0.00,0.00,0.00,0.00,0.00,0.00,0.00,0.00,0.00,0.01,0.03,0.04,0.05,0.06,0.07,0.08,0.11,0.14,0.16,0.18,0.21,0.25,0.28,0.32,0.35,0.37,0.39,0.42,0.44,0.45,0.47,0.48,0.48,0.49,0.49,0.49,0.48,0.47,0.47,0.47,0.46,0.46,0.44,0.44,0.44,0.44,0.46,0.50,0.51,0.50,0.50,0.50,0.49,0.42,0.37,0.37,0.40,
Right Percent:
0.00,0.00,0.00,0.00,0.00,0.00,0.00,0.00,0.00,0.00,0.00,0.00,0.00,0.00,0.00,0.00,0.00,0.00,0.00,0.00,0.00,0.00,0.00,0.00,0.00,0.00,0.01,0.08,0.24,0.32,0.36,0.40,0.41,0.42,0.42,0.39,0.41,0.42,0.43,0.43,0.43,0.42,0.42,0.42,0.42,0.42,0.39,0.39,0.38,0.36,0.36,0.38,0.20,0.00,0.00,0.00,0.00,0.00,0.10,0.48,0.53,
Left Percent:
0.00,0.00,0.00,0.00,0.00,0.00,0.00,0.00,0.00,0.00,0.00,0.00,0.00,0.00,0.00,0.00,0.00,0.00,0.00,0.00,0.00,0.00,0.00,0.00,0.00,0.00,0.00,0.00,0.00,0.00,0.00,0.00,0.00,0.00,0.00,0.00,0.00,0.00,0.00,0.00,0.00,0.00,0.00,0.00,0.00,0.00,0.00,0.00,0.00,0.00,0.00,0.00,0.00,0.01,0.00,0.01,0.03,0.15,0.51,0.63,0.65,
Right Percent:
0.00,0.00,0.00,0.00,0.00,0.00,0.00,0.00,0.00,0.00,0.00,0.00,0.00,0.00,0.00,0.00,0.00,0.00,0.00,0.01,0.02,0.04,0.08,0.16,0.27,0.35,0.41,0.45,0.48,0.50,0.48,0.47,0.45,0.44,0.44,0.42,0.37,0.42,0.42,0.43,0.43,0.43,0.43,0.44,0.44,0.45,0.45,0.45,0.45,0.45,0.46,0.38,0.00,0.00,0.00,0.00,0.00,0.00,0.69,0.81,0.80,
Left Percent:
0.00,0.00,0.00,0.00,0.00,0.00,0.00,0.00,0.00,0.00,0.00,0.00,0.00,0.00,0.00,0.00,0.00,0.00,0.00,0.00,0.00,0.02,0.04,0.10,0.17,0.20,0.23,0.27,0.30,0.31,0.32,0.33,0.34,0.35,0.35,0.37,0.36,0.36,0.36,0.36,0.36,0.36,0.36,0.35,0.34,0.34,0.34,0.35,0.36,0.38,0.42,0.48,0.52,0.52,0.55,0.58,0.59,0.51,0.41,0.41,0.49,
Right Percent:
0.00,0.00,0.00,0.00,0.00,0.00,0.00,0.00,0.00,0.00,0.00,0.00,0.00,0.00,0.00,0.00,0.00,0.00,0.01,0.01,0.03,0.06,0.09,0.12,0.16,0.21,0.26,0.30,0.34,0.37,0.40,0.42,0.44,0.46,0.47,0.54,0.49,0.51,0.51,0.50,0.50,0.50,0.50,0.48,0.47,0.46,0.45,0.44,0.42,0.40,0.39,0.37,0.30,0.09,0.00,0.00,0.00,0.00,0.00,0.00,0.00,
Left Percent:
0.00,0.00,0.00,0.00,0.00,0.00,0.00,0.00,0.00,0.00,0.00,0.00,0.01,0.02,0.03,0.03,0.04,0.05,0.07,0.08,0.11,0.13,0.15,0.17,0.20,0.23,0.26,0.31,0.34,0.37,0.39,0.42,0.43,0.44,0.45,0.47,0.47,0.47,0.48,0.48,0.48,0.48,0.47,0.47,0.46,0.45,0.45,0.45,0.44,0.44,0.44,0.45,0.47,0.47,0.46,0.45,0.38,0.22,0.10,0.08,0.13,
Right Percent:
0.00,0.00,0.00,0.00,0.00,0.00,0.00,0.00,0.00,0.00,0.00,0.00,0.00,0.00,0.00,0.00,0.00,0.00,0.00,0.00,0.00,0.00,0.00,0.00,0.01,0.01,0.02,0.04,0.09,0.15,0.29,0.40,0.44,0.48,0.50,0.50,0.54,0.56,0.56,0.56,0.56,0.57,0.57,0.56,0.51,0.51,0.50,0.47,0.40,0.34,0.29,0.34,0.23,0.02,0.01,0.00,0.00,0.00,0.00,0.00,0.00,
Left Percent:
0.00,0.00,0.00,0.00,0.00,0.00,0.00,0.00,0.00,0.00,0.00,0.00,0.00,0.00,0.00,0.00,0.00,0.00,0.01,0.02,0.04,0.08,0.12,0.16,0.20,0.22,0.23,0.25,0.26,0.28,0.29,0.31,0.32,0.33,0.34,0.34,0.35,0.35,0.36,0.35,0.35,0.35,0.35,0.35,0.35,0.34,0.34,0.34,0.34,0.35,0.37,0.40,0.42,0.43,0.55,0.61,0.65,0.64,0.62,0.63,0.65,
Right Percent:
0.00,0.00,0.00,0.00,0.00,0.00,0.00,0.00,0.00,0.00,0.00,0.00,0.00,0.00,0.00,0.00,0.00,0.01,0.01,0.02,0.04,0.07,0.09,0.14,0.17,0.20,0.23,0.27,0.30,0.33,0.36,0.39,0.41,0.42,0.44,0.44,0.47,0.45,0.46,0.46,0.45,0.46,0.45,0.45,0.44,0.44,0.43,0.42,0.40,0.38,0.34,0.28,0.23,0.09,0.03,0.01,0.00,0.01,0.06,0.02,0.01,
Left Percent:
0.00,0.00,0.00,0.00,0.00,0.00,0.00,0.00,0.00,0.00,0.00,0.07,0.07,0.10,0.14,0.16,0.19,0.20,0.21,0.22,0.23,0.24,0.26,0.29,0.30,0.31,0.32,0.33,0.33,0.34,0.34,0.35,0.35,0.36,0.36,0.36,0.37,0.37,0.37,0.37,0.37,0.36,0.36,0.36,0.36,0.36,0.36,0.36,0.37,0.39,0.41,0.45,0.48,0.49,0.53,0.56,0.58,0.56,0.54,0.54,0.56,
Right Percent:
0.00,0.00,0.00,0.00,0.00,0.00,0.00,0.00,0.00,0.00,0.00,0.00,0.00,0.01,0.03,0.07,0.20,0.30,0.33,0.37,0.39,0.41,0.42,0.43,0.43,0.42,0.41,0.39,0.38,0.36,0.35,0.35,0.35,0.35,0.35,0.35,0.34,0.35,0.36,0.35,0.35,0.35,0.35,0.34,0.34,0.34,0.33,0.32,0.31,0.31,0.31,0.32,0.23,0.18,0.00,0.00,0.42,0.78,0.89,0.91,0.91,
Left Percent:
0.00,0.00,0.00,0.00,0.00,0.00,0.00,0.00,0.00,0.00,0.02,0.05,0.06,0.11,0.15,0.18,0.21,0.23,0.25,0.26,0.27,0.28,0.29,0.29,0.31,0.32,0.33,0.33,0.34,0.34,0.35,0.35,0.36,0.37,0.37,0.37,0.40,0.37,0.38,0.38,0.37,0.37,0.37,0.36,0.36,0.36,0.36,0.37,0.38,0.40,0.43,0.45,0.47,0.46,0.53,0.58,0.60,0.61,0.62,0.63,0.64,
Right Percent:
0.00,0.00,0.00,0.00,0.00,0.00,0.00,0.00,0.00,0.00,0.02,0.09,0.14,0.34,0.38,0.44,0.48,0.51,0.53,0.53,0.53,0.52,0.51,0.52,0.51,0.50,0.48,0.45,0.42,0.41,0.40,0.40,0.40,0.40,0.41,0.41,0.44,0.41,0.42,0.42,0.42,0.41,0.41,0.41,0.40,0.40,0.39,0.38,0.37,0.36,0.35,0.34,0.31,0.23,0.15,0.32,0.50,0.74,0.87,0.87,0.87,
Left Percent:
0.00,0.01,0.13,0.06,0.04,0.06,0.08,0.07,0.08,0.11,0.28,0.40,0.41,0.45,0.47,0.48,0.49,0.50,0.50,0.50,0.50,0.50,0.49,0.49,0.48,0.47,0.46,0.45,0.43,0.43,0.43,0.43,0.43,0.44,0.44,0.44,0.45,0.45,0.45,0.45,0.45,0.45,0.44,0.44,0.44,0.44,0.44,0.45,0.46,0.47,0.49,0.54,0.59,0.59,0.73,0.79,0.80,0.79,0.79,0.79,0.82,
Right Percent:
0.00,0.00,0.00,0.00,0.00,0.00,0.00,0.00,0.00,0.00,0.00,0.01,0.04,0.08,0.17,0.26,0.34,0.38,0.41,0.44,0.45,0.46,0.47,0.47,0.47,0.45,0.44,0.42,0.40,0.38,0.37,0.37,0.38,0.39,0.39,0.39,0.39,0.39,0.40,0.40,0.40,0.40,0.39,0.39,0.38,0.38,0.37,0.36,0.35,0.34,0.32,0.30,0.26,0.18,0.08,0.07,0.37,0.73,0.87,0.88,0.87,
Left Percent:
0.00,0.00,0.00,0.00,0.00,0.00,0.00,0.00,0.00,0.00,0.00,0.00,0.01,0.02,0.02,0.03,0.05,0.07,0.09,0.10,0.12,0.14,0.16,0.19,0.21,0.23,0.25,0.27,0.28,0.30,0.31,0.32,0.33,0.33,0.34,0.36,0.34,0.35,0.35,0.34,0.34,0.34,0.34,0.33,0.33,0.33,0.33,0.33,0.34,0.36,0.39,0.43,0.44,0.43,0.46,0.49,0.52,0.53,0.53,0.54,0.56,
Right Percent:
0.00,0.00,0.00,0.00,0.00,0.00,0.00,0.00,0.00,0.00,0.00,0.00,0.00,0.00,0.00,0.01,0.03,0.09,0.19,0.27,0.34,0.38,0.42,0.44,0.47,0.50,0.53,0.52,0.49,0.47,0.43,0.41,0.40,0.39,0.39,0.43,0.39,0.40,0.40,0.39,0.39,0.39,0.39,0.38,0.38,0.38,0.37,0.36,0.37,0.38,0.38,0.36,0.31,0.38,0.23,0.00,0.38,0.76,0.88,0.90,0.90,
Left Percent:
0.00,0.00,0.03,0.01,0.00,0.01,0.02,0.01,0.02,0.03,0.18,0.31,0.32,0.36,0.39,0.40,0.40,0.40,0.41,0.41,0.41,0.41,0.41,0.41,0.41,0.40,0.40,0.39,0.39,0.39,0.39,0.40,0.40,0.41,0.42,0.42,0.43,0.43,0.43,0.43,0.43,0.43,0.43,0.42,0.42,0.42,0.42,0.42,0.43,0.46,0.48,0.51,0.53,0.53,0.65,0.72,0.74,0.74,0.74,0.75,0.77,
Right Percent:
0.00,0.00,0.00,0.00,0.00,0.00,0.00,0.00,0.00,0.00,0.00,0.01,0.03,0.08,0.16,0.24,0.29,0.29,0.31,0.31,0.31,0.32,0.34,0.34,0.35,0.34,0.33,0.33,0.32,0.33,0.33,0.34,0.35,0.36,0.36,0.37,0.39,0.37,0.38,0.38,0.38,0.38,0.37,0.37,0.36,0.35,0.34,0.34,0.32,0.31,0.29,0.27,0.23,0.15,0.09,0.04,0.28,0.49,0.70,0.77,0.77,
Left Percent:
0.00,0.03,0.20,0.14,0.10,0.16,0.14,0.12,0.13,0.15,0.31,0.42,0.43,0.48,0.49,0.51,0.52,0.53,0.54,0.53,0.53,0.53,0.53,0.53,0.52,0.50,0.49,0.48,0.47,0.46,0.45,0.45,0.45,0.46,0.46,0.46,0.47,0.47,0.47,0.47,0.47,0.47,0.47,0.46,0.46,0.46,0.46,0.46,0.47,0.48,0.50,0.55,0.65,0.72,0.78,0.81,0.81,0.78,0.78,0.79,0.81,
Right Percent:
0.00,0.00,0.00,0.00,0.00,0.00,0.00,0.00,0.00,0.00,0.01,0.03,0.05,0.12,0.23,0.29,0.37,0.42,0.45,0.49,0.50,0.52,0.53,0.53,0.53,0.51,0.48,0.46,0.45,0.43,0.42,0.41,0.42,0.42,0.42,0.43,0.42,0.43,0.43,0.43,0.43,0.43,0.43,0.42,0.41,0.41,0.40,0.39,0.38,0.36,0.35,0.34,0.23,0.08,0.08,0.00,0.00,0.61,0.84,0.86,0.85,
Left Percent:
0.00,0.00,0.00,0.00,0.00,0.00,0.00,0.00,0.00,0.00,0.00,0.01,0.01,0.02,0.04,0.05,0.07,0.08,0.10,0.12,0.16,0.17,0.19,0.22,0.24,0.27,0.29,0.31,0.33,0.35,0.36,0.38,0.39,0.40,0.40,0.41,0.40,0.40,0.41,0.40,0.40,0.40,0.39,0.39,0.39,0.39,0.39,0.40,0.40,0.42,0.44,0.49,0.52,0.50,0.53,0.55,0.55,0.48,0.42,0.42,0.46,
Right Percent:
0.00,0.00,0.00,0.00,0.00,0.00,0.00,0.00,0.00,0.00,0.00,0.00,0.00,0.00,0.00,0.00,0.00,0.00,0.01,0.02,0.07,0.15,0.22,0.31,0.37,0.40,0.43,0.43,0.42,0.41,0.39,0.38,0.36,0.36,0.35,0.38,0.35,0.35,0.35,0.35,0.35,0.35,0.35,0.34,0.34,0.33,0.33,0.33,0.33,0.37,0.40,0.42,0.35,0.24,0.00,0.00,0.22,0.73,0.88,0.90,0.90,
Left Percent:
0.00,0.04,0.21,0.15,0.10,0.13,0.16,0.15,0.15,0.17,0.31,0.43,0.45,0.50,0.52,0.53,0.55,0.56,0.56,0.56,0.57,0.57,0.57,0.57,0.56,0.55,0.53,0.50,0.48,0.47,0.46,0.46,0.45,0.45,0.45,0.45,0.45,0.46,0.46,0.46,0.46,0.45,0.45,0.45,0.45,0.45,0.46,0.46,0.47,0.50,0.55,0.66,0.71,0.71,0.78,0.81,0.81,0.78,0.77,0.78,0.80,
Right Percent:
0.00,0.00,0.00,0.00,0.00,0.00,0.00,0.00,0.00,0.00,0.00,0.01,0.01,0.02,0.06,0.11,0.17,0.23,0.32,0.40,0.44,0.48,0.50,0.51,0.54,0.55,0.55,0.51,0.48,0.46,0.43,0.41,0.40,0.40,0.40,0.40,0.38,0.40,0.40,0.39,0.39,0.39,0.39,0.39,0.38,0.38,0.37,0.36,0.35,0.35,0.34,0.34,0.25,0.06,0.08,0.00,0.00,0.64,0.83,0.86,0.86,
Left Percent:
0.00,0.03,0.22,0.15,0.09,0.13,0.17,0.16,0.16,0.19,0.33,0.40,0.40,0.43,0.45,0.46,0.47,0.47,0.47,0.47,0.47,0.47,0.47,0.47,0.47,0.46,0.45,0.44,0.43,0.42,0.42,0.42,0.42,0.43,0.43,0.44,0.44,0.44,0.44,0.44,0.44,0.44,0.44,0.44,0.44,0.43,0.43,0.43,0.45,0.46,0.48,0.52,0.57,0.58,0.68,0.72,0.73,0.73,0.72,0.73,0.75,
Right Percent:
0.00,0.00,0.00,0.00,0.00,0.00,0.00,0.00,0.00,0.00,0.01,0.02,0.03,0.07,0.14,0.22,0.29,0.37,0.41,0.45,0.48,0.50,0.52,0.53,0.54,0.53,0.51,0.49,0.48,0.46,0.45,0.44,0.44,0.44,0.45,0.45,0.43,0.45,0.45,0.45,0.45,0.45,0.45,0.44,0.43,0.43,0.42,0.41,0.40,0.39,0.38,0.36,0.29,0.20,0.15,0.07,0.07,0.61,0.81,0.85,0.85,
Left Percent:
0.00,0.00,0.00,0.00,0.00,0.00,0.00,0.00,0.00,0.00,0.00,0.01,0.01,0.02,0.05,0.07,0.09,0.10,0.12,0.14,0.16,0.18,0.20,0.22,0.24,0.26,0.28,0.31,0.33,0.34,0.34,0.35,0.35,0.35,0.35,0.36,0.36,0.37,0.36,0.36,0.36,0.35,0.35,0.35,0.35,0.35,0.35,0.35,0.36,0.39,0.42,0.46,0.49,0.48,0.50,0.54,0.55,0.52,0.47,0.47,0.52,
Right Percent:
0.00,0.00,0.00,0.00,0.00,0.00,0.00,0.00,0.00,0.00,0.00,0.00,0.00,0.00,0.00,0.00,0.01,0.01,0.02,0.03,0.05,0.08,0.11,0.18,0.29,0.37,0.41,0.45,0.49,0.49,0.50,0.49,0.49,0.49,0.48,0.45,0.47,0.48,0.48,0.48,0.48,0.48,0.48,0.47,0.47,0.47,0.47,0.47,0.47,0.48,0.50,0.50,0.45,0.19,0.00,0.00,0.00,0.20,0.64,0.75,0.76,
Left Percent:
0.00,0.03,0.24,0.16,0.09,0.14,0.18,0.17,0.17,0.21,0.34,0.39,0.40,0.44,0.44,0.45,0.46,0.47,0.47,0.47,0.47,0.47,0.47,0.47,0.47,0.46,0.45,0.44,0.43,0.42,0.42,0.42,0.43,0.43,0.43,0.43,0.44,0.44,0.44,0.45,0.44,0.44,0.44,0.44,0.44,0.44,0.43,0.44,0.45,0.47,0.49,0.54,0.58,0.58,0.69,0.73,0.74,0.74,0.74,0.74,0.75,
Right Percent:
0.00,0.00,0.00,0.00,0.00,0.00,0.00,0.00,0.00,0.00,0.01,0.02,0.03,0.08,0.14,0.21,0.29,0.35,0.40,0.44,0.46,0.49,0.51,0.53,0.53,0.53,0.51,0.49,0.48,0.47,0.45,0.44,0.44,0.44,0.44,0.44,0.43,0.44,0.44,0.44,0.44,0.44,0.44,0.43,0.43,0.42,0.41,0.41,0.39,0.38,0.38,0.36,0.29,0.19,0.14,0.06,0.07,0.64,0.82,0.86,0.85,
Left Percent:
0.00,0.03,0.22,0.16,0.09,0.14,0.17,0.16,0.17,0.19,0.32,0.39,0.39,0.42,0.44,0.45,0.45,0.46,0.46,0.46,0.45,0.46,0.46,0.46,0.46,0.45,0.44,0.43,0.42,0.41,0.41,0.40,0.40,0.41,0.41,0.41,0.42,0.42,0.42,0.42,0.42,0.42,0.41,0.41,0.41,0.41,0.41,0.42,0.43,0.45,0.49,0.53,0.57,0.58,0.68,0.72,0.73,0.73,0.72,0.73,0.75,
Right Percent:
0.00,0.00,0.00,0.00,0.00,0.00,0.00,0.00,0.00,0.00,0.01,0.02,0.03,0.07,0.16,0.23,0.30,0.36,0.40,0.44,0.46,0.49,0.50,0.52,0.53,0.52,0.50,0.49,0.47,0.46,0.44,0.44,0.44,0.44,0.44,0.44,0.43,0.44,0.44,0.44,0.44,0.44,0.43,0.43,0.43,0.42,0.41,0.40,0.39,0.39,0.38,0.35,0.30,0.20,0.16,0.05,0.14,0.64,0.82,0.85,0.85,
Left Percent:
0.00,0.00,0.00,0.00,0.00,0.00,0.00,0.00,0.00,0.00,0.00,0.00,0.00,0.00,0.00,0.00,0.00,0.00,0.00,0.00,0.00,0.00,0.00,0.00,0.00,0.00,0.00,0.00,0.00,0.00,0.00,0.00,0.00,0.02,0.03,0.09,0.07,0.08,0.09,0.09,0.10,0.10,0.11,0.11,0.11,0.09,0.08,0.04,0.00,0.00,0.00,0.00,0.00,0.00,0.00,0.00,0.00,0.00,0.00,0.00,0.00,
Right Percent:
0.00,0.00,0.00,0.00,0.00,0.00,0.00,0.00,0.00,0.00,0.00,0.00,0.00,0.00,0.00,0.00,0.00,0.00,0.00,0.00,0.01,0.01,0.02,0.03,0.05,0.07,0.11,0.17,0.23,0.32,0.39,0.44,0.48,0.53,0.54,0.55,0.56,0.56,0.57,0.57,0.57,0.57,0.57,0.57,0.56,0.55,0.52,0.50,0.45,0.40,0.35,0.22,0.04,0.00,0.00,0.00,0.00,0.00,0.00,0.00,0.00,
Left Percent:
0.00,0.13,0.31,0.29,0.27,0.28,0.29,0.30,0.30,0.31,0.34,0.38,0.37,0.38,0.38,0.39,0.40,0.40,0.40,0.41,0.41,0.41,0.41,0.41,0.42,0.42,0.42,0.43,0.43,0.43,0.43,0.43,0.43,0.43,0.43,0.42,0.42,0.42,0.42,0.42,0.42,0.42,0.41,0.41,0.41,0.41,0.42,0.42,0.43,0.45,0.47,0.51,0.54,0.54,0.57,0.59,0.61,0.61,0.61,0.62,0.63,
Right Percent:
0.00,0.00,0.00,0.00,0.00,0.00,0.00,0.00,0.00,0.00,0.00,0.00,0.01,0.02,0.05,0.13,0.24,0.34,0.41,0.51,0.59,0.64,0.67,0.70,0.73,0.76,0.78,0.80,0.82,0.83,0.82,0.80,0.75,0.69,0.67,0.65,0.61,0.62,0.62,0.62,0.61,0.61,0.61,0.61,0.62,0.62,0.63,0.64,0.66,0.69,0.71,0.73,0.74,0.81,0.64,0.51,0.55,0.93,0.96,0.95,0.94,
Left Percent:
0.00,0.00,0.05,0.03,0.01,0.02,0.04,0.04,0.04,0.06,0.17,0.24,0.24,0.29,0.31,0.32,0.34,0.35,0.36,0.36,0.37,0.37,0.38,0.38,0.38,0.38,0.38,0.37,0.37,0.37,0.36,0.37,0.37,0.38,0.39,0.39,0.40,0.39,0.40,0.40,0.40,0.39,0.39,0.39,0.39,0.38,0.39,0.39,0.39,0.41,0.44,0.48,0.50,0.49,0.60,0.64,0.66,0.67,0.67,0.68,0.69,
Right Percent:
0.00,0.00,0.00,0.00,0.00,0.00,0.00,0.00,0.00,0.00,0.01,0.03,0.08,0.25,0.32,0.40,0.45,0.49,0.52,0.53,0.52,0.51,0.51,0.51,0.50,0.48,0.46,0.44,0.41,0.39,0.38,0.38,0.39,0.39,0.39,0.39,0.39,0.39,0.39,0.39,0.39,0.39,0.39,0.39,0.38,0.38,0.37,0.36,0.35,0.35,0.34,0.33,0.31,0.24,0.18,0.40,0.60,0.84,0.89,0.89,0.88,
Left Percent:
0.00,0.00,0.04,0.02,0.01,0.02,0.03,0.03,0.04,0.06,0.17,0.24,0.25,0.30,0.32,0.33,0.35,0.36,0.37,0.38,0.38,0.39,0.39,0.40,0.40,0.40,0.40,0.39,0.39,0.39,0.38,0.39,0.40,0.40,0.41,0.41,0.42,0.41,0.42,0.42,0.42,0.42,0.41,0.41,0.41,0.41,0.41,0.41,0.42,0.43,0.46,0.49,0.52,0.51,0.61,0.65,0.67,0.68,0.68,0.69,0.70,
Right Percent:
0.00,0.00,0.00,0.00,0.00,0.00,0.00,0.00,0.00,0.00,0.02,0.06,0.10,0.29,0.35,0.43,0.48,0.52,0.54,0.54,0.54,0.53,0.52,0.52,0.51,0.49,0.47,0.44,0.41,0.39,0.37,0.37,0.37,0.37,0.37,0.38,0.37,0.37,0.38,0.38,0.37,0.37,0.37,0.37,0.37,0.36,0.36,0.35,0.34,0.34,0.33,0.32,0.30,0.24,0.17,0.40,0.62,0.86,0.90,0.90,0.90,
Left Percent:
0.00,0.00,0.00,0.00,0.00,0.00,0.00,0.00,0.00,0.00,0.00,0.00,0.00,0.00,0.00,0.01,0.03,0.04,0.07,0.10,0.13,0.16,0.22,0.26,0.30,0.33,0.37,0.43,0.46,0.50,0.53,0.55,0.57,0.58,0.59,0.60,0.61,0.65,0.62,0.62,0.62,0.62,0.61,0.61,0.60,0.59,0.58,0.58,0.58,0.58,0.55,0.55,0.55,0.53,0.52,0.50,0.48,0.42,0.46,0.52,0.53,
Right Percent:
0.00,0.00,0.00,0.00,0.00,0.00,0.00,0.00,0.00,0.00,0.00,0.00,0.00,0.00,0.00,0.00,0.00,0.00,0.00,0.00,0.01,0.01,0.02,0.04,0.05,0.08,0.10,0.13,0.15,0.18,0.22,0.24,0.26,0.27,0.28,0.30,0.30,0.35,0.31,0.31,0.31,0.31,0.31,0.30,0.29,0.28,0.26,0.25,0.24,0.21,0.14,0.08,0.02,0.00,0.00,0.00,0.00,0.00,0.01,0.07,0.04,
Left Percent:
0.00,0.00,0.05,0.02,0.02,0.02,0.04,0.04,0.05,0.06,0.18,0.26,0.27,0.32,0.33,0.34,0.36,0.37,0.38,0.39,0.40,0.40,0.40,0.40,0.41,0.40,0.40,0.40,0.39,0.40,0.40,0.40,0.41,0.41,0.42,0.42,0.44,0.43,0.43,0.43,0.43,0.43,0.43,0.43,0.42,0.42,0.42,0.42,0.43,0.45,0.47,0.50,0.52,0.51,0.62,0.66,0.68,0.68,0.68,0.69,0.71,
Right Percent:
0.00,0.00,0.00,0.00,0.00,0.00,0.00,0.00,0.00,0.00,0.02,0.05,0.10,0.29,0.36,0.42,0.47,0.51,0.54,0.55,0.54,0.53,0.52,0.52,0.51,0.49,0.47,0.45,0.41,0.39,0.38,0.37,0.38,0.38,0.38,0.38,0.38,0.38,0.38,0.38,0.38,0.38,0.38,0.37,0.37,0.37,0.36,0.35,0.35,0.34,0.33,0.33,0.30,0.24,0.18,0.40,0.61,0.86,0.90,0.90,0.90,
Left Percent:
0.00,0.00,0.04,0.01,0.01,0.02,0.03,0.03,0.04,0.06,0.16,0.24,0.25,0.30,0.31,0.33,0.34,0.35,0.36,0.37,0.38,0.38,0.38,0.38,0.39,0.38,0.38,0.37,0.37,0.37,0.36,0.37,0.38,0.38,0.39,0.39,0.41,0.39,0.40,0.40,0.40,0.40,0.39,0.39,0.39,0.39,0.38,0.39,0.40,0.42,0.45,0.49,0.51,0.51,0.61,0.65,0.67,0.68,0.68,0.69,0.70,
Right Percent:
0.00,0.00,0.00,0.00,0.00,0.00,0.00,0.01,0.01,0.01,0.03,0.07,0.13,0.28,0.38,0.45,0.49,0.52,0.53,0.52,0.51,0.50,0.49,0.49,0.48,0.46,0.44,0.42,0.39,0.38,0.37,0.37,0.37,0.38,0.38,0.38,0.40,0.38,0.39,0.39,0.39,0.39,0.39,0.39,0.38,0.38,0.37,0.36,0.35,0.34,0.33,0.31,0.30,0.23,0.16,0.38,0.51,0.81,0.87,0.87,0.87,
Left Percent:
0.00,0.00,0.00,0.00,0.00,0.00,0.00,0.00,0.00,0.00,0.00,0.00,0.00,0.00,0.00,0.00,0.00,0.00,0.00,0.00,0.00,0.00,0.00,0.00,0.00,0.00,0.00,0.01,0.02,0.05,0.10,0.15,0.22,0.28,0.30,0.40,0.38,0.38,0.39,0.39,0.40,0.41,0.40,0.40,0.39,0.39,0.35,0.33,0.27,0.16,0.08,0.04,0.11,0.28,0.13,0.06,0.01,0.00,0.00,0.00,0.01,
Right Percent:
0.00,0.00,0.00,0.00,0.00,0.00,0.00,0.00,0.00,0.00,0.00,0.00,0.00,0.00,0.00,0.00,0.00,0.00,0.00,0.00,0.00,0.00,0.00,0.00,0.00,0.00,0.00,0.00,0.00,0.00,0.00,0.00,0.00,0.00,0.00,0.00,0.00,0.00,0.00,0.00,0.00,0.00,0.00,0.00,0.00,0.00,0.00,0.00,0.00,0.00,0.00,0.01,0.00,0.00,0.00,0.00,0.02,0.38,0.65,0.77,0.78,
Left Percent:
0.00,0.00,0.00,0.00,0.00,0.00,0.00,0.00,0.00,0.00,0.00,0.00,0.00,0.00,0.00,0.00,0.00,0.00,0.00,0.00,0.00,0.00,0.00,0.01,0.04,0.07,0.19,0.28,0.35,0.39,0.43,0.47,0.49,0.50,0.52,0.56,0.54,0.54,0.53,0.53,0.53,0.53,0.52,0.51,0.50,0.50,0.50,0.50,0.50,0.50,0.48,0.45,0.49,0.50,0.49,0.46,0.44,0.37,0.40,0.46,0.48,
Right Percent:
0.00,0.00,0.00,0.00,0.00,0.00,0.00,0.00,0.00,0.00,0.00,0.00,0.00,0.00,0.00,0.00,0.00,0.01,0.01,0.03,0.04,0.06,0.09,0.13,0.19,0.24,0.32,0.38,0.42,0.46,0.50,0.53,0.55,0.57,0.58,0.60,0.60,0.60,0.60,0.60,0.60,0.61,0.60,0.60,0.58,0.58,0.57,0.57,0.54,0.52,0.48,0.41,0.29,0.05,0.00,0.00,0.00,0.00,0.00,0.00,0.00,
Left Percent:
0.00,0.06,0.21,0.15,0.11,0.11,0.16,0.17,0.18,0.21,0.30,0.35,0.36,0.39,0.40,0.41,0.42,0.43,0.44,0.44,0.44,0.44,0.44,0.44,0.44,0.43,0.43,0.42,0.41,0.41,0.41,0.40,0.40,0.41,0.41,0.41,0.41,0.41,0.41,0.41,0.41,0.41,0.41,0.40,0.40,0.40,0.41,0.41,0.43,0.45,0.48,0.54,0.58,0.59,0.65,0.68,0.70,0.70,0.70,0.71,0.72,
Right Percent:
0.00,0.00,0.00,0.00,0.00,0.00,0.00,0.00,0.00,0.00,0.00,0.00,0.01,0.04,0.06,0.11,0.17,0.28,0.34,0.41,0.45,0.48,0.51,0.53,0.54,0.53,0.52,0.50,0.48,0.45,0.43,0.41,0.41,0.41,0.40,0.40,0.39,0.41,0.41,0.40,0.40,0.40,0.40,0.39,0.39,0.38,0.38,0.37,0.36,0.36,0.35,0.33,0.29,0.26,0.20,0.11,0.39,0.75,0.86,0.88,0.87,
Left Percent:
0.00,0.01,0.01,0.01,0.01,0.01,0.01,0.01,0.01,0.01,0.02,0.03,0.03,0.04,0.05,0.06,0.07,0.08,0.09,0.10,0.11,0.11,0.12,0.13,0.14,0.16,0.16,0.17,0.18,0.19,0.21,0.22,0.24,0.25,0.26,0.27,0.28,0.28,0.28,0.28,0.28,0.28,0.27,0.27,0.27,0.26,0.25,0.25,0.25,0.25,0.26,0.30,0.32,0.29,0.30,0.31,0.29,0.25,0.21,0.21,0.24,
Right Percent:
0.00,0.00,0.00,0.00,0.00,0.00,0.00,0.00,0.00,0.00,0.00,0.00,0.00,0.00,0.00,0.00,0.00,0.00,0.00,0.00,0.00,0.00,0.00,0.00,0.00,0.00,0.00,0.00,0.00,0.00,0.00,0.00,0.00,0.03,0.04,0.01,0.04,0.06,0.06,0.10,0.10,0.05,0.04,0.02,0.05,0.01,0.00,0.00,0.00,0.00,0.00,0.07,0.02,0.00,0.00,0.00,0.00,0.00,0.00,0.03,0.04,
Left Percent:
0.00,0.00,0.02,0.01,0.01,0.01,0.02,0.02,0.02,0.03,0.08,0.19,0.19,0.24,0.27,0.29,0.31,0.31,0.33,0.34,0.35,0.36,0.36,0.37,0.37,0.37,0.37,0.37,0.37,0.37,0.37,0.38,0.38,0.39,0.39,0.39,0.40,0.40,0.40,0.40,0.40,0.40,0.39,0.39,0.39,0.39,0.39,0.39,0.40,0.42,0.44,0.48,0.51,0.50,0.60,0.64,0.66,0.66,0.67,0.67,0.69,
Right Percent:
0.00,0.00,0.00,0.00,0.00,0.00,0.00,0.00,0.00,0.00,0.00,0.00,0.01,0.06,0.16,0.27,0.36,0.41,0.45,0.47,0.48,0.49,0.49,0.49,0.49,0.46,0.44,0.42,0.39,0.38,0.38,0.39,0.40,0.40,0.41,0.41,0.42,0.41,0.42,0.42,0.41,0.41,0.41,0.41,0.40,0.40,0.38,0.37,0.35,0.34,0.33,0.31,0.28,0.22,0.12,0.31,0.47,0.84,0.92,0.92,0.92,
Left Percent:
0.00,0.00,0.00,0.00,0.00,0.00,0.00,0.00,0.00,0.00,0.02,0.18,0.23,0.31,0.35,0.39,0.41,0.43,0.45,0.47,0.48,0.49,0.51,0.52,0.53,0.51,0.50,0.49,0.48,0.47,0.47,0.47,0.47,0.47,0.47,0.47,0.50,0.47,0.48,0.48,0.48,0.47,0.47,0.47,0.47,0.46,0.47,0.47,0.49,0.52,0.58,0.67,0.69,0.69,0.74,0.76,0.76,0.74,0.74,0.75,0.77,
Right Percent:
0.00,0.00,0.00,0.00,0.00,0.00,0.00,0.00,0.00,0.00,0.01,0.02,0.05,0.14,0.24,0.33,0.40,0.46,0.49,0.52,0.55,0.57,0.58,0.58,0.57,0.54,0.49,0.44,0.42,0.39,0.37,0.35,0.35,0.36,0.36,0.36,0.38,0.36,0.37,0.37,0.36,0.36,0.36,0.35,0.35,0.34,0.34,0.33,0.33,0.32,0.32,0.31,0.27,0.13,0.13,0.00,0.35,0.82,0.89,0.89,0.89,
Left Percent:
0.00,0.05,0.20,0.15,0.11,0.14,0.18,0.18,0.19,0.21,0.30,0.35,0.35,0.39,0.41,0.42,0.42,0.43,0.43,0.43,0.43,0.44,0.44,0.44,0.44,0.43,0.43,0.42,0.42,0.42,0.41,0.41,0.41,0.42,0.41,0.42,0.42,0.42,0.42,0.42,0.42,0.42,0.42,0.41,0.41,0.41,0.42,0.42,0.43,0.45,0.48,0.54,0.57,0.58,0.64,0.67,0.69,0.69,0.69,0.69,0.71,
Right Percent:
0.00,0.00,0.00,0.00,0.00,0.00,0.00,0.00,0.00,0.00,0.00,0.00,0.00,0.02,0.04,0.09,0.17,0.27,0.33,0.39,0.43,0.46,0.49,0.51,0.52,0.52,0.50,0.49,0.47,0.45,0.42,0.41,0.41,0.41,0.41,0.41,0.39,0.41,0.41,0.40,0.41,0.41,0.40,0.40,0.40,0.39,0.38,0.37,0.36,0.35,0.34,0.32,0.29,0.25,0.19,0.12,0.38,0.73,0.86,0.87,0.87,
Left Percent:
0.00,0.00,0.01,0.00,0.00,0.01,0.01,0.01,0.01,0.02,0.08,0.19,0.20,0.26,0.29,0.31,0.32,0.33,0.35,0.36,0.37,0.38,0.38,0.39,0.40,0.40,0.40,0.40,0.39,0.40,0.40,0.40,0.40,0.41,0.41,0.41,0.43,0.42,0.42,0.42,0.42,0.42,0.42,0.41,0.41,0.41,0.41,0.41,0.42,0.45,0.48,0.51,0.53,0.53,0.61,0.66,0.67,0.68,0.68,0.69,0.70,
Right Percent:
0.00,0.00,0.00,0.00,0.00,0.00,0.00,0.00,0.00,0.00,0.00,0.01,0.02,0.08,0.20,0.32,0.38,0.43,0.47,0.48,0.48,0.48,0.48,0.48,0.47,0.45,0.42,0.40,0.38,0.38,0.37,0.38,0.38,0.39,0.40,0.40,0.40,0.39,0.40,0.40,0.40,0.40,0.40,0.39,0.39,0.38,0.37,0.36,0.35,0.34,0.32,0.31,0.28,0.21,0.13,0.31,0.47,0.82,0.90,0.90,0.90,
