Left Percent:
0.00,0.00,0.00,0.00,0.00,0.02,0.02,0.02,0.02,0.01,0.02,0.04,0.04,0.04,0.04,0.04,0.05,0.04,0.05,0.06,0.06,0.07,0.09,0.13,0.16,0.19,0.23,0.27,0.31,0.34,0.39,0.41,0.43,0.46,0.47,0.48,0.48,0.48,0.49,0.48,0.48,0.48,0.47,0.46,0.44,0.43,0.42,0.41,0.39,0.37,0.32,0.21,0.15,0.10,0.03,0.00,0.00,0.00,0.00,0.00,0.00,0.00,0.00,
Right Percent:
0.00,0.00,0.00,0.00,0.00,0.00,0.00,0.00,0.00,0.00,0.00,0.00,0.00,0.00,0.00,0.01,0.01,0.02,0.02,0.02,0.02,0.03,0.03,0.03,0.04,0.04,0.04,0.05,0.07,0.09,0.11,0.12,0.13,0.15,0.16,0.17,0.17,0.17,0.17,0.15,0.15,0.14,0.13,0.12,0.11,0.10,0.10,0.09,0.08,0.06,0.05,0.06,0.09,0.13,0.11,0.11,0.15,0.22,0.30,0.33,0.33,0.29,0.22,
Left Percent:
0.00,0.02,0.05,0.06,0.06,0.07,0.09,0.09,0.08,0.09,0.09,0.14,0.15,0.16,0.16,0.16,0.17,0.18,0.18,0.19,0.19,0.19,0.20,0.22,0.22,0.23,0.25,0.30,0.38,0.42,0.46,0.49,0.53,0.55,0.58,0.58,0.60,0.61,0.61,0.61,0.60,0.60,0.58,0.56,0.55,0.54,0.51,0.48,0.43,0.38,0.28,0.26,0.29,0.24,0.07,0.01,0.00,0.00,0.00,0.00,0.00,0.00,0.00,
Right Percent:
0.00,0.01,0.03,0.04,0.05,0.05,0.07,0.07,0.07,0.07,0.06,0.08,0.09,0.09,0.08,0.09,0.09,0.09,0.09,0.10,0.12,0.14,0.16,0.20,0.21,0.23,0.26,0.29,0.34,0.38,0.41,0.44,0.47,0.49,0.50,0.50,0.51,0.51,0.51,0.51,0.51,0.51,0.49,0.48,0.47,0.46,0.44,0.42,0.37,0.31,0.24,0.09,0.09,0.03,0.00,0.00,0.00,0.00,0.00,0.00,0.00,0.00,0.00,
Left Percent:
0.00,0.00,0.00,0.00,0.00,0.00,0.00,0.00,0.00,0.00,0.00,0.00,0.00,0.00,0.00,0.00,0.00,0.00,0.00,0.00,0.00,0.00,0.00,0.00,0.00,0.00,0.00,0.01,0.01,0.02,0.03,0.05,0.07,0.08,0.09,0.11,0.12,0.12,0.12,0.12,0.13,0.13,0.13,0.13,0.13,0.09,0.09,0.06,0.04,0.03,0.01,0.01,0.00,0.00,0.00,0.00,0.00,0.00,0.00,0.00,0.00,0.00,0.00,
Right Percent:
0.00,0.00,0.00,0.00,0.00,0.00,0.00,0.00,0.00,0.00,0.00,0.00,0.00,0.00,0.00,0.00,0.00,0.00,0.00,0.00,0.00,0.00,0.00,0.00,0.01,0.01,0.01,0.01,0.01,0.02,0.02,0.03,0.05,0.04,0.04,0.04,0.03,0.03,0.03,0.03,0.02,0.02,0.02,0.02,0.01,0.01,0.01,0.01,0.01,0.01,0.00,0.00,0.01,0.02,0.01,0.02,0.07,0.13,0.17,0.18,0.13,0.15,0.12,
Left Percent:
0.00,0.00,0.00,0.00,0.00,0.01,0.00,0.00,0.00,0.00,0.00,0.02,0.02,0.02,0.01,0.01,0.01,0.01,0.01,0.01,0.01,0.01,0.02,0.03,0.04,0.05,0.07,0.09,0.11,0.15,0.17,0.19,0.25,0.23,0.23,0.24,0.25,0.25,0.25,0.26,0.26,0.26,0.26,0.25,0.24,0.23,0.22,0.20,0.18,0.15,0.11,0.07,0.03,0.00,0.00,0.00,0.00,0.00,0.00,0.00,0.00,0.00,0.00,
Right Percent:
0.00,0.00,0.00,0.00,0.00,0.00,0.00,0.00,0.00,0.00,0.00,0.00,0.00,0.00,0.00,0.00,0.00,0.00,0.00,0.00,0.00,0.00,0.00,0.00,0.00,0.00,0.00,0.01,0.01,0.01,0.02,0.02,0.13,0.03,0.03,0.03,0.03,0.03,0.02,0.02,0.02,0.02,0.01,0.01,0.01,0.01,0.01,0.01,0.00,0.00,0.00,0.00,0.00,0.01,0.01,0.01,0.02,0.06,0.10,0.12,0.13,0.12,0.09,
Left Percent:
0.00,0.00,0.01,0.01,0.01,0.02,0.02,0.02,0.02,0.02,0.02,0.03,0.04,0.04,0.05,0.05,0.06,0.07,0.08,0.12,0.17,0.22,0.25,0.28,0.30,0.33,0.34,0.36,0.38,0.40,0.42,0.44,0.47,0.51,0.51,0.52,0.52,0.52,0.52,0.52,0.51,0.50,0.50,0.49,0.48,0.47,0.46,0.45,0.43,0.41,0.38,0.31,0.27,0.21,0.05,0.00,0.00,0.00,0.00,0.00,0.00,0.00,0.00,
Right Percent:
0.00,0.00,0.00,0.00,0.00,0.02,0.02,0.02,0.02,0.01,0.03,0.08,0.10,0.10,0.11,0.12,0.14,0.14,0.16,0.18,0.19,0.19,0.20,0.21,0.22,0.23,0.24,0.26,0.27,0.27,0.29,0.30,0.32,0.39,0.44,0.45,0.45,0.45,0.45,0.43,0.40,0.39,0.37,0.35,0.32,0.29,0.28,0.27,0.27,0.26,0.25,0.10,0.07,0.05,0.06,0.06,0.08,0.14,0.19,0.15,0.20,0.17,0.12,
Left Percent:
0.00,0.00,0.00,0.00,0.00,0.00,0.00,0.00,0.00,0.00,0.00,0.01,0.03,0.02,0.02,0.01,0.02,0.01,0.01,0.01,0.01,0.02,0.02,0.03,0.04,0.06,0.07,0.07,0.08,0.10,0.12,0.15,0.15,0.23,0.24,0.24,0.25,0.26,0.26,0.26,0.25,0.24,0.23,0.23,0.23,0.22,0.18,0.16,0.12,0.08,0.09,0.08,0.00,0.00,0.00,0.00,0.00,0.00,0.00,0.00,0.00,0.00,0.00,
Right Percent:
0.00,0.00,0.00,0.00,0.00,0.00,0.00,0.00,0.00,0.00,0.00,0.01,0.01,0.01,0.01,0.00,0.01,0.01,0.01,0.02,0.02,0.02,0.03,0.04,0.05,0.07,0.08,0.10,0.11,0.12,0.14,0.17,0.19,0.26,0.27,0.28,0.27,0.28,0.27,0.27,0.25,0.24,0.20,0.18,0.16,0.14,0.12,0.12,0.09,0.06,0.05,0.06,0.13,0.22,0.20,0.23,0.28,0.43,0.53,0.53,0.45,0.43,0.37,
Left Percent:
0.00,0.01,0.03,0.04,0.04,0.04,0.06,0.06,0.06,0.06,0.06,0.09,0.10,0.11,0.12,0.14,0.18,0.21,0.25,0.28,0.31,0.34,0.36,0.38,0.41,0.44,0.47,0.50,0.53,0.56,0.58,0.59,0.60,0.62,0.65,0.63,0.63,0.63,0.64,0.64,0.63,0.63,0.62,0.62,0.62,0.60,0.59,0.58,0.56,0.53,0.50,0.41,0.36,0.21,0.07,0.00,0.00,0.00,0.00,0.00,0.00,0.00,0.00,
Right Percent:
0.00,0.01,0.04,0.05,0.05,0.06,0.07,0.07,0.07,0.07,0.07,0.09,0.10,0.11,0.11,0.11,0.12,0.13,0.14,0.16,0.18,0.19,0.21,0.22,0.24,0.24,0.26,0.27,0.29,0.31,0.33,0.36,0.37,0.40,0.44,0.41,0.41,0.41,0.42,0.41,0.40,0.39,0.38,0.38,0.37,0.34,0.32,0.31,0.29,0.27,0.25,0.20,0.15,0.14,0.00,0.00,0.00,0.00,0.00,0.01,0.01,0.01,0.01,
Left Percent:
0.00,0.03,0.05,0.06,0.04,0.04,0.02,0.02,0.02,0.01,0.02,0.01,0.00,0.00,0.00,0.00,0.00,0.00,0.00,0.00,0.00,0.01,0.04,0.05,0.06,0.08,0.09,0.10,0.10,0.12,0.15,0.18,0.28,0.22,0.23,0.24,0.25,0.24,0.24,0.23,0.23,0.22,0.22,0.22,0.21,0.19,0.17,0.16,0.14,0.11,0.09,0.12,0.10,0.05,0.00,0.01,0.00,0.00,0.00,0.00,0.00,0.00,0.00,
Right Percent:
0.00,0.00,0.00,0.01,0.01,0.01,0.01,0.01,0.01,0.01,0.01,0.01,0.01,0.01,0.01,0.00,0.00,0.00,0.00,0.00,0.00,0.00,0.00,0.01,0.02,0.02,0.04,0.06,0.08,0.09,0.11,0.13,0.16,0.14,0.14,0.15,0.15,0.14,0.14,0.13,0.13,0.12,0.12,0.12,0.11,0.08,0.07,0.07,0.05,0.04,0.03,0.04,0.04,0.04,0.03,0.04,0.06,0.11,0.16,0.13,0.18,0.17,0.13,
Left Percent:
0.00,0.00,0.00,0.00,0.00,0.00,0.00,0.00,0.00,0.00,0.00,0.00,0.00,0.00,0.00,0.00,0.00,0.00,0.00,0.00,0.00,0.00,0.00,0.00,0.00,0.01,0.03,0.07,0.12,0.17,0.22,0.26,0.47,0.33,0.35,0.34,0.34,0.33,0.32,0.31,0.30,0.29,0.29,0.28,0.28,0.27,0.25,0.23,0.21,0.19,0.15,0.12,0.05,0.01,0.00,0.00,0.00,0.00,0.00,0.00,0.00,0.00,0.00,
Right Percent:
0.00,0.00,0.00,0.00,0.00,0.00,0.00,0.00,0.00,0.00,0.00,0.00,0.00,0.00,0.00,0.00,0.00,0.00,0.00,0.00,0.00,0.00,0.00,0.00,0.00,0.00,0.00,0.00,0.00,0.00,0.00,0.01,0.03,0.02,0.02,0.02,0.02,0.01,0.01,0.01,0.01,0.01,0.01,0.01,0.00,0.00,0.00,0.00,0.00,0.00,0.00,0.00,0.00,0.00,0.00,0.00,0.01,0.03,0.06,0.07,0.06,0.06,0.05,
Left Percent:
0.00,0.00,0.00,0.00,0.00,0.00,0.00,0.00,0.00,0.00,0.00,0.01,0.01,0.01,0.02,0.02,0.02,0.02,0.02,0.02,0.02,0.02,0.03,0.03,0.04,0.05,0.06,0.09,0.12,0.16,0.22,0.27,0.32,0.38,0.37,0.37,0.37,0.38,0.36,0.35,0.33,0.32,0.30,0.27,0.24,0.21,0.17,0.15,0.13,0.11,0.10,0.17,0.08,0.06,0.03,0.02,0.01,0.00,0.00,0.00,0.00,0.00,0.00,
Right Percent:
0.00,0.00,0.00,0.00,0.00,0.01,0.01,0.01,0.01,0.01,0.02,0.10,0.12,0.12,0.13,0.13,0.14,0.15,0.16,0.17,0.17,0.17,0.18,0.19,0.19,0.20,0.20,0.22,0.24,0.24,0.26,0.28,0.30,0.32,0.35,0.37,0.38,0.38,0.37,0.36,0.36,0.36,0.35,0.31,0.30,0.25,0.23,0.23,0.23,0.23,0.23,0.14,0.06,0.03,0.02,0.02,0.03,0.05,0.08,0.04,0.09,0.07,0.04,
Left Percent:
0.00,0.00,0.03,0.05,0.05,0.06,0.07,0.09,0.09,0.09,0.11,0.15,0.16,0.17,0.18,0.20,0.21,0.23,0.24,0.26,0.28,0.32,0.35,0.39,0.42,0.45,0.50,0.56,0.63,0.68,0.72,0.75,0.77,0.79,0.80,0.81,0.82,0.82,0.82,0.82,0.82,0.82,0.81,0.79,0.79,0.78,0.77,0.75,0.72,0.67,0.58,0.45,0.40,0.33,0.19,0.02,0.00,0.00,0.00,0.00,0.00,0.00,0.00,
Right Percent:
0.00,0.01,0.03,0.04,0.04,0.04,0.05,0.05,0.05,0.05,0.05,0.06,0.09,0.14,0.17,0.21,0.24,0.26,0.28,0.30,0.33,0.36,0.39,0.43,0.45,0.47,0.50,0.52,0.55,0.58,0.61,0.65,0.68,0.70,0.71,0.72,0.73,0.73,0.72,0.72,0.72,0.71,0.71,0.67,0.67,0.65,0.62,0.60,0.57,0.54,0.50,0.42,0.35,0.24,0.00,0.00,0.00,0.00,0.00,0.00,0.00,0.00,0.00,
Left Percent:
0.00,0.04,0.06,0.07,0.07,0.10,0.10,0.10,0.10,0.10,0.10,0.14,0.14,0.14,0.15,0.15,0.16,0.16,0.17,0.17,0.18,0.18,0.19,0.20,0.22,0.25,0.31,0.36,0.42,0.45,0.52,0.56,0.59,0.61,0.64,0.65,0.65,0.66,0.66,0.64,0.64,0.64,0.63,0.62,0.59,0.58,0.57,0.55,0.51,0.46,0.40,0.22,0.22,0.24,0.06,0.00,0.00,0.00,0.00,0.00,0.00,0.00,0.00,
Right Percent:
0.00,0.02,0.02,0.03,0.03,0.08,0.09,0.09,0.09,0.09,0.10,0.22,0.26,0.27,0.30,0.31,0.33,0.34,0.35,0.36,0.38,0.38,0.39,0.41,0.43,0.45,0.47,0.49,0.53,0.55,0.60,0.66,0.68,0.71,0.74,0.74,0.75,0.75,0.75,0.73,0.72,0.72,0.71,0.68,0.65,0.63,0.61,0.59,0.56,0.53,0.49,0.33,0.16,0.01,0.00,0.00,0.00,0.00,0.00,0.00,0.00,0.00,0.00,
Left Percent:
0.00,0.00,0.00,0.00,0.00,0.00,0.00,0.00,0.00,0.00,0.00,0.00,0.00,0.00,0.00,0.00,0.00,0.00,0.00,0.00,0.00,0.00,0.00,0.02,0.06,0.14,0.21,0.28,0.38,0.46,0.51,0.54,0.57,0.62,0.63,0.64,0.64,0.63,0.63,0.62,0.62,0.61,0.60,0.57,0.54,0.52,0.50,0.49,0.47,0.41,0.35,0.35,0.17,0.04,0.01,0.00,0.00,0.00,0.00,0.00,0.00,0.00,0.00,
Right Percent:
0.00,0.00,0.00,0.00,0.00,0.00,0.00,0.00,0.00,0.00,0.00,0.01,0.04,0.05,0.06,0.07,0.07,0.08,0.09,0.10,0.11,0.11,0.12,0.13,0.14,0.16,0.17,0.18,0.19,0.20,0.22,0.22,0.23,0.26,0.27,0.29,0.29,0.29,0.29,0.29,0.29,0.29,0.27,0.25,0.23,0.22,0.21,0.20,0.20,0.19,0.18,0.07,0.05,0.03,0.02,0.03,0.04,0.08,0.12,0.12,0.03,0.04,0.03,
Left Percent:
0.00,0.00,0.00,0.00,0.00,0.01,0.01,0.01,0.01,0.01,0.01,0.03,0.04,0.04,0.03,0.04,0.04,0.04,0.04,0.05,0.05,0.06,0.07,0.10,0.12,0.15,0.18,0.21,0.26,0.32,0.34,0.37,0.39,0.42,0.43,0.44,0.44,0.44,0.45,0.44,0.43,0.43,0.42,0.42,0.39,0.39,0.38,0.37,0.34,0.30,0.28,0.13,0.07,0.02,0.00,0.00,0.00,0.00,0.00,0.00,0.00,0.00,0.00,
Right Percent:
0.00,0.00,0.00,0.00,0.00,0.00,0.00,0.00,0.00,0.00,0.00,0.03,0.05,0.05,0.06,0.07,0.08,0.08,0.08,0.09,0.09,0.09,0.10,0.10,0.11,0.12,0.12,0.14,0.16,0.18,0.19,0.24,0.30,0.33,0.36,0.37,0.37,0.38,0.38,0.37,0.35,0.35,0.34,0.32,0.28,0.27,0.22,0.17,0.16,0.15,0.15,0.00,0.00,0.00,0.00,0.00,0.01,0.02,0.03,0.03,0.03,0.02,0.01,
Left Percent:
0.00,0.01,0.03,0.03,0.04,0.06,0.06,0.06,0.06,0.06,0.06,0.09,0.10,0.10,0.10,0.10,0.11,0.12,0.14,0.17,0.20,0.24,0.27,0.30,0.34,0.37,0.39,0.41,0.45,0.47,0.51,0.55,0.57,0.59,0.60,0.60,0.61,0.61,0.61,0.60,0.60,0.60,0.59,0.58,0.57,0.56,0.55,0.54,0.52,0.49,0.44,0.35,0.28,0.24,0.12,0.03,0.00,0.00,0.00,0.00,0.00,0.00,0.00,
Right Percent:
0.00,0.00,0.00,0.00,0.00,0.01,0.02,0.02,0.02,0.02,0.03,0.05,0.06,0.05,0.06,0.06,0.06,0.06,0.06,0.06,0.07,0.08,0.11,0.15,0.20,0.27,0.33,0.39,0.46,0.49,0.55,0.58,0.60,0.62,0.64,0.65,0.65,0.66,0.65,0.65,0.65,0.64,0.64,0.61,0.59,0.58,0.57,0.55,0.51,0.44,0.30,0.00,0.00,0.00,0.00,0.00,0.00,0.00,0.00,0.00,0.00,0.00,0.00,
Left Percent:
0.00,0.01,0.02,0.03,0.04,0.05,0.06,0.06,0.06,0.06,0.07,0.12,0.14,0.17,0.19,0.22,0.24,0.27,0.31,0.35,0.37,0.39,0.41,0.43,0.46,0.49,0.54,0.57,0.61,0.64,0.68,0.71,0.73,0.75,0.79,0.78,0.78,0.78,0.78,0.78,0.77,0.77,0.77,0.76,0.75,0.74,0.73,0.72,0.69,0.64,0.58,0.51,0.48,0.44,0.22,0.15,0.10,0.23,0.30,0.01,0.00,0.00,0.00,
Right Percent:
0.00,0.00,0.02,0.02,0.03,0.04,0.05,0.05,0.05,0.05,0.08,0.22,0.28,0.31,0.33,0.35,0.37,0.38,0.40,0.41,0.43,0.44,0.46,0.48,0.49,0.51,0.54,0.56,0.59,0.61,0.64,0.68,0.71,0.73,0.77,0.76,0.76,0.76,0.76,0.77,0.76,0.75,0.74,0.72,0.71,0.69,0.68,0.64,0.60,0.57,0.53,0.46,0.42,0.28,0.00,0.00,0.00,0.00,0.00,0.00,0.00,0.00,0.00,
Left Percent:
0.00,0.00,0.00,0.01,0.01,0.04,0.04,0.04,0.04,0.04,0.05,0.10,0.12,0.13,0.15,0.16,0.17,0.19,0.21,0.23,0.25,0.29,0.31,0.34,0.37,0.39,0.41,0.43,0.46,0.49,0.53,0.56,0.60,0.63,0.65,0.68,0.68,0.69,0.68,0.67,0.66,0.65,0.65,0.63,0.62,0.61,0.59,0.57,0.54,0.51,0.44,0.38,0.35,0.33,0.19,0.22,0.15,0.23,0.25,0.08,0.01,0.01,0.00,
Right Percent:
0.00,0.00,0.00,0.00,0.00,0.01,0.01,0.01,0.01,0.01,0.02,0.06,0.10,0.10,0.12,0.16,0.17,0.19,0.21,0.24,0.27,0.32,0.35,0.39,0.41,0.44,0.48,0.51,0.54,0.56,0.59,0.62,0.64,0.66,0.72,0.74,0.75,0.75,0.75,0.75,0.70,0.69,0.67,0.66,0.65,0.63,0.62,0.60,0.57,0.54,0.46,0.25,0.08,0.00,0.00,0.00,0.00,0.00,0.00,0.00,0.00,0.00,0.00,
Left Percent:
0.00,0.00,0.00,0.00,0.01,0.01,0.03,0.04,0.04,0.04,0.05,0.08,0.09,0.09,0.10,0.11,0.12,0.12,0.13,0.15,0.18,0.20,0.23,0.27,0.31,0.35,0.39,0.43,0.46,0.49,0.52,0.54,0.56,0.57,0.59,0.59,0.60,0.60,0.60,0.60,0.60,0.60,0.60,0.59,0.58,0.57,0.56,0.54,0.52,0.50,0.46,0.41,0.38,0.35,0.17,0.09,0.03,0.10,0.21,0.13,0.08,0.05,0.03,
Right Percent:
0.00,0.00,0.00,0.00,0.00,0.00,0.00,0.00,0.00,0.00,0.01,0.02,0.02,0.02,0.02,0.03,0.03,0.04,0.04,0.05,0.05,0.06,0.06,0.07,0.08,0.10,0.12,0.15,0.18,0.21,0.26,0.29,0.31,0.33,0.35,0.38,0.37,0.37,0.36,0.35,0.35,0.34,0.33,0.32,0.31,0.30,0.28,0.25,0.22,0.17,0.15,0.18,0.21,0.24,0.21,0.28,0.33,0.48,0.58,0.59,0.59,0.53,0.44,
Left Percent:
0.00,0.01,0.03,0.04,0.05,0.08,0.10,0.10,0.10,0.10,0.13,0.21,0.24,0.28,0.31,0.33,0.35,0.38,0.40,0.42,0.44,0.46,0.49,0.52,0.55,0.58,0.61,0.65,0.68,0.71,0.74,0.75,0.77,0.79,0.81,0.81,0.81,0.81,0.81,0.81,0.81,0.81,0.80,0.79,0.78,0.77,0.76,0.75,0.74,0.72,0.67,0.58,0.55,0.52,0.33,0.24,0.17,0.27,0.28,0.00,0.01,0.00,0.00,
Right Percent:
0.00,0.04,0.07,0.08,0.09,0.14,0.15,0.15,0.15,0.15,0.17,0.29,0.33,0.34,0.35,0.37,0.38,0.40,0.41,0.42,0.44,0.45,0.46,0.48,0.49,0.51,0.53,0.56,0.59,0.62,0.66,0.69,0.73,0.76,0.78,0.78,0.78,0.78,0.78,0.78,0.78,0.78,0.76,0.73,0.72,0.71,0.68,0.65,0.61,0.58,0.55,0.44,0.40,0.31,0.01,0.00,0.00,0.00,0.00,0.00,0.00,0.00,0.00,
Left Percent:
0.00,0.01,0.03,0.05,0.06,0.09,0.10,0.11,0.11,0.11,0.14,0.22,0.24,0.28,0.31,0.33,0.36,0.37,0.40,0.42,0.44,0.47,0.49,0.52,0.55,0.58,0.60,0.63,0.67,0.70,0.72,0.74,0.76,0.78,0.79,0.79,0.79,0.79,0.79,0.79,0.79,0.79,0.79,0.78,0.77,0.76,0.76,0.74,0.73,0.70,0.66,0.57,0.55,0.52,0.34,0.24,0.16,0.23,0.20,0.00,0.00,0.00,0.00,
Right Percent:
0.00,0.04,0.06,0.08,0.10,0.16,0.16,0.17,0.16,0.16,0.18,0.30,0.33,0.34,0.35,0.36,0.38,0.41,0.42,0.43,0.45,0.46,0.47,0.49,0.51,0.53,0.55,0.57,0.61,0.64,0.68,0.71,0.73,0.78,0.79,0.80,0.80,0.80,0.80,0.80,0.80,0.79,0.77,0.75,0.74,0.73,0.70,0.67,0.64,0.60,0.56,0.44,0.40,0.33,0.01,0.00,0.00,0.00,0.00,0.00,0.00,0.00,0.00,
Left Percent:
0.00,0.00,0.02,0.03,0.03,0.05,0.05,0.05,0.05,0.05,0.07,0.18,0.21,0.25,0.28,0.30,0.33,0.35,0.36,0.39,0.41,0.42,0.44,0.47,0.50,0.53,0.56,0.58,0.59,0.62,0.64,0.67,0.70,0.73,0.75,0.76,0.77,0.77,0.76,0.75,0.75,0.74,0.74,0.73,0.72,0.71,0.69,0.67,0.64,0.61,0.58,0.54,0.51,0.48,0.31,0.22,0.02,0.02,0.01,0.00,0.00,0.00,0.00,
Right Percent:
0.00,0.01,0.03,0.03,0.03,0.05,0.05,0.05,0.05,0.05,0.05,0.14,0.19,0.22,0.24,0.27,0.29,0.30,0.31,0.34,0.35,0.36,0.40,0.43,0.44,0.46,0.48,0.50,0.53,0.55,0.58,0.62,0.65,0.68,0.73,0.75,0.75,0.75,0.74,0.72,0.71,0.70,0.69,0.68,0.65,0.64,0.61,0.58,0.55,0.52,0.47,0.37,0.31,0.13,0.00,0.00,0.00,0.00,0.00,0.00,0.00,0.00,0.00,
Left Percent:
0.00,0.01,0.03,0.05,0.06,0.10,0.11,0.12,0.12,0.12,0.15,0.23,0.25,0.30,0.32,0.34,0.37,0.39,0.41,0.43,0.45,0.48,0.50,0.53,0.56,0.60,0.62,0.65,0.67,0.70,0.72,0.75,0.78,0.79,0.80,0.80,0.80,0.80,0.80,0.80,0.80,0.80,0.79,0.79,0.78,0.77,0.76,0.75,0.73,0.71,0.66,0.59,0.56,0.52,0.34,0.24,0.13,0.19,0.15,0.00,0.00,0.00,0.00,
Right Percent:
0.00,0.04,0.07,0.09,0.11,0.18,0.19,0.19,0.19,0.19,0.21,0.32,0.35,0.36,0.37,0.39,0.40,0.42,0.43,0.44,0.46,0.47,0.49,0.51,0.52,0.54,0.56,0.58,0.62,0.65,0.69,0.73,0.78,0.79,0.81,0.82,0.82,0.81,0.81,0.81,0.81,0.80,0.79,0.76,0.75,0.74,0.72,0.69,0.65,0.61,0.57,0.46,0.42,0.33,0.01,0.00,0.00,0.00,0.00,0.00,0.00,0.00,0.00,
Left Percent:
0.00,0.00,0.03,0.04,0.05,0.09,0.10,0.10,0.10,0.10,0.13,0.21,0.24,0.28,0.31,0.33,0.35,0.38,0.40,0.42,0.44,0.47,0.50,0.52,0.55,0.58,0.61,0.64,0.67,0.70,0.72,0.74,0.76,0.78,0.79,0.80,0.80,0.80,0.80,0.79,0.79,0.79,0.79,0.78,0.77,0.76,0.75,0.75,0.73,0.70,0.66,0.58,0.53,0.52,0.33,0.24,0.16,0.23,0.22,0.00,0.00,0.00,0.00,
Right Percent:
0.00,0.04,0.07,0.10,0.11,0.16,0.17,0.17,0.17,0.16,0.19,0.30,0.34,0.35,0.36,0.37,0.39,0.41,0.42,0.44,0.45,0.46,0.48,0.50,0.52,0.53,0.55,0.57,0.61,0.63,0.67,0.70,0.77,0.78,0.80,0.81,0.82,0.82,0.81,0.81,0.81,0.80,0.78,0.75,0.74,0.72,0.71,0.67,0.64,0.60,0.56,0.45,0.40,0.32,0.01,0.00,0.00,0.00,0.00,0.00,0.00,0.00,0.00,
Left Percent:
0.00,0.01,0.04,0.06,0.07,0.11,0.12,0.13,0.13,0.13,0.15,0.23,0.27,0.30,0.32,0.34,0.37,0.39,0.41,0.44,0.46,0.49,0.51,0.55,0.58,0.61,0.64,0.67,0.70,0.72,0.74,0.77,0.79,0.80,0.81,0.81,0.82,0.82,0.82,0.82,0.82,0.81,0.81,0.80,0.79,0.78,0.78,0.76,0.74,0.72,0.69,0.61,0.56,0.50,0.30,0.20,0.02,0.06,0.04,0.00,0.00,0.00,0.00,
Right Percent:
0.00,0.04,0.07,0.09,0.11,0.17,0.17,0.17,0.17,0.17,0.19,0.31,0.34,0.35,0.37,0.38,0.39,0.41,0.42,0.44,0.46,0.47,0.48,0.49,0.51,0.53,0.54,0.57,0.60,0.63,0.66,0.69,0.75,0.76,0.78,0.78,0.78,0.79,0.79,0.79,0.78,0.78,0.76,0.73,0.73,0.71,0.69,0.65,0.62,0.59,0.56,0.45,0.40,0.31,0.01,0.00,0.00,0.00,0.00,0.00,0.00,0.00,0.00,
Left Percent:
0.00,0.00,0.00,0.00,0.00,0.00,0.00,0.00,0.00,0.00,0.00,0.00,0.00,0.00,0.00,0.00,0.00,0.00,0.01,0.01,0.01,0.02,0.02,0.02,0.04,0.06,0.09,0.17,0.30,0.38,0.44,0.48,0.51,0.56,0.55,0.56,0.57,0.57,0.57,0.57,0.56,0.56,0.55,0.53,0.52,0.50,0.47,0.46,0.43,0.37,0.30,0.18,0.17,0.20,0.13,0.09,0.07,0.10,0.11,0.07,0.08,0.06,0.04,
Right Percent:
0.00,0.00,0.00,0.00,0.00,0.00,0.00,0.00,0.00,0.00,0.00,0.00,0.00,0.00,0.00,0.00,0.00,0.00,0.00,0.00,0.00,0.00,0.00,0.00,0.00,0.00,0.00,0.00,0.00,0.00,0.00,0.00,0.00,0.00,0.00,0.00,0.00,0.00,0.00,0.00,0.00,0.00,0.00,0.00,0.00,0.00,0.00,0.00,0.00,0.00,0.00,0.00,0.00,0.01,0.01,0.02,0.03,0.06,0.08,0.06,0.10,0.09,0.06,
Left Percent:
0.00,0.02,0.04,0.05,0.06,0.10,0.11,0.12,0.12,0.12,0.15,0.23,0.25,0.28,0.31,0.33,0.36,0.39,0.41,0.43,0.45,0.47,0.50,0.53,0.56,0.58,0.61,0.64,0.67,0.69,0.73,0.75,0.77,0.78,0.79,0.79,0.80,0.80,0.80,0.80,0.79,0.79,0.79,0.78,0.77,0.76,0.76,0.75,0.73,0.70,0.66,0.58,0.54,0.51,0.31,0.23,0.07,0.09,0.06,0.00,0.00,0.00,0.00,
Right Percent:
0.00,0.04,0.07,0.10,0.12,0.18,0.19,0.19,0.19,0.19,0.21,0.33,0.35,0.36,0.38,0.40,0.41,0.43,0.44,0.45,0.46,0.47,0.49,0.50,0.52,0.54,0.56,0.58,0.61,0.65,0.69,0.71,0.76,0.79,0.81,0.81,0.82,0.82,0.82,0.82,0.82,0.81,0.78,0.76,0.75,0.73,0.71,0.68,0.65,0.61,0.57,0.47,0.42,0.34,0.01,0.00,0.00,0.00,0.00,0.00,0.00,0.00,0.00,
Left Percent:
0.00,0.00,0.02,0.09,0.00,0.00,0.00,0.00,0.00,0.00,0.00,0.00,0.00,0.00,0.00,0.00,0.00,0.00,0.00,0.00,0.00,0.00,0.00,0.00,0.00,0.00,0.00,0.00,0.00,0.00,0.00,0.00,0.00,0.00,0.00,0.00,0.00,0.00,0.00,0.00,0.00,0.00,0.00,0.00,0.00,0.00,0.00,0.00,0.00,0.00,0.00,0.00,0.00,0.16,0.05,0.02,0.00,0.00,0.00,0.00,0.00,0.00,0.00,
Right Percent:
0.00,0.24,0.27,0.31,0.32,0.35,0.34,0.34,0.35,0.36,0.38,0.46,0.49,0.52,0.56,0.58,0.59,0.61,0.63,0.65,0.67,0.33,0.37,0.41,0.44,0.48,0.51,0.54,0.56,0.59,0.61,0.64,0.66,0.67,0.68,0.69,0.69,0.69,0.68,0.68,0.68,0.67,0.67,0.66,0.66,0.63,0.62,0.61,0.59,0.54,0.49,0.31,0.08,0.00,0.00,0.00,0.00,0.00,0.00,0.00,0.00,0.00,0.00,
Left Percent:
0.00,0.00,0.00,0.00,0.00,0.00,0.00,0.00,0.00,0.00,0.01,0.04,0.07,0.09,0.10,0.13,0.14,0.17,0.18,0.20,0.23,0.28,0.33,0.38,0.43,0.48,0.53,0.57,0.60,0.62,0.65,0.67,0.68,0.69,0.70,0.71,0.71,0.70,0.71,0.71,0.70,0.71,0.70,0.70,0.70,0.68,0.67,0.66,0.65,0.61,0.59,0.54,0.49,0.42,0.24,0.12,0.08,0.13,0.15,0.12,0.12,0.08,0.04,
Right Percent:
0.00,0.00,0.00,0.01,0.01,0.01,0.03,0.04,0.04,0.04,0.05,0.09,0.10,0.10,0.10,0.11,0.11,0.11,0.12,0.12,0.12,0.14,0.17,0.21,0.23,0.25,0.28,0.30,0.32,0.35,0.38,0.42,0.43,0.46,0.47,0.51,0.48,0.48,0.48,0.47,0.47,0.47,0.45,0.45,0.44,0.41,0.39,0.37,0.35,0.33,0.30,0.24,0.17,0.17,0.00,0.00,0.00,0.00,0.02,0.16,0.03,0.00,0.00,
Left Percent:
0.00,0.00,0.00,0.00,0.00,0.00,0.00,0.00,0.00,0.00,0.00,0.00,0.01,0.00,0.01,0.01,0.01,0.01,0.02,0.02,0.03,0.04,0.05,0.08,0.10,0.12,0.15,0.18,0.23,0.25,0.28,0.32,0.34,0.36,0.37,0.39,0.40,0.40,0.39,0.39,0.39,0.38,0.37,0.36,0.34,0.32,0.31,0.29,0.27,0.24,0.22,0.11,0.04,0.01,0.00,0.00,0.00,0.00,0.00,0.00,0.00,0.00,0.00,
Right Percent:
0.00,0.00,0.00,0.00,0.00,0.00,0.00,0.00,0.00,0.00,0.00,0.02,0.04,0.04,0.05,0.07,0.08,0.10,0.11,0.15,0.18,0.22,0.26,0.30,0.33,0.37,0.42,0.46,0.55,0.58,0.61,0.64,0.65,0.68,0.68,0.70,0.71,0.71,0.70,0.70,0.69,0.69,0.66,0.66,0.64,0.62,0.61,0.59,0.56,0.50,0.45,0.01,0.00,0.00,0.00,0.00,0.00,0.00,0.00,0.00,0.00,0.00,0.00,
Left Percent:
0.00,0.00,0.00,0.00,0.00,0.00,0.00,0.00,0.00,0.00,0.00,0.02,0.03,0.04,0.04,0.05,0.05,0.06,0.08,0.09,0.11,0.13,0.17,0.20,0.24,0.29,0.35,0.39,0.45,0.49,0.54,0.57,0.60,0.61,0.64,0.64,0.65,0.65,0.65,0.65,0.64,0.63,0.63,0.62,0.62,0.61,0.59,0.57,0.54,0.49,0.42,0.33,0.31,0.32,0.25,0.17,0.13,0.16,0.17,0.12,0.15,0.10,0.06,
Right Percent:
0.00,0.00,0.00,0.00,0.00,0.00,0.00,0.00,0.00,0.00,0.00,0.00,0.01,0.01,0.02,0.03,0.03,0.04,0.04,0.05,0.06,0.06,0.08,0.08,0.09,0.10,0.11,0.13,0.16,0.19,0.23,0.29,0.35,0.39,0.50,0.47,0.48,0.48,0.48,0.47,0.45,0.41,0.39,0.36,0.35,0.32,0.28,0.24,0.20,0.16,0.12,0.16,0.21,0.29,0.27,0.32,0.38,0.50,0.59,0.60,0.61,0.53,0.45,
Left Percent:
0.00,0.03,0.03,0.03,0.03,0.03,0.03,0.03,0.03,0.03,0.03,0.04,0.04,0.04,0.04,0.04,0.04,0.04,0.04,0.04,0.04,0.04,0.05,0.07,0.08,0.09,0.10,0.12,0.14,0.17,0.19,0.22,0.22,0.26,0.27,0.28,0.28,0.29,0.29,0.29,0.29,0.29,0.28,0.28,0.26,0.25,0.24,0.23,0.20,0.17,0.13,0.10,0.08,0.04,0.01,0.00,0.00,0.00,0.00,0.00,0.00,0.00,0.00,
Right Percent:
0.00,0.00,0.00,0.00,0.00,0.00,0.00,0.00,0.00,0.00,0.00,0.01,0.01,0.01,0.01,0.01,0.01,0.01,0.00,0.00,0.00,0.00,0.00,0.01,0.01,0.02,0.03,0.04,0.06,0.07,0.09,0.12,0.14,0.17,0.17,0.18,0.17,0.17,0.17,0.17,0.17,0.16,0.16,0.15,0.12,0.10,0.08,0.06,0.05,0.03,0.02,0.03,0.04,0.15,0.15,0.23,0.26,0.40,0.52,0.46,0.40,0.39,0.33,
Left Percent:
0.00,0.00,0.00,0.00,0.00,0.01,0.01,0.01,0.01,0.00,0.01,0.01,0.01,0.01,0.01,0.01,0.01,0.01,0.02,0.02,0.03,0.03,0.04,0.06,0.07,0.09,0.10,0.13,0.16,0.18,0.21,0.24,0.27,0.30,0.32,0.32,0.33,0.33,0.34,0.33,0.33,0.32,0.30,0.30,0.29,0.29,0.26,0.25,0.22,0.19,0.16,0.07,0.02,0.01,0.00,0.00,0.00,0.00,0.00,0.00,0.00,0.00,0.00,
Right Percent:
0.00,0.00,0.00,0.00,0.01,0.03,0.04,0.04,0.04,0.03,0.05,0.08,0.09,0.09,0.09,0.09,0.10,0.10,0.10,0.11,0.11,0.11,0.13,0.14,0.15,0.18,0.21,0.23,0.26,0.27,0.29,0.32,0.34,0.40,0.43,0.44,0.44,0.44,0.44,0.43,0.42,0.39,0.36,0.35,0.34,0.33,0.30,0.29,0.27,0.25,0.22,0.11,0.11,0.08,0.00,0.00,0.00,0.00,0.00,0.00,0.00,0.00,0.00,
Left Percent:
0.00,0.02,0.05,0.06,0.08,0.12,0.13,0.14,0.14,0.13,0.17,0.24,0.27,0.29,0.32,0.34,0.36,0.38,0.41,0.43,0.46,0.49,0.52,0.55,0.57,0.60,0.62,0.65,0.68,0.71,0.74,0.76,0.79,0.81,0.82,0.82,0.82,0.82,0.82,0.82,0.82,0.82,0.81,0.80,0.80,0.79,0.78,0.76,0.74,0.71,0.68,0.59,0.54,0.48,0.26,0.14,0.00,0.00,0.00,0.00,0.00,0.00,0.00,
Right Percent:
0.00,0.04,0.07,0.10,0.11,0.17,0.17,0.17,0.17,0.17,0.19,0.32,0.35,0.36,0.38,0.40,0.41,0.42,0.44,0.46,0.47,0.48,0.49,0.51,0.53,0.55,0.56,0.58,0.61,0.65,0.68,0.71,0.74,0.78,0.79,0.80,0.80,0.80,0.80,0.81,0.80,0.79,0.76,0.75,0.74,0.73,0.70,0.68,0.64,0.61,0.57,0.47,0.42,0.32,0.00,0.00,0.00,0.00,0.00,0.00,0.00,0.00,0.00,
Left Percent:
0.00,0.02,0.05,0.06,0.07,0.11,0.12,0.13,0.13,0.13,0.16,0.24,0.25,0.29,0.31,0.34,0.36,0.39,0.41,0.43,0.45,0.48,0.51,0.54,0.57,0.59,0.62,0.64,0.68,0.71,0.73,0.75,0.78,0.80,0.81,0.81,0.81,0.82,0.81,0.81,0.81,0.81,0.80,0.79,0.79,0.78,0.77,0.75,0.73,0.71,0.67,0.58,0.55,0.49,0.28,0.19,0.02,0.02,0.01,0.00,0.00,0.00,0.00,
Right Percent:
0.00,0.04,0.07,0.10,0.12,0.17,0.18,0.18,0.18,0.18,0.20,0.33,0.36,0.36,0.38,0.39,0.40,0.43,0.44,0.45,0.46,0.47,0.48,0.50,0.51,0.53,0.55,0.57,0.60,0.64,0.67,0.70,0.76,0.77,0.79,0.79,0.80,0.80,0.80,0.80,0.79,0.79,0.77,0.74,0.73,0.73,0.70,0.67,0.63,0.59,0.56,0.45,0.41,0.32,0.00,0.00,0.00,0.00,0.00,0.00,0.00,0.00,0.00,
Left Percent:
0.00,0.00,0.00,0.00,0.00,0.00,0.00,0.00,0.00,0.00,0.00,0.11,0.13,0.14,0.13,0.12,0.10,0.09,0.08,0.08,0.09,0.10,0.12,0.15,0.18,0.21,0.26,0.41,0.49,0.54,0.60,0.63,0.67,0.72,0.72,0.73,0.74,0.74,0.73,0.73,0.72,0.72,0.71,0.70,0.68,0.66,0.62,0.59,0.55,0.50,0.40,0.39,0.30,0.25,0.08,0.02,0.00,0.00,0.00,0.00,0.00,0.00,0.00,
Right Percent:
0.00,0.00,0.00,0.01,0.03,0.05,0.05,0.06,0.05,0.05,0.08,0.11,0.11,0.10,0.10,0.10,0.10,0.10,0.10,0.09,0.09,0.10,0.11,0.12,0.14,0.16,0.18,0.21,0.23,0.25,0.27,0.28,0.30,0.35,0.34,0.35,0.35,0.35,0.34,0.34,0.33,0.33,0.32,0.31,0.29,0.29,0.25,0.24,0.23,0.22,0.20,0.12,0.11,0.10,0.01,0.00,0.00,0.00,0.00,0.00,0.00,0.00,0.00,
Left Percent:
0.00,0.02,0.05,0.06,0.06,0.09,0.10,0.11,0.11,0.10,0.13,0.22,0.25,0.28,0.32,0.35,0.37,0.39,0.41,0.43,0.46,0.49,0.53,0.55,0.59,0.61,0.64,0.67,0.69,0.73,0.75,0.78,0.80,0.81,0.84,0.84,0.84,0.85,0.85,0.84,0.83,0.83,0.82,0.82,0.81,0.80,0.80,0.79,0.76,0.74,0.68,0.59,0.53,0.45,0.21,0.07,0.00,0.00,0.00,0.00,0.00,0.00,0.00,
Right Percent:
0.00,0.05,0.06,0.07,0.08,0.14,0.16,0.16,0.16,0.15,0.17,0.30,0.33,0.34,0.37,0.39,0.40,0.41,0.43,0.44,0.46,0.47,0.49,0.51,0.52,0.54,0.56,0.58,0.61,0.65,0.68,0.72,0.74,0.76,0.80,0.80,0.80,0.80,0.81,0.79,0.78,0.77,0.76,0.76,0.75,0.73,0.71,0.68,0.63,0.60,0.55,0.48,0.44,0.37,0.01,0.00,0.00,0.00,0.00,0.00,0.00,0.00,0.00,
Left Percent:
0.00,0.02,0.05,0.06,0.06,0.09,0.09,0.10,0.10,0.09,0.12,0.20,0.23,0.27,0.30,0.33,0.35,0.37,0.40,0.43,0.45,0.47,0.51,0.54,0.58,0.60,0.63,0.65,0.69,0.72,0.74,0.77,0.78,0.80,0.83,0.83,0.83,0.84,0.84,0.83,0.83,0.82,0.82,0.82,0.80,0.79,0.78,0.77,0.75,0.73,0.67,0.58,0.52,0.45,0.19,0.07,0.00,0.00,0.00,0.00,0.00,0.00,0.00,
Right Percent:
0.00,0.05,0.07,0.07,0.08,0.14,0.15,0.15,0.15,0.15,0.17,0.30,0.32,0.34,0.36,0.39,0.40,0.41,0.43,0.44,0.45,0.46,0.48,0.50,0.51,0.53,0.55,0.58,0.61,0.64,0.68,0.71,0.74,0.76,0.81,0.81,0.81,0.81,0.81,0.79,0.78,0.78,0.76,0.76,0.74,0.72,0.70,0.68,0.63,0.59,0.54,0.47,0.43,0.36,0.02,0.00,0.00,0.00,0.00,0.00,0.00,0.00,0.00,
Left Percent:
0.00,0.02,0.05,0.06,0.07,0.10,0.11,0.11,0.11,0.11,0.00,0.00,0.00,0.00,0.00,0.00,0.00,0.00,0.00,0.00,0.00,0.00,0.00,0.00,0.00,0.00,0.00,0.02,0.09,0.00,0.41,0.69,1.00,0.74,0.00,1.00,0.84,0.00,1.00,0.84,0.00,1.00,0.81,0.00,1.00,0.60,0.00,0.69,0.99,0.98,0.92,0.78,0.67,0.56,0.38,0.23,0.13,0.00,0.00,0.00,0.00,0.00,0.00,
Right Percent:
0.00,0.04,0.06,0.07,0.08,0.15,0.16,0.16,0.16,0.15,0.04,0.06,0.06,0.07,0.08,0.08,0.09,0.10,0.12,0.14,0.06,0.73,0.74,0.78,0.80,0.82,0.84,0.87,0.87,0.43,0.87,0.77,0.96,0.85,0.69,0.94,0.85,0.75,0.93,0.85,0.68,0.95,0.85,0.58,0.96,0.82,0.49,0.71,0.87,0.79,0.05,0.00,0.00,0.00,0.00,0.00,0.00,0.00,0.00,0.00,0.00,0.00,0.00,
Left Percent:
0.00,0.00,0.02,0.03,0.03,0.04,0.04,0.06,0.06,0.07,0.08,0.12,0.14,0.16,0.17,0.18,0.20,0.22,0.24,0.27,0.30,0.32,0.36,0.39,0.43,0.46,0.48,0.52,0.54,0.57,0.60,0.62,0.65,0.67,0.69,0.71,0.74,0.72,0.71,0.72,0.72,0.72,0.71,0.71,0.71,0.70,0.69,0.67,0.66,0.62,0.59,0.57,0.56,0.47,0.29,0.19,0.16,0.34,0.42,0.40,0.25,0.15,0.05,
Right Percent:
0.00,0.00,0.00,0.01,0.02,0.02,0.03,0.05,0.06,0.06,0.06,0.09,0.10,0.11,0.11,0.13,0.14,0.16,0.18,0.20,0.22,0.24,0.25,0.26,0.27,0.28,0.30,0.33,0.36,0.40,0.42,0.46,0.50,0.53,0.55,0.56,0.60,0.58,0.57,0.57,0.56,0.56,0.55,0.54,0.54,0.53,0.52,0.50,0.48,0.45,0.43,0.44,0.45,0.31,0.19,0.00,0.00,0.00,0.00,0.03,0.00,0.00,0.00,
Left Percent:
0.00,0.00,0.00,0.11,0.12,0.20,0.19,0.18,0.18,0.18,0.21,0.30,0.33,0.33,0.35,0.35,0.35,0.36,0.36,0.38,0.39,0.40,0.42,0.43,0.47,0.50,0.54,0.60,0.70,0.83,0.81,0.76,0.58,0.60,0.62,0.63,0.63,0.63,0.64,0.63,0.62,0.60,0.60,0.59,0.58,0.56,0.53,0.50,0.47,0.43,0.36,0.19,0.16,0.18,0.11,0.08,0.06,0.08,0.09,0.05,0.06,0.04,0.02,
Right Percent:
0.00,0.03,0.14,0.00,0.00,0.00,0.00,0.00,0.00,0.00,0.00,0.00,0.00,0.00,0.00,0.00,0.00,0.00,0.00,0.00,0.00,0.00,0.00,0.00,0.00,0.00,0.00,0.00,0.00,0.00,0.00,0.83,0.75,0.76,0.78,0.79,0.79,0.80,0.80,0.79,0.77,0.75,0.74,0.72,0.71,0.68,0.65,0.61,0.58,0.54,0.48,0.23,0.05,0.00,0.00,0.00,0.00,0.00,0.00,0.00,0.00,0.00,0.00,
Left Percent:
0.00,0.00,0.00,0.00,0.01,0.01,0.01,0.01,0.01,0.01,0.02,0.05,0.07,0.08,0.10,0.11,0.12,0.14,0.15,0.19,0.22,0.26,0.28,0.31,0.35,0.38,0.40,0.43,0.47,0.50,0.53,0.56,0.60,0.66,0.63,0.63,0.64,0.64,0.64,0.63,0.63,0.63,0.63,0.61,0.60,0.59,0.58,0.56,0.54,0.51,0.46,0.41,0.37,0.37,0.18,0.16,0.15,0.32,0.40,0.23,0.25,0.14,0.07,
Right Percent:
0.00,0.00,0.00,0.00,0.00,0.00,0.00,0.00,0.00,0.00,0.00,0.00,0.00,0.00,0.00,0.00,0.00,0.00,0.00,0.00,0.00,0.00,0.00,0.00,0.00,0.00,0.00,0.00,0.00,0.00,0.01,0.01,0.02,0.02,0.03,0.03,0.04,0.03,0.03,0.03,0.03,0.03,0.02,0.01,0.01,0.01,0.00,0.00,0.00,0.00,0.00,0.00,0.01,0.03,0.02,0.02,0.02,0.05,0.07,0.06,0.09,0.08,0.07,
Left Percent:
0.00,0.00,0.00,0.00,0.00,0.00,0.00,0.00,0.00,0.00,0.00,0.00,0.00,0.00,0.00,0.00,0.00,0.00,0.00,0.00,0.00,0.00,0.01,0.01,0.01,0.03,0.04,0.06,0.08,0.11,0.14,0.19,0.20,0.23,0.24,0.25,0.26,0.26,0.26,0.26,0.26,0.26,0.26,0.26,0.25,0.23,0.22,0.20,0.16,0.12,0.07,0.04,0.02,0.00,0.00,0.00,0.00,0.00,0.00,0.00,0.00,0.00,0.00,
Right Percent:
0.00,0.00,0.00,0.00,0.00,0.00,0.00,0.00,0.00,0.00,0.00,0.00,0.00,0.00,0.00,0.00,0.00,0.00,0.00,0.00,0.00,0.00,0.00,0.00,0.00,0.00,0.00,0.02,0.04,0.08,0.17,0.25,0.20,0.35,0.40,0.42,0.44,0.44,0.44,0.44,0.46,0.46,0.46,0.45,0.43,0.36,0.30,0.21,0.08,0.01,0.00,0.00,0.00,0.00,0.00,0.00,0.00,0.00,0.00,0.00,0.00,0.00,0.00,
Left Percent:
0.00,0.00,0.00,0.00,0.00,0.00,0.00,0.00,0.00,0.00,0.00,0.01,0.02,0.03,0.03,0.03,0.03,0.03,0.03,0.03,0.03,0.04,0.06,0.11,0.17,0.21,0.27,0.32,0.37,0.41,0.45,0.48,0.51,0.53,0.54,0.56,0.57,0.57,0.57,0.57,0.57,0.57,0.56,0.56,0.53,0.49,0.47,0.44,0.43,0.40,0.35,0.36,0.28,0.16,0.04,0.01,0.01,0.01,0.01,0.00,0.00,0.00,0.00,
Right Percent:
0.00,0.00,0.00,0.00,0.00,0.00,0.00,0.00,0.00,0.00,0.00,0.00,0.00,0.00,0.00,0.00,0.00,0.00,0.00,0.00,0.00,0.00,0.00,0.00,0.00,0.00,0.00,0.00,0.00,0.02,0.05,0.19,0.27,0.31,0.33,0.37,0.38,0.39,0.38,0.39,0.41,0.41,0.40,0.39,0.34,0.26,0.19,0.04,0.00,0.00,0.00,0.00,0.00,0.00,0.00,0.00,0.00,0.00,0.00,0.00,0.00,0.00,0.00,
Left Percent:
0.00,0.00,0.00,0.00,0.00,0.00,0.00,0.00,0.00,0.00,0.00,0.01,0.00,0.00,0.00,0.00,0.00,0.00,0.00,0.00,0.00,0.00,0.00,0.01,0.03,0.04,0.07,0.15,0.27,0.37,0.46,0.53,0.60,0.65,0.66,0.68,0.68,0.68,0.68,0.67,0.67,0.66,0.65,0.64,0.60,0.57,0.54,0.50,0.41,0.30,0.17,0.32,0.26,0.19,0.10,0.04,0.01,0.01,0.01,0.01,0.00,0.00,0.00,
Right Percent:
0.00,0.00,0.00,0.01,0.01,0.01,0.01,0.01,0.01,0.01,0.01,0.01,0.01,0.01,0.01,0.01,0.01,0.02,0.02,0.03,0.03,0.04,0.04,0.06,0.08,0.08,0.09,0.11,0.13,0.14,0.17,0.20,0.25,0.30,0.30,0.31,0.30,0.29,0.29,0.28,0.27,0.26,0.25,0.23,0.20,0.18,0.17,0.14,0.12,0.11,0.08,0.14,0.22,0.32,0.31,0.36,0.38,0.51,0.59,0.53,0.52,0.50,0.44,
Left Percent:
0.00,0.00,0.00,0.00,0.00,0.00,0.00,0.00,0.00,0.00,0.00,0.05,0.07,0.08,0.09,0.10,0.12,0.14,0.15,0.16,0.17,0.19,0.21,0.24,0.27,0.32,0.35,0.38,0.43,0.46,0.49,0.52,0.55,0.57,0.64,0.65,0.66,0.67,0.66,0.64,0.63,0.62,0.61,0.60,0.53,0.52,0.50,0.49,0.48,0.46,0.41,0.38,0.35,0.32,0.17,0.03,0.02,0.03,0.03,0.01,0.01,0.00,0.00,
Right Percent:
0.00,0.00,0.01,0.02,0.03,0.04,0.05,0.05,0.05,0.04,0.04,0.05,0.06,0.05,0.05,0.06,0.06,0.07,0.08,0.09,0.10,0.12,0.14,0.17,0.19,0.24,0.27,0.31,0.36,0.39,0.43,0.47,0.50,0.54,0.55,0.55,0.56,0.57,0.55,0.54,0.53,0.53,0.52,0.51,0.48,0.46,0.45,0.43,0.40,0.36,0.28,0.09,0.05,0.02,0.00,0.00,0.00,0.00,0.00,0.00,0.00,0.00,0.00,
Left Percent:
0.00,0.00,0.00,0.00,0.00,0.00,0.01,0.01,0.01,0.01,0.02,0.04,0.05,0.05,0.06,0.07,0.07,0.08,0.08,0.09,0.10,0.11,0.12,0.14,0.16,0.19,0.28,0.38,0.47,0.52,0.56,0.59,0.61,0.62,0.63,0.64,0.64,0.64,0.65,0.65,0.65,0.65,0.64,0.64,0.63,0.61,0.59,0.58,0.54,0.47,0.42,0.27,0.22,0.20,0.14,0.10,0.08,0.10,0.11,0.07,0.10,0.06,0.02,
Right Percent:
0.00,0.00,0.00,0.00,0.00,0.00,0.01,0.02,0.02,0.02,0.04,0.09,0.11,0.13,0.14,0.14,0.15,0.16,0.16,0.17,0.18,0.18,0.19,0.19,0.20,0.21,0.21,0.22,0.25,0.31,0.36,0.39,0.41,0.42,0.43,0.44,0.43,0.44,0.43,0.43,0.43,0.42,0.42,0.41,0.40,0.39,0.37,0.35,0.28,0.23,0.23,0.23,0.19,0.15,0.08,0.09,0.12,0.25,0.36,0.29,0.39,0.28,0.14,
Left Percent:
0.00,0.00,0.00,0.00,0.00,0.00,0.00,0.00,0.00,0.00,0.00,0.00,0.01,0.00,0.01,0.01,0.01,0.01,0.02,0.03,0.04,0.04,0.05,0.06,0.08,0.10,0.13,0.16,0.19,0.21,0.24,0.27,0.29,0.31,0.32,0.32,0.33,0.33,0.33,0.33,0.33,0.33,0.31,0.31,0.31,0.30,0.29,0.27,0.25,0.22,0.19,0.08,0.04,0.01,0.00,0.00,0.00,0.00,0.00,0.00,0.00,0.00,0.00,
Right Percent:
0.00,0.00,0.00,0.00,0.00,0.01,0.01,0.01,0.01,0.01,0.02,0.08,0.10,0.11,0.12,0.13,0.14,0.14,0.16,0.16,0.17,0.17,0.18,0.18,0.19,0.20,0.20,0.21,0.22,0.22,0.24,0.26,0.31,0.36,0.38,0.38,0.39,0.39,0.39,0.39,0.38,0.37,0.35,0.33,0.31,0.29,0.24,0.22,0.22,0.22,0.22,0.12,0.07,0.05,0.05,0.07,0.09,0.16,0.24,0.18,0.03,0.05,0.03,
Left Percent:
0.00,0.00,0.00,0.00,0.00,0.00,0.00,0.00,0.00,0.00,0.00,0.00,0.00,0.00,0.00,0.00,0.00,0.00,0.00,0.00,0.00,0.01,0.01,0.01,0.02,0.04,0.07,0.09,0.12,0.15,0.18,0.23,0.28,0.28,0.28,0.29,0.29,0.29,0.29,0.29,0.29,0.29,0.29,0.29,0.29,0.27,0.26,0.23,0.21,0.17,0.13,0.10,0.05,0.01,0.00,0.00,0.00,0.00,0.00,0.00,0.00,0.00,0.00,
Right Percent:
0.00,0.00,0.00,0.00,0.00,0.00,0.00,0.00,0.00,0.00,0.00,0.00,0.00,0.00,0.00,0.00,0.00,0.00,0.00,0.00,0.00,0.00,0.00,0.00,0.00,0.00,0.00,0.00,0.00,0.00,0.00,0.00,0.01,0.00,0.01,0.01,0.01,0.01,0.00,0.00,0.00,0.00,0.00,0.00,0.00,0.00,0.00,0.00,0.00,0.00,0.00,0.00,0.00,0.00,0.00,0.00,0.00,0.01,0.03,0.03,0.03,0.03,0.02,
Left Percent:
0.00,0.00,0.00,0.00,0.00,0.03,0.03,0.03,0.03,0.02,0.03,0.06,0.07,0.08,0.08,0.10,0.10,0.11,0.12,0.14,0.15,0.16,0.18,0.19,0.19,0.21,0.22,0.23,0.26,0.30,0.36,0.42,0.47,0.52,0.56,0.57,0.57,0.58,0.57,0.57,0.57,0.56,0.52,0.51,0.50,0.48,0.45,0.43,0.38,0.30,0.23,0.18,0.19,0.20,0.11,0.07,0.04,0.06,0.06,0.02,0.03,0.01,0.00,
Right Percent:
0.00,0.00,0.00,0.00,0.00,0.00,0.00,0.00,0.00,0.00,0.00,0.00,0.00,0.01,0.01,0.02,0.02,0.03,0.03,0.03,0.04,0.04,0.04,0.04,0.05,0.05,0.05,0.07,0.08,0.09,0.10,0.12,0.15,0.17,0.19,0.19,0.19,0.19,0.19,0.18,0.18,0.17,0.14,0.13,0.11,0.10,0.09,0.09,0.09,0.09,0.08,0.12,0.16,0.19,0.16,0.18,0.22,0.31,0.39,0.37,0.40,0.35,0.28,
Left Percent:
0.00,0.00,0.12,0.00,0.00,0.00,0.00,0.00,0.00,0.00,0.00,0.00,0.00,0.00,0.00,0.00,0.00,0.00,0.00,0.00,0.01,0.01,0.03,0.04,0.04,0.05,0.06,0.04,0.05,0.02,0.05,0.01,0.03,0.00,0.00,0.00,0.00,0.00,0.00,0.00,0.00,0.00,0.00,0.00,0.00,0.00,0.00,0.00,0.00,0.00,0.00,0.00,0.00,0.00,0.00,0.00,0.00,0.00,0.00,0.00,0.00,0.00,0.00,
Right Percent:
0.00,0.00,0.00,0.29,0.31,0.32,0.32,0.31,0.31,0.31,0.31,0.36,0.37,0.38,0.39,0.39,0.41,0.41,0.43,0.45,0.49,0.52,0.57,0.61,0.68,0.70,0.73,0.75,0.77,0.78,0.79,0.79,0.81,0.49,0.51,0.52,0.53,0.53,0.53,0.53,0.53,0.52,0.51,0.49,0.48,0.46,0.45,0.42,0.39,0.36,0.31,0.10,0.04,0.00,0.00,0.00,0.00,0.00,0.00,0.00,0.00,0.00,0.00,
Left Percent:
0.00,0.01,0.01,0.01,0.02,0.03,0.03,0.03,0.03,0.03,0.03,0.09,0.10,0.11,0.12,0.12,0.13,0.15,0.16,0.18,0.20,0.22,0.24,0.27,0.30,0.33,0.35,0.39,0.45,0.49,0.51,0.53,0.55,0.61,0.59,0.60,0.60,0.60,0.60,0.60,0.60,0.59,0.57,0.56,0.55,0.53,0.50,0.49,0.49,0.46,0.43,0.40,0.37,0.37,0.28,0.09,0.06,0.06,0.06,0.04,0.05,0.03,0.01,
Right Percent:
0.00,0.00,0.00,0.00,0.00,0.00,0.00,0.00,0.00,0.00,0.00,0.01,0.02,0.02,0.03,0.03,0.04,0.04,0.04,0.05,0.05,0.05,0.06,0.06,0.07,0.08,0.09,0.11,0.17,0.20,0.23,0.27,0.32,0.40,0.37,0.38,0.38,0.38,0.37,0.36,0.35,0.34,0.31,0.29,0.27,0.23,0.19,0.18,0.17,0.15,0.13,0.20,0.25,0.34,0.30,0.34,0.37,0.50,0.58,0.56,0.58,0.52,0.42,
Left Percent:
0.00,0.00,0.02,0.04,0.04,0.04,0.05,0.05,0.08,0.08,0.11,0.16,0.17,0.19,0.20,0.21,0.21,0.22,0.23,0.24,0.25,0.27,0.29,0.32,0.36,0.41,0.45,0.49,0.53,0.58,0.62,0.67,0.71,0.73,0.76,0.78,0.80,0.80,0.80,0.80,0.80,0.79,0.78,0.78,0.78,0.76,0.75,0.72,0.69,0.65,0.61,0.58,0.58,0.54,0.24,0.03,0.00,0.00,0.00,0.00,0.00,0.00,0.00,
Right Percent:
0.00,0.00,0.01,0.02,0.02,0.03,0.03,0.03,0.05,0.05,0.06,0.09,0.09,0.09,0.10,0.11,0.11,0.12,0.14,0.16,0.18,0.20,0.22,0.24,0.25,0.26,0.29,0.32,0.37,0.42,0.45,0.47,0.49,0.51,0.53,0.54,0.60,0.56,0.56,0.55,0.55,0.54,0.53,0.53,0.53,0.52,0.50,0.49,0.48,0.47,0.47,0.47,0.47,0.40,0.17,0.00,0.00,0.00,0.00,0.01,0.00,0.00,0.00,
Left Percent:
0.00,0.03,0.03,0.03,0.04,0.04,0.05,0.05,0.05,0.05,0.05,0.07,0.08,0.11,0.15,0.19,0.22,0.25,0.27,0.30,0.32,0.34,0.36,0.37,0.39,0.40,0.43,0.45,0.48,0.51,0.53,0.56,0.58,0.60,0.63,0.64,0.65,0.65,0.65,0.65,0.65,0.64,0.63,0.62,0.60,0.59,0.57,0.55,0.53,0.50,0.47,0.43,0.40,0.38,0.12,0.00,0.00,0.00,0.00,0.00,0.00,0.00,0.00,
Right Percent:
0.00,0.00,0.02,0.06,0.07,0.08,0.13,0.13,0.12,0.13,0.13,0.14,0.14,0.13,0.13,0.13,0.13,0.14,0.14,0.15,0.17,0.20,0.22,0.23,0.25,0.26,0.28,0.30,0.35,0.38,0.42,0.45,0.48,0.49,0.50,0.50,0.51,0.51,0.51,0.50,0.51,0.50,0.49,0.49,0.46,0.44,0.42,0.39,0.35,0.31,0.28,0.24,0.18,0.15,0.08,0.00,0.00,0.00,0.00,0.00,0.00,0.00,0.00,
Left Percent:
0.00,0.00,0.00,0.00,0.00,0.00,0.00,0.00,0.00,0.00,0.00,0.01,0.01,0.01,0.02,0.02,0.03,0.03,0.04,0.05,0.07,0.12,0.15,0.19,0.24,0.28,0.32,0.38,0.45,0.50,0.54,0.57,0.60,0.62,0.66,0.67,0.67,0.67,0.67,0.67,0.65,0.65,0.64,0.63,0.63,0.61,0.60,0.58,0.54,0.50,0.41,0.25,0.23,0.24,0.17,0.11,0.07,0.10,0.11,0.06,0.08,0.06,0.03,
Right Percent:
0.00,0.00,0.00,0.00,0.00,0.01,0.01,0.02,0.02,0.01,0.02,0.05,0.06,0.06,0.06,0.06,0.06,0.06,0.06,0.06,0.06,0.09,0.12,0.17,0.22,0.27,0.32,0.36,0.39,0.43,0.48,0.51,0.54,0.57,0.60,0.62,0.62,0.63,0.63,0.62,0.60,0.60,0.59,0.58,0.57,0.54,0.52,0.49,0.45,0.39,0.29,0.05,0.03,0.00,0.00,0.00,0.00,0.00,0.00,0.00,0.00,0.00,0.00,
Left Percent:
0.00,0.07,0.08,0.09,0.09,0.11,0.11,0.11,0.11,0.11,0.12,0.15,0.15,0.15,0.15,0.16,0.16,0.16,0.16,0.17,0.17,0.18,0.19,0.21,0.24,0.29,0.35,0.40,0.51,0.56,0.61,0.65,0.69,0.72,0.74,0.75,0.75,0.76,0.76,0.76,0.76,0.74,0.73,0.72,0.71,0.67,0.66,0.64,0.60,0.54,0.49,0.22,0.21,0.21,0.13,0.03,0.00,0.00,0.00,0.00,0.00,0.00,0.00,
Right Percent:
0.00,0.03,0.06,0.06,0.06,0.10,0.10,0.10,0.10,0.09,0.12,0.19,0.21,0.21,0.22,0.22,0.23,0.24,0.25,0.27,0.30,0.33,0.35,0.38,0.40,0.43,0.46,0.49,0.56,0.58,0.60,0.63,0.65,0.68,0.69,0.70,0.70,0.70,0.70,0.70,0.70,0.68,0.67,0.66,0.65,0.62,0.60,0.59,0.56,0.51,0.47,0.07,0.00,0.00,0.00,0.00,0.01,0.01,0.01,0.00,0.01,0.01,0.01,
Left Percent:
0.00,0.04,0.05,0.06,0.08,0.08,0.08,0.07,0.07,0.07,0.08,0.09,0.09,0.09,0.09,0.10,0.10,0.10,0.11,0.11,0.11,0.12,0.12,0.13,0.14,0.15,0.16,0.17,0.19,0.26,0.39,0.47,0.53,0.59,0.58,0.59,0.59,0.59,0.59,0.59,0.59,0.59,0.58,0.57,0.55,0.53,0.48,0.41,0.34,0.26,0.21,0.16,0.15,0.18,0.13,0.10,0.06,0.09,0.09,0.07,0.07,0.04,0.01,
Right Percent:
0.00,0.00,0.00,0.00,0.00,0.00,0.00,0.00,0.00,0.00,0.00,0.00,0.01,0.01,0.01,0.02,0.01,0.01,0.01,0.01,0.01,0.01,0.01,0.01,0.01,0.01,0.01,0.02,0.02,0.02,0.04,0.04,0.06,0.11,0.09,0.09,0.09,0.09,0.09,0.08,0.07,0.07,0.06,0.05,0.04,0.04,0.02,0.01,0.01,0.01,0.01,0.04,0.06,0.10,0.09,0.09,0.11,0.15,0.18,0.20,0.20,0.19,0.16,
Left Percent:
0.00,0.00,0.00,0.00,0.00,0.00,0.00,0.00,0.00,0.00,0.00,0.00,0.00,0.00,0.00,0.00,0.00,0.00,0.01,0.02,0.03,0.04,0.06,0.08,0.11,0.15,0.18,0.22,0.26,0.28,0.32,0.38,0.48,0.46,0.56,0.57,0.58,0.58,0.57,0.56,0.55,0.54,0.52,0.48,0.44,0.41,0.40,0.38,0.34,0.28,0.24,0.24,0.26,0.19,0.00,0.00,0.00,0.00,0.00,0.00,0.00,0.00,0.00,
Right Percent:
0.00,0.00,0.00,0.00,0.00,0.01,0.01,0.01,0.01,0.01,0.02,0.06,0.06,0.07,0.07,0.07,0.07,0.08,0.08,0.08,0.08,0.09,0.10,0.11,0.14,0.16,0.17,0.20,0.22,0.24,0.26,0.28,0.35,0.38,0.41,0.41,0.41,0.42,0.39,0.38,0.38,0.37,0.36,0.33,0.31,0.29,0.28,0.26,0.25,0.23,0.18,0.11,0.13,0.12,0.00,0.00,0.00,0.00,0.00,0.02,0.01,0.00,0.00,
Left Percent:
0.00,0.05,0.06,0.06,0.06,0.07,0.08,0.08,0.08,0.08,0.09,0.09,0.11,0.11,0.12,0.12,0.13,0.14,0.14,0.15,0.15,0.16,0.16,0.16,0.17,0.18,0.21,0.28,0.37,0.46,0.53,0.56,0.60,0.61,0.65,0.63,0.64,0.64,0.64,0.64,0.63,0.63,0.62,0.61,0.61,0.59,0.58,0.55,0.49,0.33,0.23,0.23,0.23,0.23,0.18,0.10,0.05,0.08,0.08,0.06,0.07,0.04,0.00,
Right Percent:
0.00,0.00,0.02,0.03,0.03,0.04,0.07,0.08,0.07,0.08,0.08,0.13,0.13,0.15,0.15,0.16,0.16,0.17,0.17,0.18,0.18,0.19,0.19,0.20,0.20,0.21,0.22,0.24,0.24,0.26,0.30,0.36,0.40,0.42,0.47,0.45,0.45,0.45,0.44,0.44,0.43,0.42,0.41,0.40,0.38,0.36,0.33,0.28,0.25,0.24,0.24,0.22,0.18,0.15,0.11,0.11,0.13,0.21,0.30,0.31,0.38,0.28,0.16,
Left Percent:
0.00,0.00,0.00,0.00,0.00,0.00,0.00,0.00,0.00,0.00,0.00,0.00,0.00,0.00,0.00,0.00,0.00,0.00,0.00,0.00,0.00,0.01,0.01,0.01,0.04,0.05,0.08,0.11,0.15,0.20,0.28,0.35,0.46,0.45,0.49,0.50,0.51,0.50,0.50,0.49,0.47,0.46,0.43,0.41,0.39,0.37,0.35,0.30,0.26,0.21,0.19,0.24,0.24,0.17,0.04,0.01,0.00,0.00,0.00,0.00,0.00,0.00,0.00,
Right Percent:
0.00,0.00,0.01,0.03,0.03,0.03,0.03,0.03,0.03,0.03,0.04,0.04,0.04,0.04,0.03,0.03,0.03,0.03,0.03,0.03,0.04,0.06,0.10,0.16,0.24,0.27,0.31,0.35,0.38,0.43,0.49,0.51,0.56,0.57,0.57,0.58,0.58,0.59,0.58,0.58,0.59,0.57,0.56,0.56,0.56,0.55,0.51,0.47,0.43,0.37,0.31,0.00,0.00,0.00,0.00,0.00,0.00,0.00,0.00,0.00,0.00,0.00,0.00,
Left Percent:
0.00,0.00,0.01,0.02,0.02,0.02,0.03,0.03,0.03,0.03,0.04,0.09,0.12,0.15,0.18,0.22,0.25,0.28,0.30,0.33,0.35,0.38,0.41,0.43,0.45,0.48,0.51,0.54,0.58,0.61,0.63,0.66,0.68,0.70,0.72,0.73,0.73,0.73,0.73,0.74,0.74,0.73,0.74,0.73,0.72,0.71,0.70,0.69,0.67,0.64,0.60,0.55,0.52,0.44,0.26,0.11,0.05,0.26,0.36,0.15,0.11,0.03,0.01,
Right Percent:
0.00,0.03,0.08,0.10,0.10,0.11,0.13,0.13,0.13,0.13,0.13,0.15,0.16,0.16,0.17,0.18,0.18,0.18,0.18,0.19,0.21,0.22,0.26,0.30,0.31,0.33,0.35,0.36,0.38,0.39,0.42,0.43,0.44,0.46,0.47,0.48,0.49,0.49,0.48,0.48,0.48,0.47,0.47,0.46,0.45,0.44,0.43,0.42,0.41,0.40,0.39,0.37,0.30,0.33,0.17,0.03,0.02,0.03,0.04,0.04,0.08,0.07,0.03,
