Left Percent:
0.00,0.00,0.01,0.00,0.00,0.00,0.00,0.00,0.00,0.00,0.01,0.02,0.02,0.03,0.04,0.05,0.06,0.06,0.07,0.09,0.11,0.12,0.13,0.15,0.17,0.19,0.22,0.25,0.27,0.30,0.32,0.34,0.37,0.38,0.38,0.39,0.40,0.40,0.40,0.40,0.40,0.39,0.39,0.38,0.37,0.37,0.37,0.37,0.37,0.37,0.39,0.41,0.42,0.40,0.40,0.40,0.37,0.30,0.18,0.14,0.07,0.20,0.30,
Right Percent:
0.00,0.00,0.00,0.00,0.00,0.00,0.00,0.00,0.00,0.00,0.00,0.00,0.00,0.00,0.00,0.00,0.00,0.01,0.02,0.04,0.07,0.11,0.15,0.19,0.24,0.28,0.31,0.35,0.38,0.39,0.41,0.44,0.46,0.48,0.49,0.50,0.50,0.51,0.51,0.51,0.51,0.51,0.51,0.49,0.49,0.48,0.47,0.46,0.45,0.44,0.43,0.42,0.39,0.21,0.05,0.00,0.00,0.00,0.00,0.00,0.00,0.00,0.00,
Left Percent:
0.00,0.00,0.00,0.00,0.00,0.00,0.00,0.00,0.00,0.00,0.00,0.00,0.00,0.00,0.00,0.00,0.00,0.00,0.00,0.00,0.02,0.03,0.06,0.09,0.11,0.16,0.20,0.24,0.28,0.32,0.36,0.39,0.40,0.41,0.43,0.44,0.45,0.45,0.45,0.45,0.45,0.44,0.42,0.42,0.41,0.41,0.41,0.41,0.43,0.44,0.46,0.49,0.53,0.53,0.54,0.55,0.52,0.47,0.45,0.47,0.28,0.34,0.48,
Right Percent:
0.00,0.00,0.00,0.00,0.00,0.00,0.00,0.00,0.00,0.00,0.00,0.00,0.00,0.00,0.00,0.00,0.00,0.00,0.00,0.00,0.00,0.00,0.00,0.00,0.00,0.00,0.00,0.00,0.00,0.02,0.09,0.26,0.35,0.39,0.40,0.29,0.39,0.40,0.41,0.41,0.41,0.42,0.40,0.40,0.41,0.42,0.42,0.36,0.26,0.13,0.03,0.05,0.02,0.00,0.00,0.00,0.00,0.00,0.00,0.00,0.00,0.00,0.00,
Left Percent:
0.00,0.00,0.00,0.00,0.00,0.00,0.00,0.00,0.00,0.00,0.00,0.00,0.00,0.00,0.00,0.00,0.00,0.00,0.00,0.00,0.00,0.00,0.00,0.00,0.00,0.00,0.00,0.00,0.00,0.02,0.07,0.10,0.14,0.15,0.15,0.25,0.21,0.21,0.20,0.20,0.20,0.20,0.21,0.20,0.17,0.16,0.15,0.14,0.18,0.24,0.16,0.05,0.36,0.53,0.54,0.52,0.36,0.23,0.33,0.47,0.05,0.06,0.42,
Right Percent:
0.00,0.00,0.00,0.00,0.00,0.00,0.00,0.00,0.00,0.00,0.00,0.00,0.00,0.00,0.00,0.00,0.00,0.00,0.00,0.00,0.00,0.00,0.00,0.00,0.00,0.00,0.00,0.00,0.00,0.01,0.05,0.21,0.32,0.37,0.40,0.24,0.37,0.39,0.40,0.41,0.41,0.41,0.41,0.41,0.40,0.38,0.38,0.35,0.17,0.03,0.01,0.00,0.00,0.00,0.00,0.00,0.00,0.00,0.00,0.00,0.00,0.00,0.00,
Left Percent:
0.00,0.00,0.00,0.00,0.00,0.00,0.00,0.00,0.00,0.00,0.00,0.00,0.00,0.00,0.00,0.00,0.00,0.00,0.00,0.00,0.02,0.03,0.05,0.08,0.12,0.18,0.24,0.29,0.34,0.40,0.43,0.46,0.47,0.49,0.50,0.54,0.51,0.51,0.51,0.50,0.49,0.49,0.47,0.47,0.46,0.46,0.46,0.47,0.50,0.51,0.52,0.53,0.57,0.59,0.59,0.60,0.58,0.58,0.60,0.63,0.53,0.50,0.57,
Right Percent:
0.00,0.00,0.00,0.00,0.00,0.00,0.00,0.00,0.00,0.00,0.00,0.00,0.00,0.00,0.00,0.00,0.00,0.00,0.00,0.00,0.00,0.00,0.00,0.00,0.00,0.01,0.04,0.10,0.25,0.39,0.41,0.42,0.42,0.42,0.42,0.46,0.40,0.42,0.43,0.43,0.44,0.44,0.42,0.43,0.42,0.43,0.43,0.42,0.42,0.42,0.38,0.26,0.02,0.00,0.00,0.00,0.00,0.00,0.00,0.00,0.00,0.00,0.00,
Left Percent:
0.00,0.00,0.00,0.00,0.00,0.00,0.00,0.00,0.00,0.00,0.00,0.00,0.00,0.00,0.00,0.00,0.00,0.00,0.00,0.01,0.02,0.03,0.06,0.08,0.11,0.14,0.19,0.25,0.31,0.37,0.41,0.45,0.47,0.49,0.51,0.52,0.53,0.53,0.53,0.53,0.53,0.52,0.51,0.51,0.50,0.50,0.49,0.48,0.49,0.48,0.46,0.47,0.50,0.52,0.51,0.50,0.45,0.39,0.38,0.41,0.19,0.17,0.36,
Right Percent:
0.00,0.00,0.00,0.00,0.00,0.00,0.00,0.00,0.00,0.00,0.00,0.00,0.00,0.00,0.00,0.00,0.00,0.00,0.00,0.00,0.00,0.00,0.00,0.00,0.00,0.00,0.02,0.13,0.28,0.34,0.36,0.37,0.38,0.39,0.40,0.41,0.38,0.40,0.41,0.41,0.41,0.41,0.41,0.40,0.40,0.40,0.38,0.38,0.37,0.35,0.32,0.24,0.00,0.00,0.00,0.00,0.00,0.00,0.56,0.75,0.50,0.00,0.00,
Left Percent:
0.00,0.00,0.00,0.00,0.00,0.00,0.00,0.00,0.00,0.00,0.00,0.00,0.00,0.02,0.04,0.06,0.07,0.10,0.11,0.13,0.15,0.17,0.21,0.26,0.28,0.30,0.32,0.35,0.38,0.40,0.42,0.45,0.47,0.49,0.49,0.51,0.50,0.51,0.51,0.51,0.50,0.50,0.50,0.49,0.48,0.49,0.49,0.47,0.48,0.48,0.50,0.53,0.56,0.54,0.56,0.56,0.54,0.51,0.48,0.49,0.39,0.50,0.53,
Right Percent:
0.00,0.00,0.00,0.00,0.00,0.00,0.00,0.00,0.00,0.00,0.00,0.00,0.00,0.00,0.00,0.00,0.00,0.00,0.00,0.00,0.00,0.00,0.00,0.00,0.00,0.00,0.00,0.00,0.01,0.02,0.04,0.22,0.33,0.33,0.32,0.16,0.22,0.28,0.30,0.32,0.32,0.33,0.35,0.34,0.32,0.34,0.34,0.22,0.11,0.08,0.08,0.30,0.12,0.00,0.01,0.00,0.00,0.00,0.00,0.00,0.00,0.00,0.00,
Left Percent:
0.00,0.00,0.00,0.00,0.00,0.00,0.00,0.00,0.00,0.00,0.00,0.00,0.00,0.00,0.00,0.00,0.00,0.00,0.00,0.00,0.00,0.00,0.00,0.00,0.01,0.02,0.05,0.13,0.27,0.32,0.29,0.28,0.28,0.30,0.31,0.33,0.37,0.36,0.37,0.37,0.37,0.37,0.36,0.35,0.35,0.34,0.34,0.31,0.31,0.41,0.50,0.51,0.64,0.66,0.71,0.72,0.69,0.69,0.74,0.77,0.69,0.64,0.73,
Right Percent:
0.00,0.00,0.00,0.00,0.00,0.00,0.00,0.00,0.00,0.00,0.00,0.00,0.00,0.00,0.02,0.05,0.10,0.19,0.26,0.32,0.36,0.39,0.43,0.45,0.48,0.50,0.52,0.52,0.50,0.47,0.42,0.39,0.36,0.36,0.36,0.35,0.33,0.35,0.35,0.36,0.36,0.36,0.37,0.36,0.36,0.35,0.35,0.35,0.36,0.41,0.47,0.46,0.09,0.00,0.00,0.00,0.00,0.57,0.87,0.88,0.91,0.84,0.48,
Left Percent:
0.00,0.00,0.00,0.00,0.00,0.00,0.00,0.00,0.00,0.00,0.00,0.00,0.00,0.00,0.00,0.00,0.01,0.01,0.02,0.03,0.05,0.06,0.09,0.11,0.13,0.17,0.20,0.23,0.26,0.28,0.29,0.30,0.32,0.32,0.33,0.33,0.34,0.34,0.34,0.34,0.34,0.33,0.33,0.33,0.33,0.33,0.33,0.33,0.33,0.34,0.36,0.40,0.41,0.40,0.41,0.44,0.45,0.43,0.38,0.36,0.31,0.40,0.39,
Right Percent:
0.00,0.00,0.00,0.00,0.00,0.00,0.00,0.00,0.00,0.00,0.00,0.00,0.00,0.00,0.00,0.00,0.00,0.00,0.01,0.01,0.02,0.02,0.03,0.05,0.06,0.08,0.10,0.13,0.15,0.17,0.21,0.23,0.25,0.28,0.30,0.31,0.32,0.32,0.33,0.33,0.33,0.32,0.32,0.31,0.30,0.30,0.28,0.27,0.25,0.22,0.18,0.14,0.11,0.03,0.00,0.00,0.00,0.00,0.00,0.00,0.00,0.00,0.00,
Left Percent:
0.00,0.00,0.00,0.00,0.00,0.00,0.00,0.00,0.00,0.00,0.00,0.00,0.00,0.00,0.00,0.00,0.00,0.00,0.00,0.00,0.00,0.00,0.00,0.00,0.00,0.00,0.02,0.10,0.18,0.27,0.32,0.35,0.38,0.39,0.40,0.43,0.50,0.44,0.43,0.42,0.42,0.40,0.39,0.38,0.37,0.36,0.36,0.36,0.39,0.40,0.35,0.24,0.29,0.36,0.30,0.31,0.33,0.38,0.49,0.55,0.35,0.13,0.33,
Right Percent:
0.00,0.00,0.00,0.00,0.00,0.00,0.00,0.00,0.00,0.00,0.00,0.00,0.00,0.00,0.00,0.00,0.00,0.01,0.01,0.02,0.03,0.05,0.07,0.10,0.13,0.17,0.20,0.27,0.30,0.33,0.35,0.38,0.39,0.40,0.41,0.42,0.47,0.43,0.44,0.43,0.43,0.43,0.43,0.42,0.41,0.41,0.40,0.38,0.38,0.35,0.31,0.21,0.07,0.00,0.00,0.00,0.00,0.00,0.00,0.00,0.02,0.00,0.00,
Left Percent:
0.00,0.00,0.00,0.00,0.00,0.00,0.00,0.00,0.00,0.00,0.00,0.00,0.00,0.01,0.01,0.02,0.03,0.03,0.04,0.06,0.08,0.09,0.11,0.14,0.17,0.19,0.23,0.26,0.29,0.31,0.34,0.38,0.40,0.41,0.42,0.43,0.43,0.44,0.44,0.44,0.44,0.43,0.42,0.43,0.42,0.42,0.40,0.40,0.40,0.40,0.42,0.45,0.47,0.46,0.46,0.47,0.44,0.39,0.32,0.31,0.17,0.29,0.40,
Right Percent:
0.00,0.00,0.00,0.00,0.00,0.00,0.00,0.00,0.00,0.00,0.00,0.00,0.00,0.00,0.00,0.00,0.00,0.00,0.00,0.00,0.00,0.00,0.00,0.00,0.00,0.02,0.04,0.12,0.26,0.36,0.44,0.49,0.50,0.51,0.50,0.47,0.50,0.50,0.50,0.51,0.52,0.52,0.51,0.51,0.51,0.51,0.48,0.48,0.47,0.45,0.43,0.47,0.35,0.00,0.00,0.00,0.00,0.00,0.00,0.00,0.00,0.00,0.00,
Left Percent:
0.00,0.00,0.00,0.00,0.00,0.00,0.00,0.00,0.00,0.00,0.00,0.00,0.00,0.00,0.00,0.00,0.00,0.00,0.01,0.02,0.06,0.09,0.14,0.19,0.23,0.27,0.29,0.32,0.36,0.39,0.41,0.43,0.44,0.46,0.46,0.54,0.47,0.48,0.47,0.47,0.46,0.46,0.45,0.45,0.45,0.44,0.44,0.44,0.47,0.51,0.55,0.59,0.62,0.60,0.63,0.65,0.64,0.62,0.62,0.64,0.53,0.55,0.64,
Right Percent:
0.00,0.00,0.00,0.00,0.00,0.00,0.00,0.00,0.00,0.00,0.00,0.00,0.00,0.00,0.00,0.00,0.00,0.01,0.01,0.02,0.03,0.06,0.09,0.14,0.19,0.25,0.31,0.35,0.39,0.41,0.44,0.45,0.47,0.49,0.50,0.57,0.50,0.52,0.52,0.52,0.52,0.52,0.52,0.50,0.50,0.50,0.49,0.47,0.46,0.45,0.44,0.43,0.36,0.08,0.02,0.00,0.00,0.00,0.00,0.00,0.00,0.00,0.00,
Left Percent:
0.00,0.00,0.00,0.00,0.00,0.00,0.00,0.00,0.00,0.00,0.00,0.00,0.00,0.00,0.00,0.00,0.00,0.00,0.00,0.00,0.02,0.10,0.15,0.17,0.20,0.25,0.27,0.29,0.31,0.33,0.36,0.37,0.38,0.39,0.40,0.40,0.42,0.41,0.42,0.42,0.41,0.41,0.41,0.41,0.41,0.40,0.40,0.40,0.40,0.41,0.44,0.50,0.53,0.53,0.59,0.62,0.63,0.60,0.56,0.57,0.43,0.55,0.63,
Right Percent:
0.00,0.00,0.00,0.00,0.00,0.00,0.00,0.00,0.00,0.00,0.00,0.00,0.00,0.00,0.00,0.01,0.01,0.01,0.02,0.03,0.06,0.09,0.11,0.15,0.19,0.24,0.27,0.31,0.33,0.36,0.39,0.41,0.43,0.44,0.45,0.45,0.47,0.47,0.47,0.47,0.47,0.47,0.47,0.46,0.46,0.45,0.44,0.44,0.42,0.40,0.37,0.33,0.29,0.08,0.04,0.00,0.00,0.00,0.00,0.00,0.01,0.01,0.00,
Left Percent:
0.00,0.00,0.00,0.00,0.00,0.00,0.00,0.00,0.00,0.00,0.00,0.00,0.00,0.00,0.01,0.02,0.04,0.05,0.07,0.09,0.11,0.14,0.18,0.20,0.22,0.25,0.27,0.30,0.32,0.33,0.35,0.38,0.40,0.41,0.42,0.41,0.42,0.42,0.42,0.42,0.42,0.42,0.42,0.42,0.41,0.41,0.41,0.40,0.40,0.42,0.45,0.49,0.52,0.50,0.51,0.53,0.51,0.46,0.40,0.40,0.32,0.46,0.48,
Right Percent:
0.00,0.00,0.00,0.00,0.00,0.00,0.00,0.00,0.00,0.00,0.00,0.00,0.00,0.00,0.00,0.00,0.00,0.00,0.00,0.00,0.00,0.00,0.00,0.00,0.00,0.00,0.00,0.00,0.01,0.02,0.04,0.20,0.31,0.36,0.39,0.38,0.43,0.44,0.45,0.46,0.46,0.45,0.44,0.44,0.44,0.39,0.38,0.25,0.09,0.06,0.06,0.19,0.13,0.00,0.00,0.00,0.00,0.00,0.00,0.00,0.00,0.00,0.00,
Left Percent:
0.00,0.00,0.00,0.00,0.00,0.00,0.00,0.00,0.00,0.00,0.00,0.00,0.00,0.00,0.00,0.00,0.00,0.00,0.00,0.00,0.01,0.01,0.01,0.02,0.03,0.05,0.10,0.15,0.25,0.31,0.37,0.40,0.44,0.46,0.48,0.50,0.54,0.53,0.53,0.52,0.52,0.52,0.52,0.50,0.48,0.47,0.45,0.44,0.43,0.38,0.31,0.19,0.24,0.33,0.28,0.24,0.15,0.10,0.13,0.20,0.04,0.02,0.03,
Right Percent:
0.00,0.00,0.00,0.00,0.00,0.00,0.00,0.00,0.00,0.00,0.00,0.00,0.00,0.00,0.00,0.00,0.00,0.00,0.00,0.00,0.01,0.02,0.03,0.05,0.07,0.10,0.15,0.18,0.22,0.26,0.30,0.33,0.34,0.36,0.37,0.38,0.38,0.38,0.39,0.39,0.39,0.39,0.39,0.38,0.37,0.36,0.35,0.34,0.32,0.29,0.22,0.11,0.01,0.00,0.00,0.00,0.00,0.00,0.00,0.03,0.00,0.00,0.00,
Left Percent:
0.00,0.00,0.00,0.00,0.00,0.00,0.00,0.00,0.00,0.00,0.00,0.01,0.01,0.01,0.02,0.03,0.04,0.04,0.06,0.07,0.09,0.10,0.11,0.14,0.15,0.18,0.20,0.23,0.26,0.27,0.29,0.32,0.33,0.34,0.34,0.34,0.35,0.35,0.34,0.34,0.34,0.34,0.33,0.33,0.33,0.32,0.32,0.33,0.34,0.36,0.39,0.44,0.45,0.43,0.46,0.47,0.48,0.48,0.47,0.47,0.44,0.51,0.51,
Right Percent:
0.00,0.00,0.00,0.00,0.00,0.00,0.00,0.00,0.00,0.00,0.00,0.00,0.00,0.00,0.00,0.00,0.00,0.00,0.01,0.01,0.02,0.03,0.05,0.10,0.16,0.28,0.37,0.43,0.47,0.48,0.48,0.47,0.47,0.47,0.46,0.43,0.45,0.47,0.46,0.46,0.46,0.47,0.47,0.46,0.46,0.45,0.45,0.44,0.43,0.46,0.47,0.48,0.37,0.02,0.07,0.00,0.00,0.00,0.00,0.00,0.00,0.08,0.00,
Left Percent:
0.00,0.00,0.00,0.00,0.00,0.00,0.00,0.00,0.00,0.00,0.00,0.04,0.07,0.14,0.17,0.22,0.25,0.28,0.29,0.32,0.34,0.35,0.37,0.38,0.40,0.41,0.41,0.42,0.44,0.46,0.47,0.47,0.48,0.49,0.49,0.50,0.51,0.50,0.50,0.50,0.50,0.49,0.49,0.49,0.49,0.48,0.49,0.49,0.50,0.52,0.58,0.63,0.65,0.64,0.67,0.68,0.69,0.68,0.69,0.70,0.67,0.67,0.71,
Right Percent:
0.00,0.00,0.00,0.00,0.00,0.00,0.00,0.00,0.00,0.00,0.01,0.02,0.03,0.08,0.20,0.32,0.41,0.48,0.50,0.53,0.54,0.54,0.53,0.51,0.50,0.47,0.44,0.42,0.39,0.36,0.35,0.35,0.35,0.36,0.36,0.37,0.37,0.36,0.36,0.37,0.36,0.36,0.36,0.36,0.35,0.35,0.34,0.34,0.33,0.32,0.31,0.30,0.27,0.19,0.08,0.01,0.46,0.84,0.89,0.88,0.91,0.93,0.86,
Left Percent:
0.00,0.00,0.00,0.00,0.00,0.00,0.00,0.00,0.00,0.00,0.00,0.01,0.02,0.03,0.05,0.07,0.09,0.10,0.12,0.14,0.16,0.19,0.21,0.24,0.28,0.30,0.31,0.34,0.36,0.37,0.39,0.40,0.41,0.42,0.43,0.44,0.47,0.45,0.45,0.45,0.45,0.44,0.44,0.43,0.44,0.43,0.43,0.43,0.43,0.46,0.48,0.52,0.54,0.51,0.54,0.55,0.54,0.54,0.53,0.54,0.52,0.54,0.56,
Right Percent:
0.00,0.00,0.00,0.00,0.00,0.00,0.00,0.00,0.00,0.00,0.00,0.00,0.00,0.00,0.01,0.01,0.02,0.04,0.08,0.17,0.21,0.27,0.28,0.29,0.28,0.26,0.26,0.27,0.28,0.29,0.30,0.31,0.31,0.33,0.34,0.34,0.32,0.34,0.34,0.34,0.34,0.34,0.34,0.34,0.34,0.33,0.32,0.31,0.29,0.28,0.28,0.30,0.21,0.01,0.00,0.00,0.00,0.77,0.85,0.85,0.89,0.92,0.77,
Left Percent:
0.00,0.00,0.04,0.02,0.02,0.02,0.03,0.03,0.04,0.06,0.16,0.23,0.24,0.29,0.31,0.32,0.33,0.34,0.35,0.36,0.37,0.37,0.38,0.38,0.38,0.38,0.38,0.37,0.37,0.36,0.36,0.37,0.37,0.38,0.39,0.39,0.40,0.39,0.40,0.40,0.40,0.40,0.39,0.39,0.39,0.39,0.39,0.39,0.40,0.42,0.44,0.48,0.49,0.49,0.60,0.64,0.66,0.66,0.67,0.67,0.66,0.65,0.67,
Right Percent:
0.00,0.00,0.01,0.00,0.00,0.00,0.00,0.01,0.01,0.01,0.03,0.07,0.13,0.34,0.40,0.46,0.51,0.54,0.55,0.56,0.55,0.54,0.53,0.52,0.51,0.49,0.47,0.45,0.41,0.39,0.38,0.38,0.37,0.37,0.37,0.37,0.38,0.37,0.38,0.38,0.37,0.37,0.37,0.37,0.36,0.36,0.35,0.34,0.33,0.33,0.32,0.32,0.30,0.22,0.16,0.41,0.57,0.86,0.90,0.89,0.92,0.93,0.88,
Left Percent:
0.00,0.00,0.04,0.01,0.00,0.01,0.02,0.02,0.02,0.04,0.16,0.35,0.37,0.42,0.45,0.47,0.49,0.50,0.50,0.50,0.50,0.49,0.49,0.49,0.49,0.49,0.47,0.47,0.46,0.46,0.46,0.46,0.46,0.47,0.47,0.47,0.47,0.47,0.48,0.48,0.48,0.47,0.47,0.47,0.47,0.47,0.47,0.47,0.48,0.50,0.52,0.60,0.65,0.68,0.75,0.77,0.78,0.77,0.77,0.78,0.77,0.76,0.80,
Right Percent:
0.00,0.00,0.00,0.00,0.00,0.00,0.00,0.00,0.00,0.00,0.02,0.06,0.10,0.23,0.34,0.39,0.42,0.44,0.44,0.44,0.43,0.43,0.43,0.43,0.43,0.41,0.40,0.38,0.37,0.37,0.37,0.37,0.37,0.37,0.38,0.38,0.39,0.38,0.39,0.40,0.40,0.39,0.39,0.39,0.38,0.38,0.37,0.36,0.34,0.33,0.32,0.30,0.26,0.16,0.09,0.12,0.35,0.53,0.67,0.72,0.57,0.58,0.56,
Left Percent:
0.00,0.00,0.02,0.01,0.01,0.01,0.01,0.01,0.02,0.02,0.07,0.28,0.33,0.38,0.41,0.42,0.44,0.46,0.47,0.48,0.49,0.49,0.50,0.49,0.49,0.48,0.47,0.46,0.45,0.45,0.44,0.44,0.44,0.44,0.45,0.46,0.46,0.46,0.47,0.47,0.47,0.47,0.46,0.46,0.46,0.46,0.46,0.46,0.47,0.49,0.52,0.61,0.66,0.68,0.75,0.77,0.77,0.76,0.76,0.77,0.75,0.76,0.80,
Right Percent:
0.00,0.00,0.00,0.00,0.00,0.00,0.00,0.00,0.00,0.00,0.00,0.01,0.10,0.18,0.31,0.39,0.45,0.48,0.50,0.50,0.50,0.50,0.49,0.48,0.47,0.45,0.43,0.39,0.36,0.34,0.34,0.34,0.35,0.35,0.36,0.35,0.36,0.35,0.36,0.36,0.35,0.36,0.35,0.35,0.35,0.34,0.34,0.33,0.32,0.32,0.31,0.30,0.27,0.18,0.12,0.03,0.46,0.86,0.90,0.90,0.92,0.94,0.87,
Left Percent:
0.00,0.00,0.00,0.00,0.00,0.00,0.00,0.00,0.00,0.00,0.00,0.00,0.00,0.00,0.01,0.01,0.02,0.03,0.04,0.05,0.07,0.08,0.12,0.16,0.17,0.18,0.19,0.20,0.21,0.23,0.24,0.25,0.26,0.27,0.27,0.28,0.28,0.28,0.28,0.27,0.26,0.26,0.26,0.26,0.26,0.25,0.25,0.26,0.27,0.30,0.34,0.38,0.40,0.40,0.42,0.48,0.52,0.53,0.53,0.53,0.51,0.54,0.56,
Right Percent:
0.00,0.00,0.00,0.00,0.00,0.00,0.00,0.00,0.00,0.00,0.00,0.00,0.00,0.00,0.00,0.00,0.00,0.01,0.01,0.02,0.03,0.05,0.09,0.14,0.19,0.23,0.28,0.33,0.37,0.40,0.43,0.46,0.48,0.51,0.52,0.54,0.55,0.55,0.56,0.56,0.54,0.54,0.54,0.53,0.53,0.51,0.50,0.49,0.46,0.44,0.40,0.37,0.30,0.14,0.03,0.00,0.00,0.00,0.00,0.00,0.00,0.05,0.00,
Left Percent:
0.00,0.00,0.01,0.00,0.00,0.00,0.01,0.01,0.01,0.02,0.09,0.18,0.19,0.24,0.27,0.29,0.31,0.32,0.33,0.35,0.36,0.36,0.36,0.37,0.38,0.38,0.37,0.37,0.38,0.37,0.38,0.38,0.38,0.39,0.39,0.39,0.41,0.39,0.39,0.40,0.39,0.39,0.39,0.38,0.38,0.38,0.38,0.39,0.40,0.42,0.45,0.49,
Right Percent:
0.00,0.00,0.00,0.00,0.00,0.00,0.00,0.00,0.00,0.00,0.02,0.07,0.10,0.29,0.34,0.40,0.45,0.48,0.51,0.54,0.53,0.53,0.53,0.53,0.52,0.52,0.50,0.49,0.47,0.45,0.43,0.43,0.43,0.43,0.44,0.44,0.44,0.44,0.44,0.44,0.44,0.44,0.44,0.44,0.43,0.43,0.42,0.41,0.39,0.38,0.37,0.35,
Left Percent:
0.00,0.01,0.02,0.02,0.01,0.02,0.02,0.02,0.02,0.03,0.07,0.28,0.34,0.38,0.40,0.42,0.44,0.46,0.48,0.48,0.48,0.49,0.50,0.50,0.50,0.49,0.48,0.47,0.46,0.46,0.45,0.45,0.46,0.46,0.47,0.47,0.48,0.48,0.48,0.48,0.47,0.47,0.47,0.47,0.47,0.47,0.47,0.47,0.48,0.49,0.52,0.61,0.66,0.68,0.76,0.78,0.78,0.76,0.76,0.78,0.75,0.76,0.81,
Right Percent:
0.00,0.00,0.00,0.00,0.00,0.00,0.00,0.00,0.00,0.00,0.00,0.01,0.07,0.16,0.30,0.39,0.44,0.47,0.50,0.50,0.50,0.50,0.48,0.48,0.47,0.45,0.42,0.40,0.36,0.35,0.34,0.35,0.35,0.35,0.35,0.35,0.36,0.35,0.35,0.35,0.35,0.35,0.35,0.34,0.34,0.34,0.33,0.33,0.32,0.32,0.31,0.30,0.27,0.17,0.10,0.03,0.45,0.85,0.90,0.89,0.92,0.94,0.87,
Left Percent:
0.00,0.00,0.00,0.00,0.00,0.00,0.00,0.00,0.00,0.00,0.00,0.00,0.00,0.00,0.00,0.00,0.00,0.00,0.00,0.00,0.00,0.00,0.00,0.00,0.00,0.00,0.00,0.00,0.00,0.00,0.04,0.08,0.12,0.16,0.16,0.20,0.27,0.24,0.22,0.20,0.18,0.17,0.16,0.13,0.12,0.09,0.08,0.10,0.13,0.14,0.03,0.01,0.08,0.34,0.24,0.25,0.24,0.39,0.53,0.61,0.43,0.21,0.37,
Right Percent:
0.00,0.00,0.00,0.00,0.00,0.00,0.00,0.00,0.00,0.00,0.00,0.00,0.00,0.00,0.00,0.00,0.00,0.00,0.01,0.05,0.13,0.21,0.29,0.32,0.35,0.38,0.40,0.40,0.41,0.40,0.39,0.37,0.36,0.35,0.36,0.34,0.31,0.34,0.35,0.36,0.36,0.36,0.36,0.36,0.36,0.36,0.36,0.36,0.36,0.35,0.36,0.28,0.00,0.00,0.00,0.00,0.00,0.67,0.89,0.91,0.92,0.86,0.53,
Left Percent:
0.00,0.00,0.00,0.00,0.00,0.00,0.00,0.00,0.00,0.00,0.00,0.02,0.03,0.07,0.11,0.14,0.17,0.19,0.21,0.23,0.25,0.27,0.29,0.31,0.33,0.34,0.35,0.37,0.38,0.39,0.40,0.41,0.42,0.42,0.43,0.43,0.44,0.44,0.44,0.44,0.44,0.43,0.43,0.43,0.43,0.42,0.42,0.43,0.44,0.45,0.47,0.54,0.57,0.54,0.60,0.61,0.63,0.63,0.62,0.63,0.61,0.60,0.63,
Right Percent:
0.00,0.00,0.00,0.00,0.00,0.00,0.00,0.00,0.00,0.00,0.00,0.00,0.00,0.01,0.04,0.14,0.28,0.37,0.43,0.47,0.49,0.50,0.51,0.52,0.51,0.49,0.47,0.44,0.40,0.38,0.38,0.38,0.38,0.39,0.39,0.40,0.38,0.39,0.40,0.39,0.39,0.39,0.39,0.39,0.38,0.38,0.37,0.36,0.34,0.33,0.32,0.31,0.25,0.17,0.09,0.01,0.46,0.85,0.93,0.93,0.94,0.91,0.82,
Left Percent:
0.00,0.00,0.00,0.00,0.00,0.00,0.00,0.00,0.00,0.01,0.03,0.10,0.14,0.19,0.23,0.25,0.27,0.28,0.30,0.31,0.33,0.34,0.35,0.37,0.38,0.39,0.40,0.41,0.42,0.42,0.43,0.44,0.45,0.45,0.45,0.45,0.47,0.45,0.46,0.46,0.46,0.45,0.45,0.45,0.45,0.45,0.45,0.45,0.46,0.47,0.50,0.56,0.59,0.57,0.64,0.66,0.67,0.67,0.67,0.68,0.66,0.65,0.69,
Right Percent:
0.00,0.00,0.00,0.00,0.00,0.00,0.00,0.00,0.00,0.00,0.01,0.02,0.07,0.14,0.29,0.37,0.44,0.48,0.50,0.52,0.52,0.52,0.51,0.51,0.50,0.48,0.45,0.41,0.37,0.35,0.35,0.35,0.35,0.35,0.36,0.36,0.38,0.35,0.36,0.36,0.36,0.36,0.35,0.35,0.35,0.35,0.34,0.33,0.32,0.32,0.31,0.30,0.28,0.22,0.13,0.36,0.61,0.85,0.90,0.90,0.91,0.91,0.87,
Left Percent:
0.00,0.00,0.01,0.00,0.00,0.00,0.00,0.00,0.00,0.01,0.09,0.22,0.23,0.27,0.29,0.30,0.31,0.32,0.33,0.34,0.35,0.36,0.36,0.37,0.37,0.36,0.36,0.36,0.36,0.36,0.36,0.37,0.38,0.39,0.39,0.40,0.40,0.40,0.40,0.40,0.40,0.40,0.40,0.40,0.40,0.40,0.39,0.40,0.40,0.42,0.44,0.48,0.50,0.50,0.61,0.66,0.68,0.68,0.68,0.69,0.67,0.66,0.70,
Right Percent:
0.00,0.00,0.00,0.00,0.00,0.00,0.00,0.00,0.00,0.00,0.00,0.00,0.01,0.06,0.16,0.31,0.39,0.43,0.47,0.48,0.49,0.49,0.49,0.49,0.48,0.45,0.42,0.38,0.36,0.35,0.35,0.36,0.36,0.37,0.37,0.38,0.37,0.38,0.38,0.38,0.38,0.38,0.37,0.37,0.37,0.36,0.35,0.33,0.32,0.32,0.31,0.29,0.26,0.17,0.09,0.23,0.50,0.86,0.91,0.91,0.92,0.92,0.84,
Left Percent:
0.00,0.00,0.00,0.00,0.00,0.00,0.00,0.00,0.00,0.00,0.00,0.04,0.12,0.19,0.28,0.33,0.36,0.39,0.41,0.42,0.45,0.46,0.47,0.48,0.49,0.48,0.47,0.47,0.46,0.45,0.44,0.44,0.44,0.45,0.45,0.45,0.46,0.47,0.47,0.46,0.46,0.46,0.45,0.45,0.44,0.44,0.44,0.45,0.46,0.50,0.53,0.64,0.70,0.68,0.77,0.79,0.78,0.77,0.77,0.77,0.76,0.76,0.79,
Right Percent:
0.00,0.00,0.00,0.00,0.00,0.00,0.00,0.00,0.00,0.00,0.00,0.01,0.02,0.05,0.10,0.16,0.27,0.35,0.40,0.44,0.47,0.49,0.52,0.53,0.55,0.53,0.50,0.47,0.45,0.43,0.40,0.39,0.39,0.39,0.39,0.39,0.37,0.39,0.40,0.39,0.39,0.39,0.38,0.38,0.38,0.38,0.36,0.35,0.34,0.35,0.35,0.35,0.26,0.09,0.01,0.00,0.00,0.73,0.88,0.89,0.92,0.87,0.65,
Left Percent:
0.00,0.00,0.00,0.00,0.00,0.00,0.00,0.00,0.00,0.00,0.01,0.10,0.15,0.27,0.30,0.35,0.38,0.41,0.43,0.45,0.46,0.48,0.50,0.51,0.52,0.51,0.51,0.51,0.50,0.49,0.48,0.47,0.47,0.47,0.47,0.47,0.46,0.47,0.47,0.47,0.47,0.47,0.46,0.46,0.46,0.46,0.46,0.47,0.48,0.53,0.63,0.71,0.73,0.70,0.77,0.79,0.76,0.74,0.73,0.74,0.72,0.73,0.78,
Right Percent:
0.00,0.00,0.00,0.00,0.00,0.00,0.00,0.00,0.00,0.00,0.00,0.00,0.00,0.00,0.00,0.00,0.00,0.00,0.01,0.03,0.05,0.11,0.14,0.19,0.31,0.41,0.46,0.49,0.48,0.45,0.41,0.39,0.37,0.36,0.37,0.36,0.36,0.36,0.36,0.36,0.36,0.36,0.36,0.35,0.35,0.34,0.33,0.32,0.32,0.35,0.38,0.39,0.30,0.00,0.00,0.00,0.00,0.44,0.78,0.83,0.85,0.60,0.35,
Left Percent:
0.00,0.00,0.00,0.00,0.00,0.00,0.00,0.00,0.00,0.00,0.00,0.00,0.00,0.00,0.00,0.00,0.00,0.00,0.00,0.01,0.04,0.10,0.12,0.14,0.15,0.17,0.19,0.21,0.23,0.24,0.26,0.27,0.29,0.30,0.31,0.31,0.33,0.33,0.33,0.32,0.32,0.32,0.32,0.32,0.31,0.31,0.31,0.31,0.31,0.31,0.33,0.35,0.38,0.40,0.45,0.54,0.60,0.58,0.55,0.55,0.55,0.59,0.62,
Right Percent:
0.00,0.00,0.00,0.00,0.00,0.00,0.00,0.00,0.00,0.00,0.00,0.00,0.00,0.00,0.01,0.02,0.03,0.05,0.07,0.10,0.13,0.19,0.24,0.28,0.32,0.36,0.38,0.41,0.44,0.46,0.48,0.50,0.52,0.53,0.55,0.56,0.57,0.58,0.59,0.58,0.58,0.58,0.58,0.57,0.56,0.55,0.54,0.53,0.51,0.49,0.46,0.42,0.35,0.14,0.11,0.05,0.00,0.01,0.02,0.00,0.06,0.10,0.02,
Left Percent:
0.00,0.00,0.00,0.00,0.00,0.00,0.00,0.00,0.00,0.00,0.00,0.00,0.00,0.00,0.00,0.00,0.01,0.02,0.05,0.07,0.10,0.15,0.19,0.25,0.29,0.32,0.37,0.42,0.45,0.48,0.51,0.54,0.56,0.57,0.58,0.58,0.58,0.59,0.59,0.59,0.59,0.58,0.58,0.57,0.57,0.56,0.56,0.56,0.56,0.56,0.55,0.54,0.55,0.55,0.54,0.54,0.52,0.50,0.53,0.55,0.48,0.42,0.50,
Right Percent:
0.00,0.00,0.00,0.00,0.00,0.00,0.00,0.00,0.00,0.00,0.00,0.00,0.00,0.00,0.00,0.00,0.00,0.01,0.01,0.03,0.06,0.09,0.11,0.18,0.22,0.27,0.32,0.37,0.41,0.43,0.45,0.48,0.49,0.51,0.52,0.53,0.53,0.54,0.54,0.54,0.54,0.54,0.54,0.53,0.52,0.52,0.51,0.50,0.49,0.47,0.44,0.39,0.29,0.03,0.00,0.00,0.00,0.00,0.00,0.00,0.00,0.03,0.00,
Left Percent:
0.00,0.00,0.00,0.00,0.00,0.00,0.00,0.00,0.00,0.00,0.00,0.00,0.00,0.00,0.00,0.00,0.00,0.00,0.00,0.00,0.00,0.00,0.00,0.00,0.00,0.00,0.00,0.00,0.00,0.00,0.00,0.00,0.00,0.00,0.00,0.00,0.00,0.00,0.00,0.00,0.00,0.00,0.00,0.00,0.00,0.00,0.00,0.00,0.00,0.00,0.00,0.00,0.00,0.00,0.00,0.00,0.00,0.00,0.00,0.00,0.00,0.00,0.00,
Right Percent:
0.00,0.00,0.00,0.00,0.00,0.00,0.00,0.00,0.00,0.00,0.00,0.00,0.00,0.00,0.00,0.00,0.00,0.00,0.00,0.00,0.00,0.01,0.02,0.03,0.05,0.06,0.09,0.14,0.21,0.27,0.34,0.40,0.44,0.48,0.50,0.50,0.51,0.52,0.52,0.52,0.52,0.52,0.52,0.52,0.51,0.50,0.49,0.44,0.39,0.34,0.26,0.14,0.05,0.00,0.00,0.00,0.00,0.00,0.00,0.00,0.00,0.00,0.00,
Left Percent:
0.00,0.00,0.00,0.00,0.00,0.00,0.00,0.00,0.00,0.00,0.00,0.01,0.02,0.05,0.08,0.11,0.13,0.15,0.16,0.19,0.21,0.24,0.27,0.30,0.33,0.35,0.36,0.38,0.40,0.42,0.43,0.45,0.47,0.48,0.49,0.50,0.49,0.50,0.50,0.50,0.49,0.49,0.49,0.48,0.48,0.48,0.48,0.48,0.48,0.49,0.51,0.54,0.55,0.53,0.55,0.55,0.55,0.52,0.51,0.51,0.48,0.54,0.57,
Right Percent:
0.00,0.00,0.00,0.00,0.00,0.00,0.00,0.00,0.00,0.00,0.00,0.00,0.00,0.00,0.01,0.01,0.02,0.04,0.05,0.07,0.10,0.15,0.19,0.24,0.27,0.30,0.34,0.36,0.39,0.41,0.43,0.45,0.46,0.48,0.49,0.50,0.50,0.51,0.52,0.52,0.52,0.52,0.52,0.50,0.50,0.49,0.48,0.47,0.46,0.45,0.42,0.40,0.35,0.09,0.20,0.10,0.00,0.00,0.00,0.00,0.01,0.35,0.05,
Left Percent:
0.00,0.00,0.00,0.00,0.00,0.00,0.00,0.00,0.00,0.00,0.00,0.00,0.00,0.00,0.00,0.00,0.00,0.01,0.02,0.03,0.07,0.09,0.13,0.16,0.21,0.26,0.32,0.36,0.41,0.44,0.48,0.52,0.54,0.55,0.56,0.58,0.59,0.60,0.60,0.59,0.59,0.59,0.58,0.57,0.56,0.56,0.55,0.55,0.53,0.52,0.48,0.43,0.43,0.44,0.39,0.35,0.26,0.17,0.19,0.26,0.04,0.01,0.07,
Right Percent:
0.00,0.00,0.00,0.00,0.00,0.00,0.00,0.00,0.00,0.00,0.00,0.00,0.00,0.00,0.00,0.00,0.00,0.01,0.02,0.03,0.05,0.07,0.10,0.14,0.17,0.21,0.26,0.30,0.34,0.37,0.40,0.43,0.45,0.47,0.48,0.49,0.50,0.50,0.50,0.50,0.50,0.50,0.49,0.49,0.48,0.47,0.47,0.45,0.43,0.40,0.36,0.28,0.15,0.00,0.00,0.00,0.00,0.00,0.00,0.00,0.00,0.00,0.00,
Left Percent:
0.00,0.00,0.00,0.00,0.00,0.00,0.00,0.00,0.00,0.00,0.00,0.00,0.00,0.01,0.01,0.02,0.02,0.03,0.04,0.06,0.07,0.10,0.13,0.17,0.19,0.22,0.24,0.26,0.28,0.30,0.32,0.33,0.34,0.35,0.35,0.35,0.36,0.35,0.35,0.35,0.35,0.35,0.35,0.34,0.34,0.34,0.34,0.35,0.35,0.37,0.39,0.43,0.45,0.43,0.45,0.47,0.47,0.46,0.43,0.43,0.39,0.45,0.44,
Right Percent:
0.00,0.00,0.00,0.00,0.00,0.00,0.00,0.00,0.00,0.00,0.00,0.00,0.00,0.00,0.00,0.00,0.00,0.00,0.00,0.00,0.00,0.00,0.01,0.04,0.11,0.24,0.34,0.42,0.48,0.50,0.51,0.50,0.49,0.48,0.48,0.44,0.46,0.46,0.46,0.46,0.46,0.46,0.47,0.47,0.47,0.47,0.47,0.47,0.48,0.50,0.50,0.48,0.42,0.16,0.00,0.00,0.01,0.53,0.78,0.85,0.73,0.56,0.00,
Left Percent:
0.00,0.00,0.00,0.00,0.00,0.00,0.00,0.00,0.00,0.00,0.00,0.01,0.01,0.01,0.02,0.02,0.03,0.04,0.05,0.06,0.07,0.08,0.10,0.11,0.13,0.15,0.17,0.18,0.21,0.22,0.24,0.26,0.27,0.28,0.29,0.29,0.28,0.30,0.30,0.29,0.29,0.29,0.28,0.28,0.28,0.27,0.27,0.28,0.29,0.31,0.35,0.39,0.40,0.39,0.41,0.44,0.47,0.48,0.47,0.48,0.44,0.55,0.51,
Right Percent:
0.00,0.00,0.00,0.00,0.00,0.00,0.00,0.00,0.00,0.00,0.00,0.00,0.00,0.00,0.00,0.00,0.01,0.02,0.04,0.05,0.08,0.12,0.16,0.23,0.26,0.30,0.33,0.37,0.39,0.41,0.42,0.44,0.46,0.47,0.48,0.49,0.49,0.50,0.51,0.51,0.50,0.51,0.50,0.50,0.48,0.47,0.46,0.45,0.43,0.42,0.40,0.36,0.28,0.05,0.04,0.01,0.00,0.00,0.00,0.00,0.03,0.53,0.21,
Left Percent:
0.00,0.00,0.06,0.03,0.02,0.03,0.05,0.05,0.05,0.07,0.17,0.24,0.25,0.30,0.31,0.33,0.34,0.35,0.36,0.37,0.37,0.38,0.38,0.38,0.39,0.38,0.38,0.37,0.37,0.37,0.37,0.38,0.38,0.39,0.39,0.39,0.41,0.40,0.41,0.41,0.40,0.40,0.40,0.40,0.40,0.39,0.39,0.39,0.40,0.43,0.45,0.48,0.51,0.51,0.61,0.64,0.67,0.67,0.67,0.68,0.67,0.66,0.68,
Right Percent:
0.00,0.00,0.00,0.00,0.00,0.00,0.00,0.01,0.01,0.01,0.04,0.09,0.17,0.37,0.41,0.46,0.51,0.54,0.56,0.56,0.55,0.54,0.53,0.52,0.51,0.49,0.47,0.45,0.41,0.39,0.38,0.37,0.37,0.37,0.38,0.37,0.37,0.37,0.38,0.38,0.38,0.38,0.37,0.37,0.37,0.36,0.36,0.35,0.34,0.33,0.33,0.31,0.30,0.23,0.17,0.40,0.57,0.85,0.90,0.90,0.91,0.93,0.88,
Left Percent:
0.00,0.00,0.05,0.02,0.01,0.02,0.04,0.04,0.05,0.06,0.14,0.22,0.24,0.29,0.30,0.32,0.33,0.35,0.35,0.36,0.37,0.37,0.37,0.38,0.38,0.38,0.38,0.37,0.36,0.36,0.36,0.37,0.38,0.39,0.39,0.40,0.41,0.40,0.40,0.40,0.40,0.40,0.40,0.40,0.39,0.39,0.40,0.40,0.40,0.42,0.45,0.49,0.51,0.50,0.60,0.64,0.66,0.66,0.67,0.67,0.66,0.65,0.68,
Right Percent:
0.00,0.00,0.01,0.01,0.01,0.01,0.01,0.01,0.01,0.01,0.03,0.08,0.13,0.33,0.39,0.44,0.48,0.53,0.55,0.55,0.54,0.53,0.53,0.52,0.51,0.49,0.47,0.45,0.42,0.39,0.39,0.38,0.38,0.38,0.39,0.39,0.39,0.39,0.39,0.39,0.39,0.39,0.39,0.39,0.38,0.38,0.37,0.36,0.35,0.35,0.34,0.33,0.31,0.23,0.16,0.39,0.56,0.85,0.90,0.89,0.91,0.91,0.87,
Left Percent:
0.00,0.01,0.05,0.03,0.01,0.03,0.04,0.04,0.04,0.05,0.15,0.34,0.36,0.41,0.44,0.46,0.48,0.49,0.50,0.51,0.51,0.51,0.52,0.52,0.52,0.50,0.49,0.48,0.47,0.46,0.44,0.44,0.45,0.45,0.46,0.46,0.47,0.46,0.47,0.47,0.47,0.47,0.46,0.46,0.46,0.46,0.46,0.45,0.47,0.49,0.52,0.61,0.66,0.67,0.76,0.79,0.78,0.76,0.76,0.77,0.76,0.76,0.81,
Right Percent:
0.00,0.00,0.00,0.00,0.00,0.00,0.00,0.00,0.00,0.00,0.01,0.03,0.06,0.14,0.31,0.39,0.44,0.49,0.52,0.54,0.55,0.56,0.55,0.54,0.53,0.49,0.46,0.44,0.41,0.38,0.36,0.35,0.35,0.36,0.36,0.36,0.38,0.36,0.36,0.36,0.36,0.36,0.36,0.36,0.35,0.35,0.35,0.34,0.33,0.33,0.32,0.31,0.28,0.18,0.18,0.02,0.38,0.83,0.89,0.89,0.92,0.94,0.84,
Left Percent:
0.00,0.00,0.04,0.02,0.01,0.02,0.04,0.04,0.04,0.06,0.16,0.23,0.24,0.29,0.30,0.32,0.33,0.34,0.35,0.36,0.36,0.37,0.37,0.38,0.38,0.38,0.38,0.37,0.37,0.37,0.37,0.37,0.38,0.38,0.38,0.39,0.40,0.39,0.40,0.40,0.39,0.39,0.39,0.39,0.38,0.38,0.38,0.39,0.40,0.42,0.44,0.47,0.50,0.50,0.60,0.64,0.66,0.66,0.67,0.68,0.66,0.66,0.68,
Right Percent:
0.00,0.00,0.01,0.00,0.00,0.00,0.01,0.01,0.01,0.01,0.03,0.09,0.16,0.35,0.40,0.45,0.49,0.53,0.55,0.56,0.54,0.53,0.52,0.52,0.51,0.48,0.46,0.44,0.41,0.38,0.37,0.37,0.37,0.37,0.37,0.37,0.37,0.37,0.38,0.38,0.38,0.38,0.38,0.37,0.37,0.36,0.35,0.35,0.34,0.34,0.33,0.32,0.30,0.23,0.16,0.39,0.57,0.85,0.90,0.89,0.91,0.92,0.88,
Left Percent:
0.00,0.00,0.00,0.00,0.00,0.00,0.00,0.00,0.00,0.00,0.00,0.00,0.00,0.00,0.00,0.00,0.00,0.00,0.00,0.00,0.00,0.00,0.00,0.00,0.00,0.00,0.00,0.00,0.00,0.00,0.00,0.00,0.00,0.00,0.00,0.00,0.00,0.00,0.00,0.00,0.00,0.00,0.00,0.00,0.00,0.00,0.00,0.00,0.00,0.00,0.00,0.00,0.00,0.00,0.00,0.00,0.00,0.00,0.04,0.25,0.00,0.00,0.00,
Right Percent:
0.00,0.00,0.00,0.00,0.00,0.00,0.00,0.00,0.00,0.00,0.00,0.00,0.00,0.00,0.00,0.00,0.00,0.00,0.00,0.00,0.00,0.00,0.00,0.00,0.00,0.00,0.00,0.00,0.00,0.00,0.00,0.00,0.00,0.00,0.00,0.00,0.00,0.00,0.00,0.00,0.00,0.00,0.00,0.00,0.00,0.00,0.00,0.00,0.00,0.00,0.00,0.00,0.00,0.00,0.00,0.00,0.00,0.00,0.00,0.00,0.00,0.00,0.00,
Left Percent:
0.00,0.00,0.00,0.00,0.00,0.00,0.00,0.00,0.00,0.00,0.00,0.00,0.00,0.00,0.00,0.00,0.00,0.00,0.00,0.00,0.00,0.00,0.00,0.00,0.00,0.00,0.00,0.00,0.00,0.00,0.00,0.00,0.01,0.04,0.07,0.10,0.11,0.15,0.14,0.13,0.13,0.13,0.14,0.13,0.12,0.11,0.08,0.05,0.00,0.00,0.00,0.00,0.00,0.00,0.00,0.00,0.06,0.60,0.79,0.84,0.77,0.58,0.64,
Right Percent:
0.00,0.00,0.00,0.00,0.00,0.00,0.00,0.00,0.00,0.00,0.00,0.00,0.00,0.00,0.00,0.00,0.00,0.01,0.02,0.02,0.03,0.04,0.05,0.06,0.07,0.08,0.10,0.12,0.15,0.17,0.19,0.21,0.23,0.24,0.25,0.26,0.27,0.28,0.28,0.27,0.27,0.27,0.27,0.26,0.25,0.25,0.23,0.22,0.20,0.18,0.13,0.07,0.01,0.00,0.00,0.00,0.00,0.00,0.08,0.10,0.11,0.07,0.02,
Left Percent:
0.00,0.00,0.00,0.00,0.00,0.00,0.00,0.00,0.00,0.00,0.00,0.00,0.01,0.03,0.04,0.06,0.07,0.09,0.11,0.12,0.14,0.16,0.19,0.20,0.22,0.25,0.27,0.29,0.31,0.33,0.34,0.35,0.36,0.37,0.37,0.38,0.38,0.39,0.37,0.38,0.38,0.37,0.37,0.37,0.37,0.37,0.37,0.37,0.38,0.40,0.43,0.47,0.48,0.46,0.50,0.52,0.54,0.54,0.54,0.55,0.50,0.57,0.57,
Right Percent:
0.00,0.00,0.00,0.00,0.00,0.00,0.00,0.00,0.00,0.00,0.00,0.00,0.00,0.00,0.00,0.00,0.00,0.01,0.02,0.03,0.04,0.05,0.07,0.08,0.09,0.11,0.13,0.15,0.16,0.17,0.18,0.20,0.21,0.22,0.23,0.25,0.25,0.27,0.27,0.27,0.27,0.27,0.27,0.26,0.26,0.25,0.25,0.24,0.23,0.21,0.20,0.17,0.17,0.09,0.03,0.00,0.00,0.03,0.10,0.12,0.12,0.17,0.04,
Left Percent:
0.00,0.00,0.00,0.00,0.00,0.00,0.00,0.00,0.00,0.00,0.01,0.02,0.02,0.04,0.05,0.06,0.07,0.08,0.09,0.11,0.13,0.14,0.16,0.17,0.20,0.23,0.24,0.27,0.31,0.35,0.38,0.39,0.40,0.42,0.43,0.43,0.44,0.44,0.44,0.44,0.44,0.44,0.44,0.44,0.43,0.42,0.42,0.42,0.41,0.40,0.42,0.44,0.45,0.44,0.43,0.42,0.38,0.27,0.13,0.10,0.08,0.24,0.31,
Right Percent:
0.00,0.00,0.00,0.00,0.00,0.00,0.00,0.00,0.00,0.00,0.00,0.00,0.00,0.00,0.00,0.00,0.00,0.00,0.00,0.01,0.02,0.04,0.06,0.08,0.12,0.17,0.24,0.29,0.36,0.44,0.48,0.50,0.53,0.54,0.56,0.56,0.57,0.57,0.58,0.58,0.58,0.57,0.57,0.57,0.56,0.55,0.55,0.54,0.50,0.47,0.47,0.47,0.43,0.20,0.09,0.00,0.00,0.00,0.00,0.00,0.00,0.00,0.00,
Left Percent:
0.00,0.00,0.00,0.00,0.00,0.00,0.00,0.00,0.00,0.00,0.00,0.00,0.00,0.00,0.00,0.00,0.00,0.00,0.00,0.00,0.00,0.00,0.00,0.00,0.00,0.00,0.00,0.00,0.00,0.00,0.00,0.00,0.00,0.00,0.00,0.00,0.00,0.00,0.00,0.00,0.00,0.00,0.00,0.00,0.00,0.00,0.00,0.00,0.00,0.00,0.00,0.00,0.00,0.00,0.00,0.00,0.00,0.00,0.00,0.01,0.00,0.00,0.00,
Right Percent:
0.00,0.00,0.00,0.00,0.00,0.00,0.00,0.00,0.00,0.00,0.00,0.00,0.00,0.01,0.02,0.03,0.03,0.05,0.07,0.09,0.11,0.13,0.15,0.19,0.21,0.23,0.26,0.29,0.33,0.36,0.39,0.42,0.44,0.46,0.48,0.54,0.49,0.50,0.50,0.49,0.49,0.49,0.49,0.49,0.48,0.46,0.45,0.44,0.42,0.38,0.34,0.27,0.16,0.00,0.00,0.00,0.00,0.00,0.00,0.00,0.00,0.00,0.00,
Left Percent:
0.00,0.00,0.00,0.00,0.00,0.00,0.00,0.00,0.00,0.00,0.00,0.08,0.15,0.22,0.26,0.28,0.29,0.31,0.31,0.32,0.33,0.34,0.36,0.37,0.37,0.38,0.38,0.38,0.38,0.38,0.38,0.37,0.37,0.37,0.37,0.35,0.36,0.36,0.37,0.37,0.36,0.37,0.37,0.36,0.35,0.36,0.36,0.36,0.39,0.43,0.47,0.52,0.56,0.55,0.62,0.67,0.68,0.65,0.62,0.62,0.59,0.65,0.68,
Right Percent:
0.00,0.00,0.00,0.00,0.00,0.00,0.00,0.00,0.00,0.00,0.00,0.00,0.00,0.00,0.00,0.00,0.00,0.00,0.00,0.00,0.00,0.00,0.00,0.00,0.00,0.00,0.00,0.00,0.00,0.00,0.00,0.01,0.01,0.02,0.02,0.00,0.02,0.04,0.07,0.08,0.05,0.06,0.07,0.05,0.03,0.04,0.02,0.00,0.00,0.00,0.00,0.02,0.02,0.00,0.00,0.00,0.00,0.00,0.00,0.00,0.00,0.00,0.00,
Left Percent:
0.00,0.00,0.00,0.00,0.00,0.00,0.00,0.00,0.00,0.00,0.00,0.00,0.00,0.00,0.00,0.00,0.00,0.00,0.00,0.00,0.00,0.00,0.00,0.00,0.00,0.01,0.02,0.04,0.08,0.13,0.21,0.26,0.31,0.35,0.37,0.42,0.41,0.41,0.41,0.41,0.42,0.42,0.41,0.41,0.41,0.40,0.40,0.36,0.34,0.29,0.23,0.11,0.19,0.31,0.21,0.12,0.04,0.01,0.01,0.03,0.01,0.01,0.01,
Right Percent:
0.00,0.00,0.00,0.00,0.00,0.00,0.00,0.00,0.00,0.00,0.00,0.00,0.00,0.00,0.00,0.00,0.00,0.00,0.00,0.00,0.00,0.00,0.00,0.00,0.00,0.00,0.00,0.00,0.00,0.01,0.03,0.04,0.07,0.16,0.17,0.12,0.18,0.25,0.28,0.31,0.33,0.34,0.35,0.34,0.34,0.32,0.28,0.12,0.06,0.04,0.05,0.08,0.01,0.00,0.00,0.00,0.00,0.00,0.00,0.00,0.00,0.00,0.00,
Left Percent:
0.00,0.00,0.00,0.00,0.00,0.00,0.00,0.00,0.00,0.00,0.00,0.00,0.00,0.00,0.00,0.00,0.00,0.00,0.00,0.00,0.00,0.01,0.01,0.01,0.02,0.03,0.04,0.08,0.15,0.23,0.31,0.35,0.39,0.42,0.43,0.49,0.48,0.48,0.49,0.49,0.49,0.49,0.49,0.49,0.49,0.48,0.45,0.43,0.42,0.38,0.33,0.29,0.36,0.43,0.39,0.34,0.18,0.06,0.04,0.05,0.01,0.01,0.03,
Right Percent:
0.00,0.00,0.00,0.00,0.00,0.00,0.00,0.00,0.00,0.00,0.00,0.00,0.00,0.00,0.00,0.00,0.00,0.00,0.00,0.00,0.00,0.00,0.00,0.00,0.00,0.00,0.00,0.00,0.00,0.00,0.00,0.03,0.08,0.18,0.26,0.09,0.17,0.23,0.23,0.24,0.25,0.25,0.26,0.26,0.26,0.26,0.13,0.05,0.01,0.00,0.00,0.01,0.00,0.00,0.00,0.00,0.00,0.44,0.76,0.82,0.79,0.64,0.51,
Left Percent:
0.00,0.00,0.00,0.00,0.00,0.00,0.00,0.00,0.00,0.00,0.01,0.03,0.03,0.04,0.05,0.05,0.06,0.07,0.08,0.09,0.09,0.10,0.11,0.12,0.14,0.16,0.17,0.19,0.21,0.23,0.25,0.27,0.29,0.31,0.33,0.33,0.34,0.35,0.34,0.35,0.35,0.34,0.34,0.33,0.33,0.31,0.30,0.31,0.31,0.32,0.34,0.38,0.39,0.37,0.38,0.38,0.35,0.31,0.25,0.25,0.19,0.23,0.32,
Right Percent:
0.00,0.00,0.00,0.00,0.00,0.00,0.00,0.00,0.00,0.00,0.00,0.00,0.00,0.00,0.00,0.00,0.00,0.00,0.00,0.00,0.00,0.00,0.00,0.00,0.00,0.00,0.00,0.00,0.00,0.00,0.00,0.00,0.01,0.02,0.02,0.01,0.02,0.02,0.02,0.03,0.04,0.03,0.02,0.01,0.03,0.01,0.00,0.00,0.00,0.00,0.02,0.19,0.17,0.00,0.02,0.01,0.00,0.00,0.00,0.00,0.01,0.00,0.01,
Left Percent:
0.00,0.00,0.00,0.00,0.00,0.00,0.00,0.00,0.00,0.00,0.00,0.00,0.00,0.00,0.00,0.00,0.00,0.00,0.00,0.00,0.00,0.00,0.00,0.00,0.00,0.00,0.00,0.00,0.03,0.12,0.15,0.16,0.18,0.19,0.20,0.22,0.23,0.23,0.23,0.23,0.23,0.23,0.22,0.23,0.23,0.22,0.21,0.20,0.20,0.21,0.29,0.36,0.44,0.42,0.61,0.70,0.64,0.45,0.35,0.42,0.41,0.51,0.69,
Right Percent:
0.00,0.00,0.00,0.00,0.00,0.00,0.00,0.00,0.00,0.00,0.00,0.00,0.00,0.00,0.00,0.00,0.00,0.00,0.00,0.01,0.01,0.02,0.03,0.06,0.08,0.12,0.20,0.27,0.36,0.43,0.50,0.54,0.57,0.59,0.61,0.62,0.62,0.63,0.63,0.63,0.63,0.63,0.62,0.62,0.62,0.61,0.59,0.58,0.55,0.51,0.41,0.34,0.16,0.01,0.00,0.00,0.00,0.00,0.00,0.00,0.00,0.00,0.00,
Left Percent:
0.00,0.00,0.00,0.00,0.00,0.00,0.00,0.00,0.00,0.00,0.00,0.00,0.00,0.00,0.00,0.00,0.00,0.00,0.00,0.00,0.00,0.00,0.00,0.00,0.00,0.00,0.00,0.00,0.00,0.00,0.00,0.00,0.00,0.00,0.00,0.00,0.00,0.00,0.00,0.00,0.00,0.00,0.00,0.00,0.00,0.00,0.00,0.00,0.00,0.00,0.00,0.00,0.00,0.00,0.00,0.00,0.00,0.02,0.41,0.62,0.23,0.00,0.01,
Right Percent:
0.00,0.00,0.00,0.00,0.00,0.00,0.00,0.00,0.00,0.00,0.00,0.00,0.00,0.01,0.02,0.02,0.03,0.04,0.06,0.08,0.10,0.14,0.18,0.21,0.24,0.27,0.28,0.30,0.32,0.33,0.33,0.34,0.35,0.36,0.36,0.37,0.38,0.36,0.37,0.37,0.37,0.37,0.37,0.36,0.36,0.36,0.35,0.34,0.33,0.33,0.31,0.23,0.05,0.00,0.00,0.00,0.00,0.00,0.40,0.40,0.29,0.47,0.01,
Left Percent:
0.00,0.00,0.00,0.00,0.00,0.00,0.00,0.00,0.00,0.00,0.00,0.00,0.00,0.00,0.00,0.00,0.00,0.00,0.00,0.00,0.00,0.00,0.00,0.00,0.00,0.00,0.00,0.00,0.00,0.00,0.00,0.00,0.00,0.00,0.00,0.00,0.00,0.00,0.00,0.00,0.00,0.00,0.00,0.00,0.00,0.00,0.00,0.00,0.00,0.00,0.00,0.00,0.00,0.00,0.00,0.00,0.00,0.00,0.00,0.00,0.00,0.00,0.00,
Right Percent:
0.00,0.00,0.00,0.00,0.00,0.00,0.00,0.00,0.00,0.00,0.00,0.00,0.00,0.00,0.00,0.00,0.01,0.01,0.02,0.02,0.03,0.04,0.05,0.06,0.08,0.13,0.24,0.31,0.38,0.46,0.50,0.52,0.53,0.53,0.52,0.45,0.46,0.49,0.49,0.50,0.50,0.50,0.50,0.50,0.50,0.51,0.50,0.49,0.49,0.46,0.40,0.28,0.02,0.00,0.00,0.00,0.00,0.31,0.74,0.82,0.74,0.62,0.10,
Left Percent:
0.00,0.00,0.00,0.00,0.00,0.00,0.00,0.00,0.00,0.00,0.00,0.01,0.01,0.05,0.09,0.12,0.16,0.19,0.23,0.26,0.29,0.31,0.34,0.36,0.38,0.41,0.44,0.46,0.49,0.51,0.53,0.55,0.57,0.58,0.60,0.61,0.62,0.63,0.63,0.63,0.63,0.63,0.62,0.61,0.60,0.60,0.59,0.59,0.59,0.60,0.61,0.63,0.63,0.61,0.61,0.61,0.60,0.58,0.60,0.62,0.55,0.57,0.58,
Right Percent:
0.00,0.00,0.00,0.00,0.00,0.00,0.00,0.00,0.00,0.00,0.00,0.00,0.00,0.00,0.00,0.00,0.00,0.00,0.00,0.01,0.02,0.03,0.04,0.06,0.07,0.09,0.11,0.13,0.15,0.16,0.18,0.19,0.21,0.22,0.22,0.24,0.24,0.25,0.26,0.26,0.26,0.26,0.25,0.24,0.23,0.23,0.22,0.21,0.20,0.18,0.16,0.12,0.08,0.00,0.00,0.00,0.00,0.00,0.06,0.10,0.08,0.04,0.01,
Left Percent:
0.00,
Right Percent:
0.00,
Left Percent:
0.00,0.00,0.00,0.00,0.00,0.00,0.00,0.00,0.00,0.00,0.00,0.02,0.05,0.07,0.10,0.13,0.16,0.19,0.23,0.25,0.27,0.29,0.31,0.35,0.37,0.39,0.41,0.45,0.48,0.51,0.54,0.56,0.58,0.60,0.62,0.63,0.66,0.66,0.66,0.66,0.66,0.65,0.65,0.64,0.64,0.62,0.62,0.61,0.60,0.58,0.59,0.60,0.62,0.64,0.64,0.63,0.59,0.56,0.55,0.57,0.48,0.44,0.55,
Right Percent:
0.00,0.00,0.00,0.00,0.00,0.00,0.00,0.00,0.00,0.00,0.00,0.00,0.00,0.00,0.00,0.00,0.00,0.00,0.00,0.00,0.00,0.00,0.00,0.00,0.00,0.00,0.00,0.06,0.13,0.18,0.23,0.28,0.30,0.31,0.33,0.32,0.29,0.31,0.32,0.33,0.33,0.33,0.33,0.33,0.34,0.32,0.32,0.30,0.27,0.19,0.14,0.04,0.00,0.00,0.00,0.00,0.00,0.63,0.88,0.91,0.90,0.87,0.62,
Left Percent:
0.00,0.00,0.00,0.00,0.00,0.00,0.00,0.00,0.00,0.00,0.00,0.00,0.01,0.06,0.18,0.23,0.27,0.29,0.29,0.29,0.29,0.28,0.28,0.27,0.27,0.27,0.28,0.28,0.30,0.32,0.33,0.34,0.36,0.37,0.37,0.38,0.39,0.40,0.39,0.39,0.39,0.39,0.39,0.39,0.39,0.39,0.39,0.39,0.40,0.40,0.41,0.43,0.45,0.47,0.53,0.72,0.78,0.76,0.76,0.76,0.75,0.79,0.79,
Right Percent:
0.00,0.00,0.00,0.00,0.00,0.00,0.00,0.00,0.00,0.00,0.00,0.00,0.00,0.00,0.00,0.00,0.00,0.01,0.01,0.01,0.02,0.03,0.05,0.07,0.08,0.10,0.13,0.15,0.17,0.19,0.21,0.22,0.24,0.25,0.26,0.27,0.28,0.29,0.29,0.29,0.29,0.29,0.29,0.28,0.28,0.28,0.27,0.27,0.26,0.24,0.23,0.20,0.19,0.08,0.02,0.00,0.00,0.02,0.10,0.13,0.13,0.21,0.04,
Left Percent:
0.00,0.00,0.00,0.00,0.00,0.00,0.00,0.00,0.00,0.00,0.01,0.02,0.01,0.02,0.02,0.03,0.03,0.03,0.04,0.04,0.05,0.05,0.06,0.07,0.08,0.08,0.09,0.10,0.11,0.12,0.14,0.15,0.16,0.17,0.17,0.18,0.18,0.18,0.18,0.18,0.18,0.18,0.18,0.17,0.17,0.17,0.17,0.17,0.16,0.15,0.14,0.14,0.14,0.12,0.12,0.11,0.10,0.06,0.02,0.01,0.01,0.04,0.06,
Right Percent:
0.00,0.00,0.00,0.00,0.00,0.00,0.00,0.00,0.00,0.00,0.00,0.00,0.00,0.00,0.00,0.00,0.00,0.00,0.00,0.00,0.00,0.00,0.01,0.01,0.01,0.01,0.03,0.04,0.06,0.08,0.10,0.11,0.14,0.15,0.16,0.17,0.17,0.17,0.17,0.17,0.17,0.17,0.17,0.16,0.16,0.15,0.14,0.13,0.12,0.09,0.06,0.03,0.01,0.00,0.00,0.00,0.00,0.00,0.00,0.00,0.00,0.00,0.00,
Left Percent:
0.00,0.00,0.00,0.00,0.00,0.00,0.00,0.00,0.00,0.00,0.00,0.00,0.00,0.00,0.00,0.00,0.00,0.00,0.00,0.00,0.00,0.00,0.00,0.00,0.00,0.00,0.00,0.00,0.00,0.00,0.00,0.00,0.00,0.00,0.00,0.00,0.00,0.00,0.00,0.00,0.00,0.00,0.00,0.00,0.00,0.00,0.00,0.00,0.00,0.00,0.00,0.00,0.00,0.00,0.00,0.00,0.00,0.00,0.02,0.11,0.01,0.00,0.00,
Right Percent:
0.00,0.00,0.00,0.00,0.00,0.00,0.00,0.00,0.00,0.00,0.00,0.00,0.00,0.00,0.00,0.00,0.00,0.00,0.00,0.00,0.00,0.01,0.03,0.04,0.07,0.10,0.16,0.22,0.29,0.38,0.42,0.46,0.49,0.51,0.53,0.50,0.52,0.54,0.55,0.55,0.56,0.56,0.56,0.55,0.55,0.53,0.50,0.49,0.47,0.43,0.39,0.31,0.10,0.00,0.00,0.00,0.00,0.00,0.00,0.00,0.00,0.00,0.00,
Left Percent:
0.00,0.00,0.19,0.04,0.01,0.03,0.06,0.03,0.03,0.07,0.28,0.34,0.35,0.38,0.39,0.40,0.41,0.41,0.41,0.42,0.42,0.42,0.43,0.43,0.43,0.43,0.42,0.42,0.41,0.40,0.39,0.39,0.39,0.39,0.39,0.39,0.40,0.40,0.40,0.40,0.40,0.40,0.39,0.38,0.39,0.38,0.39,0.39,0.40,0.44,0.48,0.53,0.59,0.58,0.66,0.73,0.75,0.73,0.71,0.71,0.70,0.73,0.76,
Right Percent:
0.00,0.00,0.00,0.00,0.00,0.00,0.00,0.00,0.00,0.00,0.00,0.00,0.00,0.00,0.00,0.00,0.00,0.00,0.01,0.01,0.02,0.04,0.05,0.06,0.09,0.17,0.22,0.32,0.37,0.41,0.42,0.42,0.42,0.42,0.42,0.38,0.40,0.42,0.41,0.42,0.42,0.42,0.41,0.41,0.41,0.40,0.40,0.40,0.38,0.39,0.40,0.40,0.30,0.00,0.03,0.00,0.00,0.00,0.00,0.00,0.00,0.00,0.00,
Left Percent:
0.00,0.00,0.00,0.00,0.00,0.00,0.00,0.00,0.00,0.00,0.00,0.00,0.00,0.00,0.00,0.00,0.00,0.00,0.00,0.00,0.00,0.00,0.02,0.07,0.10,0.12,0.14,0.16,0.19,0.21,0.23,0.25,0.27,0.29,0.31,0.32,0.32,0.32,0.33,0.33,0.32,0.32,0.31,0.31,0.31,0.29,0.29,0.29,0.29,0.29,0.30,0.34,0.38,0.41,0.45,0.53,0.61,0.57,0.49,0.48,0.50,0.59,0.63,
Right Percent:
0.00,0.00,0.00,0.00,0.00,0.00,0.00,0.00,0.00,0.00,0.00,0.00,0.00,0.00,0.01,0.02,0.03,0.04,0.05,0.09,0.13,0.16,0.22,0.26,0.32,0.35,0.39,0.43,0.47,0.50,0.53,0.56,0.58,0.59,0.61,0.61,0.62,0.62,0.62,0.62,0.62,0.62,0.61,0.61,0.61,0.59,0.58,0.57,0.56,0.54,0.52,0.48,0.44,0.24,0.13,0.02,0.00,0.00,0.00,0.00,0.00,0.00,0.00,
