Left Percent:
50000.00,11.92,9.54,9.69,9.96,10.04,9.67,8.36,8.18,8.19,7.11,6.17,6.07,5.59,5.37,5.20,5.06,4.86,4.69,4.37,4.08,3.88,3.62,3.35,3.06,2.87,2.63,2.40,2.16,1.98,1.76,1.57,1.36,1.29,1.24,1.10,1.11,1.07,1.07,1.10,1.09,1.11,1.13,1.22,1.26,1.26,1.30,1.34,1.43,1.56,1.63,1.68,1.56,1.81,1.86,2.21,2.99,3.28,4.32,4.78,6.64,4.63,3.62,
Right Percent:
50000.00,417.36,360.37,342.39,343.55,345.24,333.02,298.29,261.18,223.62,38.49,13.73,13.10,9.72,8.26,7.39,6.69,6.03,5.60,5.09,4.67,4.39,4.11,3.83,3.62,3.44,3.20,2.90,2.64,2.51,2.39,2.33,2.37,2.34,2.40,2.09,2.10,2.00,2.01,2.09,2.08,2.14,2.19,2.34,2.35,2.37,2.33,2.28,2.22,2.19,2.19,2.32,2.56,3.23,4.78,10.54,72.59,69.02,66.16,72.61,253.79,185.24,122.29,
Left Percent:
50000.00,919.28,1084.37,843.26,813.72,847.19,817.44,786.65,814.38,850.04,296.06,63.45,27.15,20.07,17.31,13.25,11.77,10.52,9.50,8.63,7.14,6.64,6.11,5.48,5.05,4.61,4.29,4.04,3.79,3.86,3.54,3.17,2.91,2.79,2.65,2.13,2.19,2.15,2.14,2.12,2.13,2.16,2.35,2.39,2.45,2.46,2.55,2.73,2.76,2.77,2.15,1.88,1.63,1.87,1.54,1.44,1.47,1.69,1.84,1.68,2.90,2.60,1.58,
Right Percent:
50000.00,912.05,1087.41,844.54,813.09,846.20,816.77,785.50,813.08,848.69,295.73,335.18,372.50,406.72,404.98,358.16,334.87,304.59,275.13,246.17,181.17,162.29,145.41,126.02,100.78,71.78,41.66,26.35,16.82,8.36,5.50,4.12,3.44,3.11,3.00,3.35,2.82,2.75,2.71,2.68,2.67,2.64,2.92,2.93,2.85,2.82,2.89,3.32,4.10,4.93,7.11,6.16,8.59,28.79,29.12,28.98,33.64,36.30,36.86,36.72,96.64,88.81,48.83,
Left Percent:
50000.00,895.98,1031.18,780.47,757.11,815.23,790.52,763.12,767.85,803.21,288.47,291.46,476.84,750.05,1076.03,1423.76,1952.57,2476.95,2833.10,2817.53,1492.65,460.79,290.01,111.39,63.96,33.53,22.97,14.11,8.81,6.43,6.27,6.16,6.53,6.64,5.19,3.34,3.97,3.90,3.90,3.86,3.89,3.92,3.77,3.76,4.52,4.78,5.10,5.47,5.87,4.62,4.17,5.40,3.11,2.46,2.13,2.20,3.23,3.99,3.38,2.50,7.04,6.42,2.86,
Right Percent:
50000.00,889.86,1044.56,791.22,762.83,820.33,796.44,769.07,772.99,808.54,289.32,293.57,479.59,754.19,1086.06,1394.94,1695.94,1889.31,1980.27,1653.63,1360.99,363.02,174.25,145.82,97.43,64.58,31.34,21.42,14.52,7.19,5.31,3.80,3.36,3.03,2.58,3.49,2.71,2.61,2.53,2.50,2.48,2.46,2.46,2.46,2.58,2.71,2.90,3.21,4.01,6.04,7.92,9.85,30.08,56.93,66.97,70.06,81.56,66.38,57.15,19.43,106.86,305.49,126.47,
Left Percent:
50000.00,804.15,1043.33,788.85,817.10,814.07,774.64,761.44,798.29,823.22,287.94,157.42,48.75,32.55,27.01,20.52,16.33,13.73,11.79,10.16,7.77,6.56,5.76,4.93,4.40,3.81,3.37,2.96,2.60,2.28,2.16,2.17,2.23,2.25,2.21,1.78,2.40,2.37,2.31,2.26,2.25,2.50,2.50,2.66,2.76,2.85,2.57,2.40,2.01,1.66,1.55,1.49,1.25,1.25,1.15,1.15,1.31,1.38,1.28,1.13,1.80,1.99,1.40,
Right Percent:
50000.00,820.31,1075.66,815.60,843.59,840.03,799.14,785.38,823.29,849.28,294.62,336.35,450.05,556.45,337.24,250.92,181.59,130.66,94.27,65.26,40.20,22.94,18.29,14.51,10.52,8.13,5.95,4.71,3.65,3.00,2.83,2.44,2.34,2.32,2.30,2.05,2.29,2.12,2.13,2.13,2.16,2.29,2.37,2.29,2.29,2.26,2.22,2.30,2.47,2.79,2.93,3.47,7.02,35.39,36.93,38.21,39.99,35.50,32.13,9.82,49.92,50.56,54.89,
Left Percent:
50000.00,887.14,1137.33,808.05,853.12,856.01,811.62,821.55,844.41,875.81,302.18,112.21,42.33,30.52,22.90,18.95,16.26,12.34,9.98,8.83,7.81,7.05,5.84,5.16,4.64,4.20,3.82,3.44,3.08,2.90,2.88,2.92,2.98,2.88,2.62,2.41,2.03,2.11,2.07,2.07,2.04,2.10,2.09,2.12,2.24,2.48,2.67,2.90,2.62,2.08,1.87,1.75,1.57,1.61,1.51,1.55,1.92,2.46,2.63,2.34,4.38,4.78,2.71,
Right Percent:
50000.00,849.71,1113.36,791.58,835.80,838.38,794.39,803.89,826.21,857.60,292.02,334.77,415.84,499.35,497.88,484.67,456.14,362.68,297.54,218.53,134.20,61.46,23.20,14.95,10.06,7.30,5.68,4.66,4.30,3.98,4.02,4.05,3.17,2.66,2.32,2.04,1.87,1.89,1.88,1.90,1.90,1.96,2.00,2.04,2.19,2.49,2.87,3.41,4.01,3.86,3.96,3.93,10.16,36.35,39.13,40.04,44.91,19.65,2.41,1.43,2.94,24.67,79.21,
Left Percent:
50000.00,41.60,26.85,27.01,26.29,23.84,22.19,21.05,19.36,18.10,15.14,11.53,10.40,9.09,8.21,7.53,6.97,6.47,6.10,5.77,5.44,5.05,4.61,4.12,3.85,3.60,3.35,3.07,2.80,2.58,2.37,2.04,1.85,1.76,1.66,1.52,1.55,1.51,1.51,1.50,1.53,1.55,1.54,1.58,1.64,1.65,1.68,1.81,1.85,1.89,1.82,1.64,1.44,1.47,1.43,1.49,1.63,1.70,1.85,1.81,2.60,1.77,1.54,
Right Percent:
50000.00,338.38,272.80,251.52,243.06,236.82,235.46,235.59,234.80,234.38,138.53,114.90,119.59,116.91,113.59,107.02,101.70,95.65,91.74,86.78,82.12,76.99,70.51,64.79,53.23,34.78,23.52,15.86,10.56,8.00,6.10,3.96,3.70,3.60,3.62,5.58,4.65,4.25,4.11,3.98,3.84,3.75,3.62,3.64,3.64,3.50,3.51,4.18,4.66,4.94,4.93,3.45,4.63,22.27,11.86,21.47,23.93,24.91,26.26,26.88,51.37,35.52,29.54,
Left Percent:
50000.00,672.74,663.32,570.61,445.38,494.28,430.49,403.90,409.84,377.14,199.71,170.27,68.10,60.18,46.68,37.15,30.35,24.48,19.11,16.40,13.65,12.02,10.14,7.98,6.91,5.96,5.18,4.53,3.84,3.55,4.73,6.04,5.61,4.88,4.33,3.66,2.59,2.89,2.96,3.05,3.08,3.19,3.36,3.41,3.57,3.86,4.28,5.19,5.53,3.30,2.46,2.50,1.92,1.91,1.58,1.51,1.57,1.44,1.16,0.97,1.37,1.67,1.28,
Right Percent:
50000.00,66.68,53.48,54.87,60.23,39.05,30.55,28.46,28.11,24.70,16.72,11.42,9.86,7.60,6.37,5.57,4.87,4.33,3.94,3.63,3.43,3.20,3.01,2.77,2.56,2.43,2.35,2.11,2.00,1.99,2.25,2.41,2.61,2.63,2.48,2.28,2.07,2.07,2.00,2.01,1.98,2.03,2.10,2.18,2.24,2.38,2.64,2.74,2.64,2.28,2.07,2.39,4.77,25.56,27.80,28.33,33.28,3.17,0.97,0.72,0.86,1.87,4.06,
Left Percent:
50000.00,69.03,37.42,38.03,39.90,32.03,28.41,27.80,27.25,25.94,21.73,16.98,16.36,14.94,13.65,12.47,11.43,10.64,9.67,8.29,7.71,7.00,6.13,5.44,4.82,4.22,3.64,3.14,2.74,2.41,2.13,1.89,1.72,1.58,1.50,1.42,1.26,1.28,1.27,1.31,1.32,1.33,1.37,1.39,1.39,1.39,1.46,1.54,1.67,1.91,2.04,2.08,1.99,2.27,2.70,2.90,2.09,1.86,2.25,2.39,3.01,2.13,2.50,
Right Percent:
50000.00,936.65,732.13,363.49,198.81,55.03,45.92,44.81,43.50,42.76,26.18,15.80,15.82,14.94,14.33,14.22,14.27,14.45,14.52,13.11,11.64,10.36,9.13,8.05,7.32,6.59,5.78,4.93,4.26,3.68,3.24,2.86,2.58,2.32,2.17,1.99,1.73,1.78,1.77,1.82,1.84,1.88,1.93,1.99,2.04,2.07,2.22,2.40,2.65,3.17,3.77,4.89,5.43,8.84,9.37,19.02,67.53,28.77,11.94,12.72,16.83,152.90,161.34,
Left Percent:
50000.00,912.78,1153.54,846.74,836.99,869.13,834.27,850.48,873.52,831.11,267.83,203.44,215.48,219.32,210.13,192.54,179.30,163.80,148.57,131.07,74.79,41.01,25.06,16.41,11.34,8.75,6.52,4.31,3.70,3.26,2.78,2.57,2.47,2.43,2.45,2.33,1.82,2.45,2.41,2.51,2.53,2.68,2.80,2.79,2.83,2.80,2.73,2.61,2.34,2.32,2.54,3.46,3.18,2.64,3.17,3.22,3.13,2.74,2.04,1.61,3.06,4.94,3.19,
Right Percent:
50000.00,924.43,1166.84,867.13,855.49,887.38,852.56,868.29,234.08,174.30,47.90,19.06,15.90,13.98,12.49,11.29,10.28,9.36,8.58,7.79,7.30,6.80,6.38,6.00,5.64,5.32,5.20,4.62,4.19,3.75,3.38,2.97,2.63,2.36,2.16,2.01,1.70,1.77,1.80,1.83,1.87,1.88,1.92,2.03,2.14,2.27,2.54,2.97,3.21,3.58,4.22,4.47,6.48,200.43,212.21,161.92,111.39,72.18,16.79,19.11,7.69,11.87,424.87,
Left Percent:
50000.00,33.91,26.61,24.64,22.98,25.30,27.68,24.12,21.00,18.96,16.79,14.65,13.54,11.14,10.18,9.47,8.80,8.41,7.99,7.25,6.54,6.31,5.92,5.46,5.05,4.66,4.23,3.70,3.24,2.87,2.48,1.96,1.75,1.62,1.52,1.41,1.37,1.32,1.32,1.30,1.31,1.35,1.40,1.38,1.40,1.46,1.64,1.74,1.88,2.12,2.26,1.99,1.77,1.91,1.91,1.88,1.83,1.87,2.16,2.19,3.29,2.53,2.00,
Right Percent:
50000.00,344.21,288.22,268.77,256.88,254.84,252.51,250.69,250.22,249.60,145.25,134.70,143.01,145.04,138.40,135.82,130.90,119.86,107.78,73.67,44.09,35.79,26.94,17.86,12.06,8.55,6.12,4.51,3.57,2.93,2.53,2.31,2.17,2.10,2.08,2.18,2.06,2.02,2.00,1.95,1.94,1.96,2.00,2.01,2.03,2.08,2.23,2.34,2.39,2.39,2.52,2.29,2.96,12.09,20.11,28.74,34.07,36.68,40.00,42.07,104.48,78.39,50.22,
Left Percent:
50000.00,927.48,1030.99,800.61,826.88,832.38,796.20,787.65,807.63,833.87,279.14,190.70,46.78,28.01,18.56,14.57,11.97,8.52,7.48,6.85,6.31,5.75,5.11,4.56,4.23,4.00,3.78,3.54,3.35,3.70,3.17,2.75,2.44,2.28,2.12,2.17,1.93,1.84,1.87,1.89,1.89,1.93,1.98,2.04,2.06,2.13,2.20,2.39,2.58,2.56,1.94,1.66,1.51,1.74,1.42,1.25,1.16,1.11,1.08,0.99,1.47,1.44,1.08,
Right Percent:
50000.00,922.66,1051.86,815.89,843.84,848.81,806.06,769.48,694.82,641.12,108.15,49.36,42.15,26.36,20.66,17.43,15.11,10.91,9.11,8.12,6.91,5.94,5.27,4.64,4.19,3.81,3.43,3.13,2.91,2.96,2.96,3.02,2.93,2.91,2.63,2.30,2.35,2.22,2.25,2.29,2.28,2.30,2.38,2.50,2.56,2.70,2.90,2.90,2.80,2.69,2.49,2.51,2.98,5.26,7.49,14.48,43.97,54.09,50.48,51.91,102.30,21.98,69.70,
Left Percent:
50000.00,1046.39,1061.35,768.21,716.20,625.06,587.37,529.86,517.84,506.84,184.11,114.92,108.16,51.40,25.49,16.41,12.16,9.64,8.17,7.06,6.23,5.99,5.91,5.95,5.45,4.60,3.91,3.24,2.68,2.28,1.91,1.67,1.48,1.35,1.24,1.16,1.13,1.03,1.00,1.01,1.02,1.03,1.06,1.06,1.07,1.10,1.14,1.23,1.35,1.61,1.82,1.91,1.69,1.71,1.54,1.22,1.24,1.71,2.02,1.91,3.20,2.04,1.25,
Right Percent:
50000.00,1045.25,444.42,235.18,158.36,106.21,95.98,77.48,72.69,68.62,25.60,15.05,14.10,12.65,11.65,11.08,10.82,10.42,9.97,9.51,8.77,7.32,6.46,5.65,5.05,4.47,3.98,3.49,3.09,2.78,2.47,2.25,2.08,1.94,1.82,1.74,1.57,1.63,1.60,1.61,1.62,1.64,1.67,1.71,1.73,1.79,1.87,1.96,2.12,2.39,2.67,3.09,3.35,5.84,7.91,15.62,86.74,37.62,18.24,28.89,9.89,12.33,105.16,
Left Percent:
50000.00,29.65,17.99,18.07,17.78,17.19,16.79,16.09,15.24,14.54,11.68,10.20,9.63,8.56,7.91,7.78,7.37,7.07,6.79,6.65,6.48,6.39,5.90,5.45,4.98,4.52,4.17,3.73,3.37,3.11,2.83,2.45,2.25,2.16,2.14,1.87,1.79,1.75,1.73,1.72,1.72,1.76,1.77,1.76,1.83,1.90,1.95,2.18,2.29,2.29,2.28,2.02,1.69,1.74,1.76,1.75,1.47,1.68,2.18,2.24,3.21,1.70,1.57,
Right Percent:
50000.00,421.60,279.86,251.94,251.73,252.88,258.78,253.52,249.58,248.39,135.17,117.78,123.66,122.29,118.47,112.57,109.27,105.21,100.91,96.84,81.02,56.96,39.10,34.53,27.90,19.42,17.18,12.19,9.34,7.33,5.53,3.49,2.88,2.64,2.44,2.55,2.32,2.25,2.21,2.18,2.18,2.23,2.26,2.25,2.28,2.45,2.50,3.17,4.29,4.80,4.80,3.46,3.87,12.05,13.66,21.71,25.70,30.59,34.60,36.56,78.45,14.87,32.37,
Left Percent:
50000.00,1083.97,1193.63,894.39,846.33,898.46,724.76,611.28,589.84,610.75,267.47,84.13,48.61,37.88,32.09,26.78,23.92,20.68,19.28,16.88,14.84,12.69,11.00,9.32,7.88,6.71,5.41,4.71,3.89,3.43,3.05,2.84,2.56,2.38,2.13,2.02,1.77,1.83,1.85,1.86,1.89,1.89,1.92,2.06,2.16,2.25,2.32,2.49,2.63,2.72,3.22,4.19,4.07,3.28,3.79,4.21,4.64,4.99,4.59,3.87,6.65,7.74,7.58,
Right Percent:
50000.00,1004.19,1129.16,846.28,800.05,850.68,775.70,693.43,506.16,506.09,117.72,24.43,18.39,15.09,13.23,11.97,11.38,10.58,9.79,9.16,8.35,7.71,7.25,6.68,6.17,5.74,5.27,5.13,5.06,4.91,4.00,3.42,3.02,2.78,2.50,2.30,2.01,2.07,2.11,2.14,2.17,2.16,2.19,2.46,2.65,2.85,3.09,3.45,4.04,4.39,4.38,5.53,8.95,94.50,143.95,125.42,95.80,69.00,30.22,8.73,14.87,493.78,507.67,
Left Percent:
50000.00,25.64,18.61,21.41,21.47,20.59,20.85,20.85,19.42,18.11,13.12,10.33,9.83,8.50,7.66,7.28,6.75,6.32,5.92,5.63,5.30,5.02,4.76,4.43,4.14,3.83,3.56,3.28,2.93,2.68,2.41,2.14,1.97,1.85,1.75,1.56,1.58,1.52,1.53,1.53,1.53,1.55,1.57,1.60,1.60,1.64,1.69,1.77,1.92,2.11,1.99,1.75,1.58,1.70,1.56,1.60,1.89,1.84,1.75,1.69,2.00,1.55,1.74,
Right Percent:
50000.00,329.35,77.87,151.21,177.14,129.09,118.31,116.57,99.63,78.56,27.00,20.99,27.77,19.54,15.57,14.25,11.63,10.46,9.20,8.29,7.38,6.64,5.95,5.26,4.66,4.07,3.56,3.07,2.53,2.35,2.25,2.29,2.30,2.31,2.37,1.92,2.09,1.90,2.00,2.04,2.04,2.22,2.35,2.45,2.44,2.49,2.47,2.45,2.45,2.29,2.25,2.15,2.70,6.06,5.39,9.91,22.59,26.67,26.55,25.29,42.69,5.30,11.20,
Left Percent:
50000.00,28.51,15.53,17.13,17.99,16.32,14.53,14.20,13.54,12.52,9.57,6.09,5.70,4.76,4.47,4.14,3.89,3.74,3.65,3.57,3.61,3.63,3.66,3.73,3.84,3.81,3.56,2.93,2.49,2.15,1.90,1.68,1.48,1.34,1.22,1.12,1.07,1.00,1.01,0.96,0.97,0.97,0.98,0.99,1.00,1.03,1.06,1.12,1.25,1.42,1.46,1.46,1.32,1.40,1.50,1.29,0.95,0.87,0.83,0.77,0.90,0.90,0.80,
Right Percent:
50000.00,26.81,23.11,23.72,26.07,23.23,19.48,18.41,17.09,15.37,11.13,8.65,7.43,5.75,4.73,4.07,3.59,3.20,2.94,2.60,2.34,2.14,2.01,1.97,1.93,2.12,2.38,2.82,3.19,2.49,1.98,1.70,1.50,1.35,1.25,1.13,1.10,1.10,1.08,1.05,1.06,1.07,1.08,1.11,1.15,1.19,1.24,1.34,1.52,1.73,1.92,2.07,2.39,6.13,5.23,6.96,4.52,1.36,0.92,0.82,0.98,1.25,1.63,
Left Percent:
50000.00,17.12,13.10,13.98,14.32,13.16,12.89,12.71,12.38,11.76,9.77,7.80,7.32,6.41,5.93,5.54,5.22,4.92,4.62,4.34,4.01,3.75,3.50,3.24,2.94,2.66,2.39,2.12,1.90,1.68,1.53,1.43,1.32,1.24,1.18,1.14,1.08,1.08,1.06,1.07,1.08,1.10,1.11,1.12,1.13,1.14,1.16,1.19,1.21,1.26,1.27,1.25,1.15,1.17,1.22,1.32,1.48,1.57,1.36,1.28,1.46,1.39,1.39,
Right Percent:
50000.00,349.51,266.85,259.06,244.94,174.23,138.76,117.72,104.40,84.39,54.03,35.94,22.19,14.70,10.24,8.52,7.26,5.90,5.23,4.42,4.11,3.66,3.39,3.25,3.17,3.41,4.08,4.05,2.87,2.20,1.80,1.62,1.41,1.26,1.14,1.08,1.04,1.03,0.99,1.01,1.01,1.04,1.05,1.07,1.08,1.11,1.18,1.29,1.44,1.65,1.81,1.94,2.31,9.79,13.74,51.04,17.95,1.45,0.84,0.75,0.88,1.36,2.28,
Left Percent:
50000.00,8.79,5.91,6.64,7.03,6.57,6.09,6.05,5.89,5.56,4.48,4.03,3.98,3.64,3.58,3.59,3.57,3.60,3.70,3.81,4.10,4.28,4.23,3.78,3.31,2.91,2.55,2.24,1.97,1.74,1.56,1.40,1.29,1.20,1.13,1.08,1.05,1.00,0.99,0.96,0.96,0.97,0.98,0.99,1.01,1.03,1.05,1.07,1.11,1.17,1.19,1.16,1.03,1.11,1.21,1.42,1.10,0.87,0.78,0.73,0.80,0.95,0.96,
Right Percent:
50000.00,12.54,10.88,11.14,11.80,11.11,9.60,9.17,8.94,8.28,6.41,5.20,4.67,3.60,3.30,2.90,2.59,2.38,2.18,2.04,2.03,2.09,2.06,2.04,1.99,2.04,2.09,2.16,2.24,2.26,2.31,2.13,1.97,1.83,1.73,1.67,1.58,1.62,1.56,1.53,1.55,1.55,1.58,1.62,1.66,1.73,1.82,1.97,2.19,2.43,2.58,2.65,3.20,5.10,3.97,3.12,2.80,1.48,0.98,0.84,1.05,1.30,1.52,
Left Percent:
50000.00,9.75,6.73,7.47,8.49,7.76,7.10,7.07,6.84,6.50,5.07,3.33,3.11,2.63,2.47,2.29,2.17,2.10,2.07,2.09,2.21,2.28,2.29,2.27,2.24,2.27,2.30,2.33,2.19,1.90,1.67,1.46,1.34,1.23,1.16,1.09,1.04,0.97,0.98,0.96,0.95,0.96,0.95,0.97,0.99,1.00,1.02,1.04,1.08,1.14,1.18,1.23,1.10,1.22,1.00,0.83,0.67,0.60,0.56,0.53,0.58,0.64,0.58,
Right Percent:
50000.00,10.32,10.50,10.71,10.19,9.75,8.73,8.14,7.84,7.40,5.80,4.65,4.04,3.35,2.94,2.73,2.52,2.37,2.31,2.37,2.44,2.47,2.49,2.48,2.41,2.38,2.37,2.36,2.17,1.92,1.70,1.49,1.36,1.23,1.16,1.07,1.03,1.02,1.00,0.96,0.96,0.98,0.98,1.01,1.03,1.06,1.11,1.18,1.29,1.43,1.56,1.68,1.83,3.51,4.43,4.06,3.15,2.12,1.84,1.85,2.05,1.57,1.76,
Left Percent:
50000.00,8.53,6.52,6.92,7.19,6.79,6.63,6.61,6.53,6.28,5.25,3.74,3.36,3.09,2.89,2.78,2.71,2.68,2.67,2.69,2.58,2.49,2.44,2.42,2.46,2.59,2.73,2.90,2.92,2.42,2.06,1.81,1.63,1.45,1.34,1.25,1.20,1.11,1.11,1.08,1.09,1.09,1.10,1.10,1.12,1.15,1.18,1.23,1.30,1.44,1.58,1.74,1.56,1.64,1.21,0.96,0.82,0.78,0.72,0.67,0.73,0.79,0.68,
Right Percent:
50000.00,15.63,16.80,15.55,15.38,13.00,12.66,11.60,10.81,9.90,8.12,6.21,4.55,4.02,3.39,2.95,2.64,2.40,2.22,2.12,2.13,2.07,2.03,2.00,2.04,2.19,2.39,2.54,2.58,2.53,2.29,1.96,1.72,1.51,1.38,1.30,1.24,1.25,1.18,1.17,1.21,1.20,1.24,1.26,1.29,1.33,1.42,1.55,1.74,2.00,2.21,2.45,2.82,5.83,4.09,6.70,3.77,1.32,0.77,0.65,0.80,1.16,1.37,
Left Percent:
50000.00,49.76,16.88,20.96,21.40,20.27,20.78,19.50,17.71,16.36,10.08,8.32,8.13,7.16,6.61,6.36,6.12,5.97,5.87,5.87,5.95,6.27,4.74,3.71,3.02,2.50,2.09,1.76,1.48,1.28,1.10,0.96,0.87,0.80,0.74,0.63,0.63,0.61,0.60,0.62,0.65,0.66,0.66,0.68,0.69,0.70,0.73,0.77,0.85,1.00,1.10,1.07,0.99,1.32,1.18,1.63,1.16,1.13,1.20,1.18,1.27,1.05,0.97,
Right Percent:
50000.00,683.40,665.07,638.16,671.06,654.49,649.86,634.87,617.42,608.73,161.64,47.96,33.47,25.01,19.27,15.04,12.13,10.07,8.75,7.46,6.33,5.76,4.97,4.40,3.95,3.55,3.22,2.95,2.72,2.54,2.38,2.26,2.15,2.04,1.96,1.78,1.73,1.70,1.66,1.69,1.78,1.79,1.81,1.88,1.90,1.97,2.05,2.09,2.18,2.27,2.49,2.78,3.06,3.89,5.28,8.73,40.84,46.72,47.63,48.14,34.16,6.84,18.90,
Left Percent:
50000.00,11.40,7.47,8.57,9.24,8.47,7.66,7.62,7.42,6.90,5.55,4.61,4.50,3.98,3.79,3.66,3.49,3.40,3.33,3.31,3.42,3.56,3.70,3.52,3.08,2.64,2.13,1.72,1.41,1.19,1.02,0.89,0.81,0.75,0.70,0.66,0.66,0.61,0.60,0.58,0.58,0.59,0.59,0.60,0.62,0.63,0.65,0.67,0.71,0.77,0.81,0.84,
Right Percent:
50000.00,11.26,10.42,10.83,11.47,10.66,9.62,9.05,8.72,8.23,6.31,5.13,4.69,3.71,3.48,3.16,2.82,2.57,2.35,2.19,2.15,2.19,2.20,2.15,2.13,2.20,2.30,2.42,2.57,2.56,2.19,1.92,1.71,1.54,1.41,1.34,1.24,1.28,1.23,1.19,1.21,1.22,1.24,1.27,1.34,1.38,1.46,1.57,1.75,1.94,2.07,2.18,
Left Percent:
50000.00,8.04,6.63,6.95,7.38,6.93,6.72,6.86,6.73,6.48,5.39,3.65,3.27,3.00,2.81,2.71,2.63,2.61,2.60,2.64,2.53,2.44,2.41,2.39,2.44,2.62,2.79,3.03,2.96,2.64,2.29,1.99,1.78,1.57,1.45,1.34,1.29,1.18,1.19,1.15,1.17,1.16,1.17,1.17,1.20,1.23,1.27,1.32,1.40,1.55,1.73,1.75,1.53,1.61,1.25,0.96,0.80,0.76,0.70,0.66,0.71,0.79,0.67,
Right Percent:
50000.00,19.48,18.57,17.81,17.94,14.74,14.44,12.94,12.25,11.14,8.86,6.74,4.75,4.18,3.53,3.06,2.74,2.48,2.29,2.17,2.18,2.20,2.28,2.36,2.33,2.39,2.46,2.59,2.69,2.71,2.66,2.42,2.12,1.85,1.74,1.63,1.54,1.54,1.48,1.47,1.52,1.52,1.57,1.59,1.62,1.66,1.77,1.92,2.14,2.44,2.69,2.98,3.45,6.36,4.35,7.15,3.58,1.12,0.73,0.64,0.79,1.00,1.26,
Left Percent:
50000.00,758.31,1035.63,776.35,772.05,819.41,777.71,752.12,777.20,784.59,285.77,290.32,431.65,504.60,463.01,371.57,335.53,286.91,253.36,221.63,198.14,176.48,129.69,74.73,57.47,43.26,27.43,17.45,10.90,7.39,5.74,4.87,4.56,4.75,5.37,4.81,3.26,3.79,3.81,3.82,3.90,3.93,3.96,4.30,4.53,4.88,6.06,5.66,4.38,4.34,5.85,7.82,5.03,2.89,3.49,3.41,3.55,2.57,1.72,1.30,2.27,3.70,2.76,
Right Percent:
50000.00,758.71,1037.22,791.54,787.54,829.10,790.75,765.99,789.18,795.67,292.48,106.24,68.99,37.56,23.60,16.17,13.10,10.72,9.16,7.87,6.89,6.20,5.21,4.84,4.32,3.94,3.57,3.36,3.27,3.45,3.76,3.93,3.35,3.01,2.70,2.58,2.45,2.38,2.34,2.31,2.32,2.35,2.36,2.44,2.51,2.59,2.88,3.34,4.04,4.05,3.53,4.40,25.41,57.47,72.73,64.50,59.71,1.47,0.67,0.58,0.70,1.04,2.06,
Left Percent:
50000.00,25.08,15.08,16.95,17.19,15.18,14.22,13.71,13.05,11.93,8.64,6.30,5.80,5.18,4.76,4.53,4.42,4.32,4.22,4.16,4.15,4.30,4.37,4.38,3.98,3.61,3.26,2.64,2.16,1.77,1.54,1.39,1.26,1.17,1.07,1.02,0.93,0.95,0.92,0.93,0.93,0.93,0.95,0.96,0.97,0.99,1.03,1.06,1.14,1.27,1.35,1.44,1.31,1.34,1.47,1.44,1.03,0.97,0.99,0.92,1.09,1.12,0.96,
Right Percent:
50000.00,267.44,123.77,124.54,140.03,85.78,63.50,54.82,47.48,38.41,25.56,10.17,8.49,6.59,5.28,4.37,3.75,3.26,2.95,2.76,2.63,2.52,2.41,2.26,2.17,2.26,2.47,2.74,3.05,3.17,2.59,2.25,1.97,1.77,1.57,1.48,1.31,1.34,1.27,1.32,1.34,1.34,1.37,1.41,1.44,1.50,1.65,1.77,2.06,2.41,2.68,2.91,3.29,8.26,4.02,6.66,4.01,1.25,0.80,0.71,0.88,1.29,1.68,
Left Percent:
50000.00,14.29,10.07,11.36,11.81,10.72,10.16,9.93,9.58,8.87,7.16,5.85,5.49,5.03,4.72,4.61,4.44,4.35,4.32,4.24,4.24,4.29,4.15,3.65,3.25,2.82,2.46,2.16,1.90,1.68,1.51,1.38,1.30,1.23,1.17,1.13,1.10,1.08,1.06,1.03,1.03,1.04,1.04,1.06,1.07,1.10,1.13,1.14,1.16,1.18,1.17,1.12,1.01,1.07,1.11,1.32,1.21,1.05,1.00,0.93,1.06,1.14,1.07,
Right Percent:
50000.00,20.26,16.78,17.40,18.12,15.37,14.34,13.52,12.75,11.80,8.79,6.68,4.98,4.41,3.72,3.30,2.90,2.59,2.34,2.13,2.08,2.14,2.10,2.05,2.03,2.09,2.18,2.28,2.38,2.39,2.35,2.22,1.99,1.78,1.64,1.55,1.44,1.51,1.43,1.40,1.41,1.43,1.46,1.49,1.54,1.58,1.68,1.81,2.04,2.36,2.59,2.67,3.08,6.00,4.74,4.51,2.74,1.46,0.95,0.81,1.04,1.32,1.50,
Left Percent:
50000.00,12.88,8.59,9.94,10.42,9.32,9.02,8.94,8.71,8.17,5.91,4.66,4.52,4.15,3.92,3.84,3.83,3.86,3.88,3.95,3.87,3.84,3.78,3.71,3.69,3.51,3.04,2.59,2.26,1.98,1.74,1.58,1.45,1.35,1.27,1.19,1.08,1.11,1.12,1.09,1.10,1.10,1.11,1.12,1.14,1.17,1.20,1.22,1.27,1.34,1.38,1.41,1.24,1.24,1.47,1.32,1.13,0.95,0.90,0.84,0.91,1.06,1.02,
Right Percent:
50000.00,86.20,58.21,49.26,49.32,32.96,27.83,25.75,24.69,24.46,18.32,7.62,6.13,4.99,4.15,3.56,3.08,2.83,2.58,2.39,2.29,2.30,2.33,2.44,2.61,2.83,3.08,3.46,3.53,2.86,2.30,2.02,1.80,1.64,1.52,1.39,1.29,1.32,1.29,1.30,1.31,1.32,1.35,1.38,1.41,1.47,1.57,1.70,1.91,2.17,2.34,2.52,2.79,6.15,5.86,5.06,3.15,1.17,0.76,0.68,0.89,1.23,1.44,
Left Percent:
50000.00,24.91,15.57,16.01,17.57,15.75,15.38,15.21,15.41,14.61,10.62,6.24,5.19,4.62,4.20,4.00,3.65,3.35,3.13,2.98,2.83,2.74,2.66,2.64,2.68,2.85,2.97,3.07,3.20,3.27,3.05,2.64,2.33,2.10,1.92,1.79,1.47,1.54,1.51,1.55,1.57,1.60,1.63,1.66,1.70,1.74,1.77,1.86,1.99,2.32,2.26,1.77,1.60,1.68,1.30,1.08,0.85,0.83,0.82,0.74,0.89,0.89,0.74,
Right Percent:
50000.00,27.61,21.48,22.69,23.33,19.64,17.04,16.62,16.29,14.95,10.86,7.57,6.95,5.86,5.04,4.51,4.00,3.63,3.37,3.17,3.03,2.85,2.67,2.45,2.19,2.04,2.13,2.44,2.54,2.60,2.66,2.19,1.89,1.70,1.52,1.41,1.27,1.24,1.19,1.29,1.31,1.33,1.37,1.43,1.45,1.47,1.54,1.73,2.03,2.62,2.99,2.86,3.52,5.36,6.19,12.29,10.63,1.88,0.94,0.81,0.92,1.65,2.58,
Left Percent:
50000.00,12.77,9.44,9.72,10.05,9.57,9.37,9.50,9.43,9.11,7.46,4.64,4.28,3.68,3.47,3.25,3.08,2.87,2.69,2.55,2.44,2.31,2.19,2.08,1.98,1.99,2.03,2.10,2.17,2.27,2.24,2.17,2.09,1.77,1.62,1.49,1.32,1.36,1.30,1.31,1.32,1.40,1.43,1.47,1.51,1.53,1.59,1.69,1.88,1.78,1.58,1.28,1.16,1.24,0.99,0.80,0.70,0.74,0.73,0.67,0.83,0.80,0.61,
Right Percent:
50000.00,297.41,156.22,206.49,287.76,231.04,139.56,126.34,113.35,90.72,36.09,30.44,26.36,20.46,14.27,12.29,10.42,8.99,7.91,6.78,6.23,5.42,5.10,4.71,4.05,3.36,2.96,2.75,2.45,2.32,2.51,2.67,2.82,2.89,2.82,2.80,2.62,2.53,2.44,2.47,2.49,2.73,2.89,2.98,3.00,3.13,3.20,3.26,3.28,2.92,2.71,2.49,3.09,10.75,11.51,15.02,17.17,4.46,1.36,0.91,1.14,3.62,6.94,
Left Percent:
50000.00,808.16,31.65,86.69,211.69,225.29,310.55,375.52,223.50,144.04,21.91,25.08,44.00,25.61,15.85,13.19,12.43,12.35,11.99,12.33,12.58,8.23,6.55,5.24,4.37,3.76,3.23,2.75,2.34,2.03,1.75,1.55,1.38,1.28,1.18,1.07,0.94,0.93,0.90,0.96,0.97,0.99,1.01,1.05,1.06,1.08,1.12,1.21,1.28,1.41,1.46,1.46,1.26,1.23,1.45,1.72,1.87,1.82,2.09,2.07,2.08,1.77,1.52,
Right Percent:
50000.00,256.70,93.63,57.50,46.19,36.87,33.34,31.87,30.26,29.50,18.41,11.70,10.21,9.13,7.78,6.96,6.37,5.75,5.41,4.88,4.46,4.14,3.97,3.83,3.82,3.80,3.70,3.34,3.02,2.77,2.55,2.40,2.15,1.99,1.86,1.72,1.58,1.54,1.51,1.60,1.62,1.66,1.70,1.75,1.77,1.83,1.93,2.06,2.30,2.48,2.69,3.06,3.33,4.96,4.31,5.24,9.09,8.25,6.96,10.59,4.81,3.73,6.51,
Left Percent:
50000.00,1071.98,1210.88,930.65,916.83,932.02,524.09,340.71,403.68,429.90,225.76,26.19,14.42,11.32,9.89,8.59,7.60,6.66,5.88,5.11,4.54,4.09,3.70,3.27,2.91,2.68,2.36,2.06,1.86,1.72,1.61,1.53,1.50,1.48,1.47,1.48,1.76,1.54,1.57,1.61,1.63,1.69,1.74,1.73,1.79,1.76,1.68,1.57,1.39,1.27,1.28,1.33,1.24,1.28,1.30,1.36,1.54,1.67,1.56,1.36,1.87,2.24,1.68,
Right Percent:
50000.00,1044.64,1179.13,912.25,897.63,911.39,881.75,926.54,854.95,896.52,243.12,27.33,18.86,13.39,11.32,9.94,8.66,7.62,6.74,5.80,5.23,4.70,4.41,3.92,3.56,3.31,2.95,2.69,2.54,2.56,2.60,2.69,2.69,2.68,2.46,2.32,2.20,2.14,2.15,2.17,2.19,2.19,2.22,2.29,2.39,2.47,2.59,2.68,2.46,2.30,2.24,2.49,3.05,7.24,17.58,116.93,89.87,64.85,61.44,65.25,271.26,8.51,266.70,
Left Percent:
50000.00,771.17,1118.71,840.38,815.39,832.20,793.44,778.36,791.97,825.99,281.68,315.94,429.07,563.23,603.39,602.01,569.39,438.35,376.68,336.16,311.70,264.12,226.81,201.98,176.72,156.56,136.20,110.57,95.29,82.49,69.79,59.87,53.89,47.35,42.06,42.78,41.08,40.57,40.53,40.22,40.35,39.90,40.32,40.90,41.80,42.98,44.89,52.88,56.75,55.79,51.42,41.80,144.37,275.72,321.15,197.64,136.70,75.53,68.00,77.72,955.39,309.33,309.78,
Right Percent:
50000.00,771.24,1145.11,857.71,831.28,848.50,807.52,791.92,805.66,840.92,242.25,83.35,53.52,36.29,25.59,21.07,18.04,13.04,11.19,10.04,9.34,8.18,7.20,6.52,5.80,5.21,4.61,3.99,3.56,3.24,2.93,2.56,2.33,2.09,1.89,1.90,1.83,1.81,1.81,1.80,1.81,1.79,1.81,1.83,1.87,1.93,2.01,2.33,2.60,2.81,3.08,3.70,5.40,62.20,324.26,198.99,137.18,75.67,68.14,78.04,993.96,2755.67,1656.31,
Left Percent:
50000.00,23.52,17.47,17.85,16.28,14.23,12.90,12.48,10.44,9.75,9.11,7.94,7.77,6.56,5.99,5.61,5.36,5.04,4.84,4.60,4.40,4.19,3.98,3.77,3.55,3.36,3.17,2.92,2.49,2.15,1.89,1.66,1.50,1.38,1.30,1.22,1.14,1.12,1.09,1.10,1.11,1.12,1.12,1.15,1.15,1.17,1.20,1.28,1.46,1.78,1.77,1.53,1.42,1.66,1.43,1.27,1.08,1.15,1.30,1.29,1.48,1.09,0.96,
Right Percent:
50000.00,766.21,671.86,596.39,605.83,609.41,587.48,517.38,293.22,229.08,29.35,12.06,10.70,8.08,7.04,6.30,5.91,5.33,5.14,4.85,4.61,4.25,4.05,3.80,3.74,3.66,3.71,3.89,3.53,3.21,2.87,2.40,2.13,1.94,1.78,1.65,1.56,1.53,1.49,1.52,1.54,1.57,1.58,1.64,1.65,1.71,1.78,1.94,2.24,2.86,3.09,3.40,3.74,6.03,3.66,4.80,9.69,12.53,16.53,57.40,9.25,2.65,5.85,
Left Percent:
50000.00,1060.79,1242.95,926.72,763.66,125.04,117.95,130.08,138.36,167.18,116.58,26.83,18.36,16.07,14.36,12.92,11.71,10.43,8.98,8.03,6.97,6.11,5.34,4.70,4.14,3.58,3.00,2.67,2.32,2.10,1.88,1.72,1.60,1.48,1.41,1.27,1.21,1.19,1.19,1.20,1.21,1.22,1.30,1.33,1.36,1.40,1.43,1.50,1.58,1.63,1.87,2.33,2.30,2.15,2.57,3.02,3.69,4.15,3.89,3.31,7.57,14.12,6.25,
Right Percent:
50000.00,1050.01,1233.63,925.79,878.72,204.90,93.46,94.79,93.55,104.71,37.04,14.99,13.23,11.30,10.21,9.51,8.93,8.32,7.62,7.13,6.58,6.13,5.73,5.36,5.02,4.73,4.17,3.84,3.48,3.14,2.82,2.55,2.38,2.23,2.12,1.95,1.91,1.86,1.86,1.86,1.86,1.86,1.96,2.01,2.07,2.15,2.22,2.35,2.55,2.87,3.18,3.47,4.39,15.43,201.77,168.00,120.56,81.70,73.83,81.79,491.21,83.88,1137.82,
Left Percent:
50000.00,20.27,14.10,14.80,14.75,14.17,13.69,13.11,12.39,11.77,10.70,10.15,10.08,9.15,8.59,8.22,7.93,7.55,7.22,6.91,6.54,6.11,5.45,5.03,4.73,4.33,3.96,3.58,3.16,2.89,2.44,2.07,1.73,1.58,1.49,1.33,1.27,1.30,1.29,1.29,1.29,1.31,1.34,1.48,1.50,1.54,1.59,1.68,1.88,2.23,2.30,2.13,1.81,2.00,1.89,1.91,1.70,1.61,1.85,1.83,2.21,1.69,2.15,
Right Percent:
50000.00,213.19,148.02,149.02,150.98,148.06,149.21,147.72,140.38,135.89,89.10,77.74,71.62,52.29,38.47,28.78,19.65,16.18,13.81,11.63,9.95,8.53,6.73,5.70,4.97,4.46,3.91,3.49,2.80,2.49,2.31,2.31,2.29,2.29,2.31,2.54,2.40,2.37,2.38,2.35,2.35,2.36,2.36,2.39,2.41,2.39,2.42,2.42,2.43,2.29,2.42,2.57,3.06,5.22,12.58,15.20,13.24,3.60,1.59,1.12,2.13,3.54,13.05,
Left Percent:
50000.00,35.90,19.84,24.63,23.30,21.45,22.08,21.60,20.01,18.44,13.61,9.71,9.55,8.16,7.37,6.98,6.29,5.83,5.46,5.13,4.81,4.49,4.17,3.84,3.53,3.26,2.97,2.63,2.35,2.13,1.88,1.68,1.53,1.41,1.32,1.27,1.22,1.17,1.15,1.15,1.15,1.15,1.16,1.17,1.25,1.28,1.34,1.41,1.54,1.67,1.59,1.45,1.35,1.49,1.38,1.49,1.78,1.86,1.73,1.64,1.93,1.22,1.62,
Right Percent:
50000.00,638.51,551.84,520.58,509.69,507.83,496.28,487.36,481.42,484.58,130.73,31.84,26.30,16.96,13.01,11.45,9.63,8.27,7.37,6.78,6.29,5.54,4.97,4.46,4.07,3.77,3.59,3.67,3.68,3.09,2.67,2.36,1.98,1.73,1.52,1.42,1.34,1.29,1.26,1.29,1.29,1.31,1.33,1.36,1.49,1.58,1.72,1.90,2.22,2.59,2.83,3.03,3.44,6.36,5.85,8.81,13.05,11.26,10.85,21.97,6.29,2.17,4.27,
Left Percent:
50000.00,8.46,5.70,6.39,6.85,6.29,5.85,5.80,5.68,5.31,4.24,3.53,3.41,3.07,2.97,2.92,2.87,2.85,2.89,2.96,3.14,3.29,3.39,3.29,2.90,2.54,2.23,1.94,1.66,1.44,1.26,1.13,1.04,0.96,0.90,0.86,0.84,0.79,0.78,0.76,0.76,0.77,0.78,0.79,0.80,0.82,0.84,0.86,0.89,0.94,0.97,0.98,0.89,0.94,1.06,1.21,0.84,0.71,0.66,0.62,0.68,0.75,0.72,
Right Percent:
50000.00,12.93,11.66,11.90,12.39,11.62,10.23,9.79,9.41,8.84,6.88,5.57,4.96,3.85,3.55,3.14,2.84,2.59,2.39,2.27,2.26,2.19,2.12,2.08,2.06,2.13,2.20,2.28,2.40,2.44,2.35,2.05,1.84,1.68,1.54,1.47,1.37,1.40,1.34,1.30,1.32,1.33,1.36,1.39,1.43,1.50,1.58,1.71,1.92,2.19,2.36,2.49,2.79,5.74,4.22,3.43,2.28,0.98,0.66,0.59,0.71,0.89,1.08,
Left Percent:
50000.00,8.90,6.21,6.98,7.30,6.87,6.36,6.24,6.10,5.73,5.06,4.09,3.92,3.50,3.35,3.23,3.13,3.09,3.13,3.20,3.42,3.59,3.70,3.62,3.32,2.75,2.29,1.93,1.62,1.40,1.22,1.08,0.99,0.92,0.86,0.82,0.78,0.75,0.74,0.72,0.72,0.72,0.73,0.74,0.75,0.77,0.79,0.81,0.85,0.91,0.94,0.96,0.86,0.93,1.13,1.29,0.89,0.77,0.73,0.68,0.76,0.80,0.75,
Right Percent:
50000.00,12.13,10.16,10.76,11.28,10.67,9.22,8.92,8.49,7.92,6.06,4.89,4.34,3.33,3.05,2.68,2.42,2.21,2.05,1.96,1.99,2.07,2.14,2.23,2.40,2.79,3.36,3.86,2.91,2.31,1.85,1.59,1.40,1.26,1.15,1.09,1.01,1.03,0.99,0.96,0.97,0.98,1.00,1.03,1.06,1.11,1.17,1.27,1.43,1.63,1.74,1.80,2.00,4.36,7.32,2.96,2.63,1.13,0.75,0.65,0.80,1.05,1.27,
Left Percent:
50000.00,6.48,4.98,5.20,5.62,5.23,5.05,5.06,5.02,4.83,4.02,2.87,2.72,2.41,2.30,2.21,2.16,2.16,2.17,2.21,2.26,2.28,2.33,2.36,2.43,2.59,2.74,2.88,3.05,2.79,2.36,2.06,1.85,1.63,1.50,1.40,1.38,1.25,1.24,1.21,1.22,1.23,1.25,1.26,1.28,1.31,1.35,1.39,1.48,1.63,1.78,1.88,1.61,1.59,1.28,1.04,0.83,0.69,0.63,0.60,0.64,0.72,0.71,
Right Percent:
50000.00,18.72,17.26,17.55,17.89,16.32,14.27,13.56,12.80,11.96,9.01,7.29,6.34,5.21,4.22,3.71,3.32,2.94,2.64,2.33,2.18,2.00,1.89,1.83,1.78,1.90,2.05,2.10,2.15,2.17,2.14,2.09,1.82,1.58,1.44,1.35,1.28,1.31,1.24,1.24,1.28,1.28,1.32,1.32,1.35,1.40,1.49,1.62,1.85,2.18,2.44,2.49,3.03,5.53,3.41,6.20,4.93,1.29,0.77,0.68,0.81,1.12,1.55,
Left Percent:
50000.00,8.13,5.52,6.19,6.58,6.13,5.66,5.57,5.47,5.14,4.15,3.73,3.64,3.34,3.30,3.31,3.30,3.27,3.31,3.36,3.54,3.68,3.77,3.58,3.14,2.73,2.38,2.06,1.78,1.56,1.38,1.24,1.14,1.06,1.00,0.95,0.91,0.88,0.87,0.84,0.84,0.85,0.86,0.87,0.88,0.91,0.92,0.95,0.98,1.02,1.05,1.05,0.94,1.00,1.14,1.34,0.95,0.80,0.72,0.68,0.74,0.87,0.81,
Right Percent:
50000.00,13.15,11.89,12.15,12.72,12.08,10.53,10.03,9.62,9.00,6.97,5.62,5.01,3.89,3.59,3.17,2.87,2.62,2.43,2.20,2.01,1.91,1.85,1.82,1.80,1.86,1.93,2.02,2.12,2.20,2.26,2.25,2.09,1.91,1.77,1.68,1.55,1.58,1.52,1.47,1.49,1.51,1.54,1.58,1.63,1.70,1.80,1.94,2.17,2.46,2.64,2.74,3.11,5.46,3.81,3.09,2.86,1.13,0.71,0.60,0.75,1.08,1.32,
Left Percent:
50000.00,842.40,1020.06,785.39,831.49,797.21,777.41,756.38,773.40,790.95,289.38,292.23,469.57,742.35,1070.67,1672.46,1938.33,2484.16,2815.32,2919.19,3160.78,2198.44,1767.98,1595.29,1671.39,1732.51,1781.97,2228.41,2869.22,3043.12,4314.61,4634.86,5506.68,4441.31,3686.37,233.37,566.49,9564.59,5944.29,4134.67,2751.42,1575.04,1296.48,1177.17,981.13,855.90,1417.34,2073.30,571.35,243.72,106.49,55.66,408.15,414.99,352.20,215.95,157.73,27.20,6.65,3.63,25.11,339.36,115.07,
Right Percent:
50000.00,842.80,1020.04,793.33,834.26,799.07,780.94,759.89,776.62,794.86,294.76,298.67,475.64,743.23,1060.61,1645.40,1856.34,2347.50,2650.35,2743.86,3047.63,2077.09,1683.90,1533.08,1606.79,1664.49,1707.93,2104.68,2676.55,2800.04,3953.41,4225.40,4872.16,4027.91,543.20,1348.92,3993.03,1551.22,460.28,205.79,109.73,57.80,43.80,38.46,31.99,28.22,58.06,834.05,574.68,249.21,109.23,44.67,145.04,422.87,142.97,219.88,162.11,84.27,61.29,52.75,365.42,3810.31,1148.73,
Left Percent:
50000.00,606.03,653.74,517.86,492.55,479.46,457.24,452.26,452.43,457.22,235.58,224.95,251.25,280.69,281.85,281.18,275.45,253.81,230.99,215.55,201.54,186.50,176.72,165.31,154.56,143.99,133.45,122.48,115.44,73.95,25.73,18.84,7.75,5.15,4.08,3.43,3.00,2.34,2.55,2.72,2.79,2.76,2.86,3.02,3.29,3.67,4.29,5.41,14.10,26.76,69.83,52.90,183.79,39.76,139.74,22.03,6.25,2.39,1.27,0.98,1.45,2.60,2.27,
Right Percent:
50000.00,49.23,40.44,43.43,38.41,35.29,33.93,32.94,32.11,31.54,27.42,17.21,13.43,11.90,10.60,9.52,8.73,8.03,7.42,6.92,6.44,5.90,5.54,5.17,4.85,4.55,4.23,3.91,3.63,3.32,2.99,2.70,2.42,2.20,2.03,1.88,1.76,1.52,1.65,1.71,1.74,1.73,1.80,1.87,1.95,2.09,2.29,2.57,2.83,3.17,3.86,5.03,7.48,20.00,325.53,200.65,109.83,9.88,5.12,4.19,3.74,5.27,8.57,
Left Percent:
50000.00,32.16,23.75,27.39,26.48,20.12,17.36,15.80,13.99,12.76,12.57,9.73,8.97,7.82,6.96,6.32,5.83,5.40,5.01,4.71,4.30,3.96,3.59,3.16,2.96,2.58,2.27,1.95,1.71,1.52,1.33,1.21,1.10,1.03,0.98,0.92,0.90,0.89,0.86,0.84,0.83,0.84,0.85,0.85,0.86,0.87,0.89,0.92,0.97,1.05,1.11,1.17,1.18,1.39,1.55,2.04,1.45,1.28,1.24,1.19,1.42,1.13,1.18,
Right Percent:
50000.00,601.12,425.41,224.27,123.69,88.64,79.11,62.79,57.59,51.71,19.70,13.78,15.41,15.33,15.66,15.30,12.88,10.36,8.23,7.24,6.01,5.31,4.77,4.19,3.91,3.47,3.11,2.70,2.36,2.07,1.77,1.57,1.41,1.30,1.21,1.10,1.06,1.00,0.99,0.99,0.98,1.00,1.01,1.01,1.03,1.07,1.09,1.15,1.22,1.36,1.51,1.72,1.84,3.49,5.99,18.57,13.29,6.73,3.79,3.21,3.29,6.12,8.30,
Left Percent:
50000.00,14.09,11.05,11.06,11.05,10.82,10.33,9.62,8.45,8.29,7.45,6.35,6.15,5.59,5.25,5.03,4.84,4.63,4.46,4.16,4.01,3.84,3.63,3.42,3.19,2.99,2.79,2.59,2.37,2.06,1.88,1.77,1.63,1.56,1.50,1.47,1.40,1.39,1.39,1.39,1.41,1.43,1.44,1.44,1.48,1.53,1.53,1.56,1.66,1.71,1.61,1.53,1.38,1.49,1.55,1.72,2.61,3.93,5.42,6.04,7.05,4.15,3.77,
Right Percent:
50000.00,399.88,341.30,320.57,319.57,321.24,312.29,291.85,283.04,283.83,45.46,19.28,20.88,14.92,12.32,11.06,9.87,8.73,7.87,6.58,6.07,5.51,4.94,4.49,4.01,3.66,3.36,3.13,2.81,2.37,2.18,2.10,1.99,1.91,1.77,1.73,1.64,1.62,1.61,1.60,1.62,1.65,1.66,1.65,1.73,1.83,1.88,1.95,2.01,2.14,2.14,2.19,2.32,3.22,4.20,9.25,71.90,68.90,66.13,71.55,349.39,210.36,161.18,
Left Percent:
50000.00,625.25,625.05,439.56,382.45,373.56,352.41,344.77,348.48,356.12,202.94,157.67,158.32,156.95,149.16,141.59,135.53,121.13,110.90,100.55,97.61,89.52,83.03,75.70,71.53,66.84,62.01,57.29,51.06,45.02,40.81,36.54,33.97,31.86,29.01,15.95,27.15,26.70,26.94,27.08,27.26,27.35,27.57,28.14,28.87,31.59,33.14,34.39,35.69,37.07,35.62,32.17,81.90,99.60,298.43,205.42,134.90,74.64,49.04,12.54,42.42,44.15,31.56,
Right Percent:
50000.00,50.22,40.22,32.60,27.98,26.73,25.01,24.26,24.26,24.51,20.45,12.80,10.95,9.83,9.09,8.48,8.03,7.37,6.89,6.25,5.98,5.50,5.02,4.58,4.25,3.94,3.63,3.31,2.93,2.56,2.32,2.10,1.96,1.84,1.70,1.41,1.60,1.57,1.58,1.59,1.60,1.60,1.61,1.64,1.69,1.82,1.91,1.99,2.14,2.41,2.89,3.87,5.04,10.88,49.30,208.32,137.37,62.56,21.56,30.87,17.50,194.76,2020.29,
Left Percent:
50000.00,30.90,17.24,22.58,27.20,23.05,22.62,23.21,23.35,21.38,11.59,7.12,5.97,5.32,4.81,4.57,4.39,4.24,4.24,4.16,4.09,4.06,4.00,3.98,4.04,4.11,4.15,4.26,4.22,4.18,4.17,3.95,3.53,3.25,2.98,2.57,2.61,2.50,2.48,2.48,2.53,2.54,2.56,2.64,2.74,2.80,2.99,3.08,3.22,3.26,2.71,2.25,1.96,2.03,1.76,1.51,1.27,1.19,1.24,1.18,1.49,1.26,1.12,
Right Percent:
50000.00,488.23,286.23,367.69,416.92,370.83,365.74,368.29,373.97,361.76,65.95,105.66,105.58,101.56,93.02,86.16,81.62,73.65,67.51,63.44,59.22,54.91,50.97,46.02,42.12,40.27,37.36,31.01,24.10,20.78,16.01,9.97,7.91,6.75,6.56,8.22,5.82,5.24,4.77,4.58,5.13,5.04,4.82,5.31,5.66,5.39,6.57,11.68,15.70,17.88,12.88,6.42,7.02,13.60,13.65,12.72,14.67,17.43,19.38,18.76,31.03,20.22,13.80,
Left Percent:
50000.00,784.66,1116.74,817.29,815.60,822.69,811.27,812.23,835.56,870.85,300.86,321.77,188.69,168.95,137.18,115.67,91.56,68.83,52.30,37.37,30.94,26.54,21.91,17.71,15.04,12.68,9.58,7.97,6.42,5.37,4.54,3.98,3.43,3.00,2.78,2.22,2.33,2.29,2.24,2.21,2.17,2.15,2.17,2.18,2.22,2.25,2.36,2.74,3.09,3.63,4.02,5.20,4.52,3.34,4.29,5.46,8.40,12.03,11.47,9.11,26.10,31.03,16.53,
Right Percent:
50000.00,756.40,1089.24,800.49,799.65,805.39,793.52,794.30,817.14,852.18,292.14,321.68,486.59,725.97,1028.29,1290.88,1460.52,1198.78,875.60,617.00,550.19,374.23,249.07,184.41,116.33,76.93,45.41,22.85,17.71,11.56,7.80,6.13,5.26,3.87,3.77,4.17,3.61,3.28,3.12,3.00,2.92,2.91,2.88,2.90,2.91,2.96,3.17,4.26,5.50,6.14,5.89,4.87,9.73,54.10,31.44,78.21,104.96,75.32,69.36,73.06,459.06,1176.48,511.66,
Left Percent:
50000.00,754.44,1039.33,739.20,788.90,826.13,765.55,760.76,776.89,833.51,281.09,122.36,69.72,52.37,43.52,34.76,28.63,23.28,20.75,17.80,15.20,13.38,11.55,9.23,7.99,7.03,6.13,5.31,4.15,3.56,3.06,2.72,2.51,2.34,2.21,2.16,2.17,2.14,2.17,2.19,2.21,2.24,2.27,2.29,2.30,2.31,2.40,2.37,2.33,2.43,2.66,2.79,2.40,1.99,2.20,2.50,3.59,5.61,6.58,5.78,16.34,18.69,7.25,
Right Percent:
50000.00,749.63,1040.31,743.89,792.46,829.55,769.55,764.86,780.61,836.58,282.91,333.73,474.60,716.30,883.91,1025.24,1082.26,1106.98,1004.13,857.71,742.55,642.39,568.84,460.38,409.29,359.91,316.76,208.65,83.72,21.96,11.73,6.59,5.24,4.17,3.45,4.78,4.04,3.63,3.63,3.54,3.47,3.41,3.37,3.40,3.38,3.41,4.49,5.60,7.48,12.04,14.74,10.75,44.32,82.78,92.26,90.96,32.20,2.89,1.36,1.01,1.39,2.44,3.24,
Left Percent:
50000.00,11.32,10.56,11.24,11.52,11.30,11.67,12.04,12.04,11.69,9.05,7.90,7.40,6.66,6.09,5.78,5.52,5.24,4.96,4.73,4.51,4.28,4.09,3.87,3.62,3.37,3.13,2.84,2.64,2.47,2.28,2.10,1.92,1.80,1.70,1.65,1.59,1.56,1.55,1.53,1.51,1.55,1.60,1.62,1.59,1.74,1.81,1.81,1.84,1.89,1.91,1.75,1.56,1.72,1.68,1.83,2.38,3.49,3.51,3.43,4.19,4.31,2.78,
Right Percent:
50000.00,415.00,362.50,342.41,353.11,336.42,327.66,317.69,309.05,295.59,94.98,153.98,197.79,196.48,182.52,179.68,175.55,170.19,163.87,157.94,151.37,141.81,136.68,130.93,122.77,110.04,94.07,70.99,46.19,45.31,30.88,19.11,11.97,8.19,7.97,11.60,8.91,7.46,7.59,6.68,6.35,7.22,8.74,9.45,6.91,10.91,17.49,15.36,19.10,17.99,8.72,3.82,4.03,31.27,9.09,10.17,24.28,51.14,48.64,38.28,20.82,19.79,11.19,
Left Percent:
50000.00,855.47,1092.89,805.22,822.34,846.45,807.98,788.04,808.62,831.52,288.65,365.57,496.15,684.86,665.09,705.77,661.25,620.07,566.36,519.43,412.92,367.95,283.98,212.91,101.91,47.81,27.33,14.38,9.97,10.63,6.05,4.37,3.60,3.12,2.74,2.20,2.12,2.08,2.09,2.12,2.14,2.16,2.28,2.25,2.34,2.63,2.77,3.00,3.42,4.42,5.28,3.93,3.25,3.26,2.34,1.98,2.81,4.60,5.71,4.61,4.90,4.26,2.08,
Right Percent:
50000.00,829.23,1083.34,798.53,813.69,836.41,799.00,778.93,799.18,822.19,255.29,57.77,53.38,28.76,18.43,14.80,12.04,10.49,9.28,8.25,7.01,6.38,5.25,4.67,4.15,3.78,3.33,3.01,2.66,2.50,2.51,2.37,2.18,2.03,1.92,1.80,1.82,1.76,1.76,1.77,1.77,1.77,1.81,1.85,1.88,1.98,2.06,2.13,2.30,2.38,2.39,2.62,3.27,7.27,27.05,46.25,55.96,52.74,53.18,56.54,157.70,140.63,68.55,
Left Percent:
50000.00,715.42,901.17,663.24,666.73,574.03,515.44,476.33,462.84,436.35,203.93,107.68,114.54,102.21,89.80,83.57,75.66,69.68,63.98,58.32,54.04,48.49,43.83,40.35,37.41,34.40,32.56,29.38,26.67,24.28,21.57,19.80,18.36,17.17,16.51,16.93,13.31,11.32,17.73,17.75,17.73,17.74,18.09,18.57,18.23,17.88,18.07,19.67,21.62,23.72,24.69,23.79,64.21,343.19,305.03,222.10,98.46,6.40,2.36,1.61,3.07,19.77,9.15,
Right Percent:
50000.00,229.70,189.99,141.89,110.46,69.30,57.29,49.85,45.00,39.66,26.43,11.19,10.05,8.30,7.29,7.01,6.63,6.46,6.07,5.71,5.41,5.00,4.70,4.43,4.29,4.14,4.15,4.19,4.05,3.55,2.83,2.47,2.17,1.92,1.70,1.59,1.40,1.34,1.40,1.43,1.45,1.45,1.51,1.59,1.74,1.87,2.08,2.38,2.66,3.09,4.03,4.07,6.21,344.54,304.30,222.17,151.09,10.87,3.77,4.12,7.26,2.63,7.75,
Left Percent:
50000.00,619.17,558.29,490.21,475.45,489.30,446.11,408.64,390.99,375.69,191.83,130.33,163.07,163.99,148.32,128.09,117.33,109.44,102.92,96.38,88.48,85.19,81.97,77.05,70.90,64.27,54.18,47.96,41.43,32.09,27.69,23.01,21.10,19.53,17.44,17.00,17.68,17.13,17.28,17.38,17.34,17.17,17.64,17.98,18.46,20.04,22.67,24.27,25.83,29.08,30.05,28.05,99.43,401.47,312.44,224.50,154.58,40.38,19.11,14.78,21.59,29.98,87.62,
Right Percent:
50000.00,242.14,70.45,80.70,71.66,73.87,62.56,54.32,49.09,43.80,28.58,14.45,16.66,14.54,12.10,10.05,8.98,8.29,7.76,7.26,6.72,6.44,6.22,5.85,5.37,4.84,4.06,3.61,3.15,2.60,2.45,2.47,2.47,2.36,2.27,2.82,2.67,2.45,2.41,2.38,2.35,2.33,2.34,2.35,2.35,2.41,2.63,2.68,2.59,2.66,2.98,3.66,8.27,391.31,303.91,217.87,123.07,3.31,1.25,0.92,1.34,1.84,5.90,
Left Percent:
50000.00,92.87,29.99,25.43,18.87,18.15,17.51,17.12,16.69,16.13,13.11,9.01,7.97,6.90,6.29,5.95,5.53,5.22,4.97,4.73,4.52,4.36,4.23,3.87,3.52,3.22,2.94,2.62,2.35,2.14,1.92,1.71,1.58,1.49,1.42,1.36,1.32,1.30,1.30,1.29,1.28,1.30,1.31,1.34,1.40,1.42,1.44,1.47,1.49,1.50,1.56,1.54,1.54,1.62,1.48,1.41,1.36,1.45,1.32,1.19,1.58,1.48,1.41,
Right Percent:
50000.00,918.18,940.01,789.85,461.65,231.91,124.34,104.43,86.66,80.19,43.27,21.07,19.66,18.35,17.39,17.83,17.45,15.60,13.95,11.69,10.16,8.85,7.52,6.42,5.75,5.14,4.46,3.75,3.05,2.58,2.07,1.70,1.48,1.34,1.24,1.15,1.08,1.04,0.95,1.01,1.00,1.02,1.02,1.06,1.14,1.20,1.27,1.38,1.57,1.83,2.54,3.69,5.21,15.07,36.72,82.96,71.48,8.19,6.71,3.95,4.10,7.60,9.08,
Left Percent:
50000.00,
Right Percent:
50000.00,
Left Percent:
50000.00,13.34,10.82,10.18,9.59,9.41,9.41,9.43,9.70,9.44,8.50,6.48,5.59,5.08,4.76,4.42,4.17,3.96,3.78,3.62,3.45,3.27,3.11,2.84,2.69,2.55,2.41,2.26,2.11,1.99,1.88,1.73,1.67,1.63,1.60,1.60,1.45,1.46,1.45,1.45,1.45,1.48,1.49,1.51,1.56,1.62,1.66,1.64,1.54,1.50,1.34,1.20,1.12,1.17,1.05,1.04,1.16,1.32,1.38,1.27,1.77,1.98,1.36,
Right Percent:
50000.00,417.05,490.74,421.22,411.43,411.73,407.30,406.28,428.60,425.55,219.08,208.10,245.64,270.24,280.61,278.25,273.20,259.92,252.92,203.19,167.08,142.00,102.16,33.62,20.83,13.16,8.85,6.69,5.75,5.54,5.20,3.32,2.70,2.41,2.16,2.03,1.94,1.84,1.77,1.75,1.75,1.78,1.81,1.84,2.01,2.21,2.38,2.67,3.28,5.92,6.01,7.48,66.68,57.06,57.22,55.52,58.39,2.22,0.82,0.62,0.80,1.52,2.70,
Left Percent:
50000.00,41.09,15.84,21.78,23.16,23.22,24.98,25.73,23.91,21.81,11.39,9.49,7.96,6.11,5.17,4.63,4.08,3.70,3.58,3.45,3.31,3.31,3.31,3.36,3.40,3.43,2.97,2.42,2.06,1.76,1.52,1.34,1.19,1.08,1.01,0.92,0.88,0.84,0.81,0.80,0.81,0.81,0.81,0.81,0.83,0.84,0.86,0.88,0.93,1.01,1.08,1.15,1.07,1.22,1.14,0.89,0.79,0.83,0.82,0.76,0.88,0.72,0.65,
Right Percent:
50000.00,24.78,46.52,35.59,33.31,30.09,28.99,28.40,28.14,28.62,23.23,17.48,17.40,15.97,13.43,11.08,9.36,8.09,7.40,6.52,5.91,5.38,4.95,4.46,4.07,3.74,3.43,3.02,2.63,2.34,2.06,1.87,1.72,1.58,1.49,1.37,1.33,1.19,1.27,1.24,1.28,1.29,1.29,1.31,1.34,1.37,1.41,1.48,1.56,1.70,1.86,2.08,2.31,4.04,6.10,10.78,15.11,6.27,3.90,3.41,3.21,4.02,7.26,
Left Percent:
50000.00,16.47,12.44,13.36,14.14,13.91,11.15,11.63,12.55,12.33,9.85,8.56,9.18,8.47,7.92,7.71,7.41,7.16,6.87,6.12,5.79,5.46,5.11,4.65,4.27,3.96,3.60,3.24,2.89,2.64,2.34,2.09,1.82,1.72,1.65,1.59,1.50,1.48,1.46,1.45,1.46,1.48,1.55,1.63,1.63,1.66,1.69,1.75,1.90,2.11,2.31,2.44,2.39,3.07,3.03,4.12,8.96,8.98,12.80,17.82,25.06,12.29,11.55,
Right Percent:
50000.00,472.56,417.70,397.15,399.84,394.68,218.69,170.06,175.73,147.87,60.79,20.03,17.27,15.39,14.30,13.76,13.60,13.78,14.06,15.44,15.54,15.70,15.81,14.41,12.70,11.45,10.04,8.82,7.64,6.82,5.36,4.10,3.05,2.59,2.24,1.95,1.70,1.72,1.75,1.79,1.83,1.91,2.09,2.28,2.39,2.72,2.98,3.38,4.15,6.22,8.10,9.77,10.16,10.75,28.77,75.15,88.01,80.74,72.14,43.54,149.57,322.29,185.22,
Left Percent:
50000.00,672.89,1069.69,769.46,820.96,820.04,784.69,765.34,788.03,821.46,292.28,239.86,396.02,423.79,380.32,333.73,294.15,264.93,227.43,203.59,187.96,156.93,124.07,110.93,93.93,83.23,69.27,62.10,53.56,44.12,37.99,32.94,30.06,27.84,25.09,24.36,24.98,23.73,23.39,23.13,22.97,22.82,23.03,23.37,23.79,25.11,27.93,29.42,30.92,34.19,32.59,29.05,73.89,233.46,298.17,218.22,152.89,63.71,14.52,5.90,20.92,434.77,500.38,
Right Percent:
50000.00,695.59,1096.72,796.74,844.72,843.93,808.79,788.49,810.49,842.39,136.16,41.73,68.36,40.55,27.81,21.24,17.39,15.04,12.87,11.41,10.40,8.90,6.90,6.21,5.31,4.68,3.95,3.52,3.06,2.62,2.41,2.30,2.30,2.32,2.44,2.74,2.56,2.43,2.42,2.38,2.36,2.36,2.36,2.40,2.43,2.44,2.35,2.27,2.25,2.37,2.55,2.94,4.79,24.59,42.51,184.11,158.68,83.06,75.57,79.19,778.50,35.39,1537.39,
Left Percent:
50000.00,9.94,5.89,7.35,8.60,7.51,7.12,7.52,7.40,6.92,4.73,3.86,3.55,3.26,3.07,2.92,2.81,2.71,2.64,2.62,2.57,2.54,2.50,2.46,2.44,2.46,2.49,2.52,2.50,2.45,2.41,2.39,2.36,2.17,1.88,1.61,1.65,1.62,1.57,1.58,1.60,1.62,1.78,1.81,1.87,1.86,1.90,2.05,2.20,1.94,1.69,1.49,1.32,1.28,1.12,0.98,0.85,0.80,0.83,0.79,0.91,0.82,0.71,
Right Percent:
50000.00,98.23,30.43,50.08,71.04,53.85,44.55,45.45,41.91,35.81,17.06,15.41,17.02,13.62,11.76,10.92,10.02,9.16,8.40,7.68,7.09,6.35,5.95,5.59,4.95,4.28,3.81,3.27,2.98,2.87,2.88,2.79,2.67,2.67,2.79,2.73,2.61,2.54,2.52,2.54,2.56,2.64,2.85,2.87,2.84,2.91,2.90,2.86,3.06,3.04,2.91,2.86,3.37,6.66,5.68,10.54,25.42,24.71,25.30,24.95,38.98,33.76,23.24,
Left Percent:
50000.00,813.04,249.51,616.75,577.46,540.13,497.91,494.71,491.98,495.21,75.55,104.11,205.04,159.70,84.17,71.64,66.38,54.32,33.97,20.49,17.71,15.68,14.10,11.61,8.84,7.09,5.84,4.63,3.79,3.28,2.78,2.34,2.00,1.84,1.65,1.39,1.40,1.37,1.36,1.36,1.43,1.47,1.49,1.52,1.56,1.72,1.79,1.88,1.96,2.14,2.44,2.45,1.83,1.69,1.99,1.97,1.84,2.33,3.20,3.17,3.01,2.00,1.47,
Right Percent:
50000.00,90.51,48.55,45.68,37.48,31.74,28.74,28.07,27.10,26.26,16.25,10.69,9.54,8.18,7.08,6.51,6.09,5.69,5.28,4.56,4.17,3.85,3.52,3.27,3.04,2.84,2.69,2.61,2.49,2.51,2.34,2.17,2.01,1.92,1.82,1.76,1.72,1.69,1.68,1.67,1.72,1.74,1.74,1.78,1.83,1.92,1.98,2.03,2.12,2.24,2.34,2.58,2.87,3.37,3.96,6.98,39.35,51.29,53.16,56.90,71.75,14.94,52.82,
