Left Percent:
50000.00,27.87,26.16,27.06,24.12,23.16,23.08,23.36,24.21,25.80,23.34,12.73,12.10,11.14,10.40,9.95,9.53,9.05,8.44,7.97,7.55,7.01,6.49,6.15,5.59,5.16,4.62,4.21,3.88,3.59,3.14,2.83,2.63,2.16,2.41,2.34,2.32,2.32,2.33,2.36,2.39,2.48,2.54,2.57,2.66,2.87,3.06,3.33,3.56,3.90,4.16,3.70,4.08,4.56,5.81,9.19,18.03,32.43,69.44,15.49,4739.54,3055.28,2068.58,
Right Percent:
50000.00,23.03,17.52,15.68,13.13,12.02,11.88,11.78,11.76,11.86,9.98,7.48,6.71,6.35,6.08,5.83,5.71,5.47,5.26,5.04,4.82,4.57,4.29,4.00,3.70,3.43,3.06,2.82,2.59,2.36,2.10,1.93,1.80,1.71,1.64,1.60,1.59,1.59,1.60,1.61,1.62,1.67,1.69,1.72,1.79,1.92,2.04,2.26,2.46,2.71,3.11,4.26,5.65,7.74,22.69,53.20,47.96,64.02,104.39,15.80,47.33,38.78,52.20,
Left Percent:
50000.00,30.88,22.79,20.50,16.72,15.84,16.30,16.95,17.73,18.54,16.91,14.41,14.03,13.93,13.39,11.06,10.86,10.46,10.18,13.07,27.26,24.86,24.87,26.57,20.00,19.79,17.36,14.88,13.22,11.93,10.18,8.18,6.58,6.76,6.29,5.94,5.79,5.66,5.57,5.49,5.36,5.18,5.23,5.13,5.62,5.92,6.35,7.53,9.10,12.23,13.48,7.20,7.73,12.86,15.92,191.85,180.10,100.65,95.88,899.67,10.59,18791.51,8867.74,
Right Percent:
50000.00,25.21,15.78,149.62,112.21,105.46,108.71,114.74,121.62,129.92,105.51,94.35,107.21,119.74,136.82,8.10,8.05,8.04,8.01,7.94,7.76,7.38,6.73,5.67,5.31,4.87,4.34,3.66,3.47,3.11,2.79,2.40,1.98,2.07,2.00,1.97,1.97,1.98,1.99,2.01,2.01,2.00,2.04,2.08,2.25,2.47,2.68,3.03,3.48,4.24,5.29,15.84,168.03,268.23,181.60,202.61,184.41,103.44,98.53,920.26,10.85,28512.35,9074.33,
Left Percent:
50000.00,41.27,32.94,33.01,24.31,25.05,25.27,26.58,27.26,28.63,24.62,21.92,18.98,20.91,21.23,21.37,21.02,20.63,20.73,21.42,19.78,19.68,18.20,16.73,15.00,13.09,10.04,8.81,7.47,6.64,5.54,5.02,4.87,4.16,3.97,3.73,3.60,3.52,3.50,3.51,3.59,3.60,3.68,3.82,4.16,4.23,5.21,5.42,6.28,8.13,9.88,10.42,7.42,11.30,12.97,17.41,146.33,104.13,101.98,22.85,401.21,391.07,451.91,
Right Percent:
50000.00,33.94,23.44,21.58,17.31,16.54,16.21,16.30,16.29,16.48,12.85,10.34,9.02,8.80,8.32,7.97,7.58,7.26,6.92,6.59,6.24,5.90,5.47,5.04,4.65,4.26,3.70,3.36,3.02,2.76,2.47,2.28,2.07,1.97,1.95,1.88,1.85,1.83,1.82,1.82,1.85,1.85,1.88,1.95,2.09,2.17,2.46,2.62,2.94,3.40,4.19,8.99,22.06,16.00,14.17,20.95,18.41,17.59,17.26,15.31,13.50,12.70,14.64,
Left Percent:
50000.00,26.02,20.56,19.65,19.10,14.53,14.65,15.05,15.22,16.20,14.43,11.41,10.35,10.52,10.32,9.78,9.57,8.78,8.46,8.08,7.80,7.41,7.01,6.60,6.17,5.62,5.14,4.63,4.10,3.72,3.31,2.74,2.52,2.18,2.11,2.03,1.99,1.98,2.02,2.03,2.03,2.07,2.15,2.41,2.41,2.50,2.61,2.76,3.03,3.49,4.35,5.24,4.50,3.73,4.38,4.82,8.00,9.20,12.21,8.32,32.91,62.15,154.90,
Right Percent:
50000.00,43.25,32.50,30.46,29.01,22.36,22.07,22.56,22.63,24.00,23.02,17.54,16.08,16.69,16.52,15.59,15.37,14.26,13.75,13.28,13.03,12.54,12.16,11.74,11.17,10.14,9.19,8.23,7.11,6.46,5.67,4.60,4.21,3.80,3.54,3.41,3.33,3.32,3.44,3.48,3.46,3.56,3.75,4.31,4.40,4.68,5.02,5.51,6.40,8.39,12.27,11.74,9.09,7.65,8.92,11.33,10.57,8.93,7.75,8.21,5.79,6.63,8.64,
Left Percent:
50000.00,28.16,24.10,24.17,17.54,18.53,18.61,19.16,18.95,18.96,18.36,10.99,11.00,9.61,9.07,8.61,8.27,7.86,7.42,7.11,6.71,6.40,6.09,5.82,5.44,5.22,5.00,4.82,4.34,4.16,3.89,3.73,3.50,2.95,3.31,3.14,3.04,2.98,2.98,3.05,2.91,2.89,3.12,3.37,3.32,3.92,4.29,4.42,4.41,4.44,4.92,3.36,3.08,2.89,3.49,5.15,7.33,7.97,9.23,11.19,17.75,25.80,60.07,
Right Percent:
50000.00,17.99,13.67,12.60,9.78,9.37,9.16,9.22,9.25,9.44,8.24,6.43,5.76,5.71,5.54,5.44,5.33,5.19,5.09,4.91,4.74,4.52,4.28,3.94,3.70,3.40,3.09,2.57,2.31,2.09,1.89,1.70,1.53,1.46,1.36,1.32,1.30,1.28,1.29,1.32,1.31,1.32,1.39,1.49,1.53,1.72,1.91,2.03,2.30,2.70,3.13,9.34,51.59,40.70,50.49,63.31,75.62,60.00,59.15,18.28,83.05,133.57,358.98,
Left Percent:
50000.00,19.13,16.31,15.31,12.57,11.98,11.85,12.00,12.10,12.45,10.91,8.21,7.46,7.44,7.28,7.23,7.05,6.86,6.72,6.45,6.13,5.78,5.34,4.85,4.42,3.79,3.47,3.16,2.78,2.47,2.23,2.05,2.05,1.67,1.64,1.55,1.53,1.51,1.49,1.52,1.62,1.63,1.67,1.68,1.81,1.86,2.13,2.23,2.43,2.70,2.95,3.77,5.34,7.96,12.90,256.35,196.69,109.78,105.51,21.19,2580.73,1408.59,1444.53,
Right Percent:
50000.00,27.41,19.15,17.48,14.60,13.71,13.35,13.32,13.35,13.57,10.99,8.43,7.79,7.69,7.46,7.36,7.14,6.90,6.72,6.51,6.21,5.92,5.52,5.06,4.66,4.02,3.70,3.38,2.97,2.64,2.38,2.20,1.93,1.79,1.78,1.69,1.67,1.65,1.64,1.67,1.77,1.78,1.84,1.86,2.01,2.10,2.48,2.66,2.97,3.40,3.78,8.32,43.06,138.94,50.26,54.57,39.93,60.59,92.23,20.46,92.46,67.92,69.32,
Left Percent:
50000.00,9.75,9.09,8.38,8.86,9.03,9.05,9.19,9.34,9.17,9.05,9.69,10.51,11.36,12.45,13.52,15.02,16.30,17.11,18.12,15.84,16.67,13.62,13.12,13.10,12.97,12.82,12.07,11.18,9.30,7.81,7.48,4.63,5.47,5.01,4.70,4.51,4.42,4.41,4.48,4.15,4.17,4.59,4.37,4.28,4.14,4.49,5.76,6.57,7.87,8.14,15.52,21.20,217.36,189.71,175.88,144.31,84.76,78.01,105.45,82.58,83.71,97.59,
Right Percent:
50000.00,20.98,19.34,17.67,18.75,19.18,19.22,19.60,19.91,19.49,19.70,23.72,27.45,32.84,32.18,29.96,28.55,27.97,26.64,25.83,23.59,21.84,21.64,19.36,17.65,17.68,16.96,16.19,14.78,13.41,11.79,10.70,8.46,10.07,10.19,10.78,11.45,12.26,13.37,14.48,14.90,14.90,17.96,16.86,16.72,16.60,21.57,16.94,14.52,12.88,12.05,12.87,11.83,9.57,10.42,10.25,8.07,6.21,5.20,4.81,4.82,4.92,5.56,
Left Percent:
50000.00,43.59,35.40,32.96,24.26,23.93,24.05,24.95,25.87,27.63,24.67,13.75,13.24,11.43,10.51,10.01,9.39,8.83,8.27,7.77,7.28,6.88,6.52,6.09,5.53,5.24,4.75,4.55,4.22,4.04,3.63,3.36,3.17,2.84,3.04,3.10,3.19,3.23,3.28,3.33,3.46,3.54,3.66,3.78,3.82,3.90,4.12,4.03,3.81,4.22,4.96,3.22,3.03,3.18,4.03,6.00,9.34,9.61,10.70,13.84,24.91,38.95,69.69,
Right Percent:
50000.00,32.25,25.17,24.72,20.93,20.74,20.87,21.12,21.33,21.69,17.37,16.54,15.08,15.58,15.70,15.44,15.81,15.62,15.50,15.32,14.64,13.57,12.53,11.37,10.69,8.79,8.26,7.38,6.81,6.06,5.26,4.84,4.49,4.36,4.03,3.82,3.67,3.61,3.59,3.60,3.56,3.65,3.68,3.74,3.88,4.18,4.44,5.11,6.90,8.30,9.15,79.00,40.05,28.42,19.30,18.14,16.81,14.62,13.44,14.95,9.22,9.26,10.67,
Left Percent:
50000.00,22.00,17.82,16.86,16.71,12.68,12.38,12.68,12.84,13.33,11.88,9.66,8.41,8.35,8.07,7.70,7.33,7.12,6.85,6.10,5.77,5.56,5.23,4.82,4.50,4.10,3.81,3.44,3.00,2.79,2.46,2.25,2.04,2.03,1.60,1.57,1.53,1.47,1.48,1.52,1.62,1.68,1.70,1.73,1.78,1.88,1.97,2.15,2.36,2.76,3.14,5.22,8.04,25.61,146.20,122.23,98.04,69.50,69.46,139.90,135.20,155.89,201.71,
Right Percent:
50000.00,34.51,22.31,19.40,18.26,15.18,13.85,13.59,13.45,13.75,11.43,8.46,7.33,6.94,6.52,6.13,5.79,5.51,5.23,4.78,4.46,4.22,3.94,3.64,3.37,3.11,2.90,2.66,2.41,2.26,2.06,1.91,1.76,1.48,1.46,1.45,1.43,1.39,1.40,1.42,1.47,1.52,1.55,1.59,1.65,1.74,1.84,1.98,2.19,2.54,3.17,6.17,12.98,25.58,10.11,12.00,9.41,6.91,6.90,8.66,10.76,10.45,11.75,
Left Percent:
50000.00,15.84,12.48,11.83,11.32,9.49,9.25,9.30,9.27,9.33,8.31,6.59,5.99,5.70,5.43,5.18,4.98,4.75,4.57,4.35,4.13,3.93,3.72,3.48,3.23,3.01,2.82,2.59,2.33,2.05,1.88,1.74,1.63,1.48,1.41,1.39,1.36,1.34,1.34,1.34,1.38,1.43,1.45,1.49,1.59,1.67,1.75,1.83,1.96,2.14,2.38,3.55,4.14,4.85,7.31,18.74,40.58,93.49,91.73,26.34,146.85,148.54,166.45,
Right Percent:
50000.00,31.93,26.03,25.68,24.82,20.58,20.41,20.92,21.10,21.55,17.36,16.99,15.63,16.00,15.55,14.96,14.61,13.99,13.61,12.86,11.96,11.05,9.59,8.65,7.83,7.15,6.57,6.06,5.64,5.30,5.00,4.62,4.30,4.41,3.69,3.61,3.51,3.41,3.36,3.35,3.38,3.39,3.34,3.43,3.51,3.54,3.72,4.03,4.63,5.41,7.28,25.02,17.01,14.63,13.20,13.91,13.35,11.12,9.91,10.00,8.79,8.14,8.95,
Left Percent:
50000.00,10.70,9.48,9.36,9.22,9.01,7.92,8.05,8.13,7.96,7.34,6.78,6.12,5.90,5.84,5.60,5.33,5.23,5.08,4.83,4.70,4.36,4.10,3.89,3.72,3.52,3.29,3.03,2.71,2.56,2.31,2.12,1.98,1.84,1.63,1.59,1.55,1.52,1.54,1.68,1.67,1.68,1.71,1.74,1.81,1.87,1.96,2.12,2.33,2.64,2.93,5.47,7.72,12.95,11.16,19.57,93.03,85.10,81.94,32.13,266.51,271.32,317.79,
Right Percent:
50000.00,15.98,12.81,11.77,11.33,10.91,9.45,9.36,9.41,9.27,8.22,6.60,5.93,5.60,5.43,5.15,4.88,4.72,4.53,4.26,4.09,3.80,3.52,3.30,3.11,2.92,2.73,2.52,2.28,2.13,1.95,1.80,1.67,1.54,1.40,1.36,1.34,1.32,1.34,1.43,1.45,1.47,1.50,1.54,1.61,1.68,1.77,1.90,2.09,2.38,2.80,4.80,7.68,17.32,8.05,10.31,9.29,8.93,7.78,8.64,6.04,6.19,7.52,
Left Percent:
50000.00,17.16,15.37,16.37,16.25,13.95,14.16,14.80,14.86,14.95,14.38,14.40,13.02,13.18,13.54,13.21,12.52,12.39,12.25,12.30,11.53,11.59,10.89,10.33,9.61,8.85,8.09,7.31,5.91,5.32,4.81,4.38,3.87,3.55,3.33,3.19,3.08,3.01,3.00,3.00,3.14,3.33,3.39,3.49,3.84,4.08,4.28,4.54,5.14,6.35,7.06,6.44,5.37,4.56,5.05,7.57,20.40,20.27,28.38,23.13,115.39,124.84,150.27,
Right Percent:
50000.00,27.88,23.56,21.88,20.89,17.29,16.91,17.18,17.25,17.43,18.27,14.06,12.93,12.75,12.88,12.51,11.89,11.76,11.73,11.74,11.24,11.39,10.96,10.61,10.05,9.36,8.57,7.78,6.27,5.66,5.13,4.69,4.17,3.85,3.67,3.57,3.49,3.46,3.47,3.51,3.71,3.96,4.09,4.27,4.74,5.22,5.57,5.96,6.79,8.87,10.81,5.86,4.59,3.90,4.18,5.25,5.03,3.84,3.18,3.47,2.68,2.82,3.30,
Left Percent:
50000.00,25.31,19.80,18.72,18.04,13.85,13.70,14.00,14.11,14.44,12.80,9.48,8.65,8.18,7.82,7.46,7.21,6.88,6.65,6.31,5.99,5.64,5.28,4.91,4.52,4.17,3.87,3.52,3.11,2.74,2.51,2.32,2.10,1.90,1.88,1.84,1.79,1.80,1.80,1.79,1.80,1.88,1.93,1.97,2.06,2.20,2.30,2.39,2.54,2.75,3.15,3.73,3.94,4.35,6.00,8.91,20.84,61.86,90.71,24.32,163.57,179.96,226.24,
Right Percent:
50000.00,84.81,63.44,68.97,67.25,49.53,51.80,56.35,58.90,63.23,58.39,65.56,62.92,66.83,60.96,57.27,53.43,49.87,47.31,44.01,40.90,37.41,34.77,32.34,29.66,27.38,25.39,25.15,26.99,23.48,22.63,21.47,20.48,13.62,13.47,13.22,13.03,13.02,13.03,13.04,13.15,13.42,13.69,14.00,14.50,15.15,15.83,16.46,17.73,20.13,27.63,20.41,14.51,11.83,10.60,11.37,9.75,7.97,6.90,6.72,6.45,6.91,8.23,
Left Percent:
50000.00,20.08,16.13,14.73,14.22,13.70,13.72,11.06,11.30,11.16,10.11,7.97,7.07,6.56,6.32,6.20,5.90,5.46,5.30,5.06,4.73,4.48,4.12,3.85,3.61,3.36,3.05,2.78,2.48,2.24,2.10,1.87,1.72,1.62,1.39,1.44,1.43,1.41,1.40,1.40,1.42,1.42,1.46,1.58,1.63,1.69,1.80,1.94,2.19,2.55,2.86,3.42,4.08,5.22,6.79,11.13,45.11,60.29,56.67,24.27,80.30,93.23,126.35,
Right Percent:
50000.00,30.23,20.30,17.95,16.89,16.12,15.87,12.48,12.65,12.28,9.81,7.78,6.65,6.07,5.77,5.52,5.17,4.75,4.57,4.30,3.94,3.74,3.39,3.12,2.89,2.67,2.42,2.21,1.98,1.80,1.68,1.50,1.40,1.31,1.18,1.17,1.16,1.15,1.14,1.14,1.15,1.16,1.18,1.28,1.32,1.38,1.49,1.64,1.88,2.30,3.00,5.80,7.27,8.07,5.17,5.35,4.90,3.89,3.38,4.90,3.30,3.71,4.85,
Left Percent:
50000.00,28.70,24.90,24.45,24.76,24.09,18.55,19.77,21.10,20.49,18.81,10.83,10.42,9.16,8.34,7.78,7.41,7.02,6.60,6.20,5.85,5.45,5.11,4.84,4.46,4.12,3.88,3.62,3.33,3.07,2.90,2.69,2.52,2.37,2.13,2.21,2.20,2.19,2.18,2.27,2.34,2.38,2.43,2.49,2.57,2.67,2.73,2.81,2.90,3.15,3.73,2.87,2.58,2.31,3.22,5.16,9.31,8.73,8.90,10.02,15.27,24.05,52.56,
Right Percent:
50000.00,24.25,17.77,15.64,14.95,14.24,12.03,11.77,11.86,11.66,10.56,7.86,7.16,6.66,6.33,5.97,5.66,5.41,5.17,4.88,4.58,4.30,4.01,3.74,3.46,3.20,2.97,2.73,2.47,2.29,2.10,1.95,1.82,1.71,1.46,1.56,1.56,1.53,1.52,1.52,1.55,1.57,1.60,1.64,1.69,1.75,1.84,1.96,2.15,2.54,3.04,4.27,5.23,6.78,24.58,14.83,14.11,12.46,10.95,6.76,9.50,10.25,12.15,
Left Percent:
50000.00,20.85,16.41,15.84,15.47,11.75,11.64,12.04,12.17,12.40,10.72,8.93,7.69,7.44,7.34,7.04,6.77,6.47,6.31,6.04,5.73,5.51,5.19,4.86,4.45,4.09,3.74,3.37,2.97,2.56,2.20,2.01,1.87,1.73,1.59,1.53,1.50,1.45,1.45,1.53,1.53,1.55,1.60,1.72,1.82,1.88,1.97,2.10,2.30,2.66,3.05,5.53,8.03,6.28,5.98,5.90,16.51,24.73,48.04,22.68,7647.63,2499.00,2207.30,
Right Percent:
50000.00,17.19,12.16,10.82,10.17,8.08,7.75,7.80,7.80,7.89,6.89,5.37,4.74,4.58,4.48,4.29,4.12,3.95,3.84,3.68,3.50,3.38,3.21,3.02,2.80,2.60,2.40,2.18,1.93,1.69,1.46,1.33,1.24,1.16,1.08,1.05,1.03,1.00,1.01,1.07,1.07,1.09,1.13,1.22,1.31,1.38,1.47,1.57,1.73,2.01,2.35,6.13,17.14,104.48,100.79,70.80,66.69,99.88,98.19,22.75,7377.43,2466.14,2185.22,
Left Percent:
50000.00,19.41,19.90,61.04,44.10,36.52,40.57,42.91,42.48,46.26,44.41,34.24,33.76,32.04,31.29,31.90,33.14,33.42,33.36,45.76,43.97,40.67,37.64,33.25,25.52,21.52,19.65,16.21,12.77,10.51,8.80,7.51,6.61,4.90,4.83,2.06,4.79,4.63,2.14,4.71,4.78,4.99,5.18,5.24,5.63,5.92,6.52,7.12,7.65,8.47,8.47,9.87,11.66,14.35,18.84,5.25,11.01,10.45,10.71,10.12,21.66,35.43,78.98,
Right Percent:
50000.00,243.77,144.53,10.73,9.07,7.55,7.70,7.48,7.33,7.68,6.10,4.20,3.75,3.41,3.18,3.01,2.85,2.71,2.61,5.71,5.48,5.21,4.82,4.42,3.72,3.50,3.25,2.83,2.47,2.20,1.98,1.77,1.62,1.50,1.43,1.44,1.40,1.39,1.36,1.40,1.38,1.40,1.44,1.48,1.60,1.64,1.79,1.92,2.08,2.24,2.69,5.38,13.40,17.86,23.29,64.82,66.80,76.93,76.56,12.92,107.96,192.54,618.55,
Left Percent:
50000.00,25.25,21.42,21.37,20.71,15.88,15.97,16.76,17.06,17.51,16.43,11.84,11.65,10.41,9.79,9.32,8.86,8.43,8.02,7.65,7.29,6.98,6.63,6.34,5.90,5.60,5.39,5.08,4.86,4.25,3.77,3.38,3.11,2.57,2.51,2.40,2.32,2.24,2.23,2.31,2.41,2.44,2.49,2.58,2.90,2.96,3.18,3.36,3.84,4.63,5.27,3.57,3.24,2.98,3.63,5.06,6.88,7.19,7.83,13.26,16.30,30.03,66.92,
Right Percent:
50000.00,16.22,12.46,11.73,11.07,8.87,8.65,8.82,8.84,8.98,8.34,6.29,5.66,5.50,5.18,4.93,4.72,4.56,4.43,4.24,4.03,3.87,3.67,3.43,3.19,2.96,2.73,2.51,2.23,1.91,1.74,1.60,1.48,1.33,1.28,1.25,1.22,1.20,1.20,1.23,1.28,1.31,1.33,1.39,1.52,1.61,1.72,1.81,1.98,2.25,2.53,5.33,9.90,27.75,64.18,76.62,83.49,59.61,58.25,17.17,99.24,164.25,486.39,
Left Percent:
50000.00,92.44,61.88,8.49,7.54,7.23,7.19,7.29,7.39,7.55,7.19,5.98,5.56,5.26,5.06,4.88,4.79,4.68,4.48,4.35,4.19,3.96,3.72,3.44,3.06,2.86,2.70,2.47,2.26,2.08,1.91,1.69,1.75,1.72,1.09,0.95,2.00,1.99,1.98,2.00,2.07,2.14,2.16,2.26,2.34,2.44,2.53,2.38,2.56,2.84,3.14,4.15,4.78,5.35,7.52,17.24,175.92,99.29,97.45,627.68,993.97,1079.25,1068.70,
Right Percent:
50000.00,27.28,14.14,61.26,49.46,45.68,44.46,46.44,47.12,48.21,41.87,30.76,30.93,30.35,30.00,29.63,29.87,30.24,28.72,28.06,26.79,24.37,21.23,18.28,13.95,12.51,11.00,9.01,7.46,6.53,5.73,5.19,6.11,11.25,4.53,4.72,14.68,13.73,13.90,14.73,16.62,18.08,18.65,20.43,22.48,24.70,5.68,2.92,3.36,4.12,4.84,42.28,76.34,87.52,42.35,42.51,35.65,47.43,65.15,80.42,55.93,48.27,51.44,
Left Percent:
50000.00,25.88,21.40,23.92,17.97,19.50,20.33,21.45,21.93,22.61,19.62,17.41,15.83,16.18,16.35,16.17,15.52,14.67,13.53,12.94,12.09,11.18,10.44,9.77,8.89,8.45,8.30,7.25,6.45,5.72,4.85,4.35,4.01,3.70,3.54,3.37,3.26,3.21,3.21,3.25,3.26,3.27,3.32,3.57,3.70,3.94,4.62,4.87,5.47,6.53,7.29,4.31,3.71,3.47,4.17,5.87,8.14,8.14,9.73,12.03,32.07,81.92,358.16,
Right Percent:
50000.00,13.75,10.76,10.22,8.34,8.08,8.00,8.07,8.11,8.23,7.36,5.90,5.39,5.44,5.35,5.26,5.20,5.05,5.01,4.89,4.72,4.52,4.30,4.02,3.79,3.47,2.96,2.66,2.39,2.14,1.87,1.70,1.57,1.47,1.43,1.37,1.34,1.33,1.34,1.36,1.37,1.38,1.40,1.50,1.58,1.68,1.94,2.06,2.29,2.65,2.84,5.88,15.95,81.86,87.27,117.73,104.38,92.00,89.65,20.86,453.54,2054.14,2730.27,
Left Percent:
50000.00,18.42,13.72,12.71,12.20,9.47,9.33,9.36,9.32,9.68,8.47,6.48,5.72,5.50,5.21,4.92,4.67,4.49,4.29,3.90,3.71,3.52,3.30,3.08,2.88,2.65,2.47,2.28,2.04,1.89,1.72,1.59,1.45,1.33,1.18,1.16,1.14,1.12,1.11,1.14,1.22,1.23,1.26,1.29,1.33,1.39,1.46,1.55,1.68,1.89,2.16,3.11,3.81,5.16,8.44,45.59,176.04,100.14,96.56,24.61,8717.26,2441.00,1955.48,
Right Percent:
50000.00,16.90,11.68,10.47,9.92,7.86,7.60,7.59,7.55,7.85,7.13,5.53,5.00,4.93,4.73,4.49,4.30,4.17,4.02,3.64,3.50,3.34,3.16,2.95,2.77,2.56,2.38,2.21,1.96,1.80,1.62,1.49,1.35,1.19,1.08,1.07,1.05,1.04,1.03,1.06,1.14,1.17,1.20,1.24,1.29,1.37,1.46,1.58,1.74,2.01,2.34,4.54,7.56,29.14,114.06,181.00,180.30,102.45,98.79,25.18,8892.28,2504.34,1996.01,
Left Percent:
50000.00,19.30,15.25,13.97,13.67,10.89,10.48,10.45,10.52,10.86,9.85,7.45,6.75,6.54,6.33,6.07,5.80,5.59,5.33,5.10,4.72,4.36,4.12,3.85,3.61,3.32,3.10,2.84,2.51,2.33,2.11,1.92,1.77,1.76,1.41,1.38,1.35,1.33,1.33,1.43,1.45,1.48,1.51,1.54,1.60,1.66,1.75,1.87,2.07,2.37,2.81,3.61,4.22,5.99,8.99,96.25,174.38,98.77,95.58,755.55,20228.63,2579.33,1559.93,
Right Percent:
50000.00,21.07,16.14,14.34,13.63,11.05,10.32,10.14,10.10,10.36,9.32,7.06,6.34,6.17,5.95,5.68,5.41,5.21,4.97,4.75,4.42,4.10,3.93,3.72,3.56,3.29,3.07,2.80,2.48,2.32,2.08,1.89,1.73,1.54,1.38,1.36,1.33,1.32,1.33,1.43,1.47,1.50,1.54,1.59,1.67,1.77,1.89,2.05,2.33,2.73,3.25,6.53,10.55,41.59,117.67,111.72,104.46,98.67,95.54,741.28,21825.48,2522.74,1535.64,
Left Percent:
50000.00,28.98,23.57,24.40,23.77,17.39,17.79,19.00,19.55,19.65,18.57,11.22,10.76,9.86,9.34,8.95,8.59,8.06,7.56,7.15,6.65,6.25,5.93,5.66,5.25,4.96,4.70,4.33,3.93,3.49,3.22,2.99,2.74,2.27,2.41,2.41,2.39,2.37,2.40,2.39,2.46,2.56,2.65,2.71,2.81,3.02,3.14,3.21,3.31,3.47,3.72,3.43,3.19,2.87,3.66,5.10,11.41,11.94,10.96,12.79,15.94,25.07,42.68,
Right Percent:
50000.00,21.06,15.04,13.96,12.92,10.02,9.64,9.72,9.73,9.88,9.08,6.94,6.11,6.00,5.73,5.47,5.38,5.21,5.07,4.87,4.74,4.51,4.23,3.93,3.65,3.35,3.14,2.80,2.40,2.12,1.91,1.74,1.55,1.45,1.34,1.32,1.30,1.29,1.29,1.30,1.33,1.42,1.45,1.50,1.61,1.79,1.92,2.07,2.34,2.67,2.97,9.73,44.78,50.00,73.90,138.86,125.47,92.17,88.16,21.25,116.82,173.36,390.60,
Left Percent:
50000.00,22.27,16.70,14.62,13.88,13.06,10.71,10.44,10.48,10.29,9.23,6.63,5.93,5.44,5.13,4.79,4.59,4.35,4.14,3.93,3.69,3.48,3.25,3.03,2.74,2.53,2.34,2.15,1.97,1.80,1.65,1.53,1.42,1.34,1.27,1.23,1.22,1.21,1.20,1.20,1.22,1.24,1.27,1.30,1.34,1.38,1.44,1.52,1.65,1.90,2.16,2.62,2.94,3.41,5.24,8.64,52.48,97.62,94.73,24.35,10330.36,2437.99,1419.66,
Right Percent:
50000.00,25.04,17.32,15.22,14.44,13.66,11.11,10.92,11.04,10.91,9.63,7.07,6.39,6.03,5.70,5.32,5.09,4.84,4.61,4.37,4.07,3.84,3.59,3.33,3.00,2.76,2.54,2.32,2.11,1.92,1.75,1.60,1.48,1.39,1.33,1.28,1.27,1.25,1.24,1.24,1.25,1.27,1.31,1.34,1.39,1.45,1.52,1.64,1.84,2.24,2.67,3.87,5.26,9.60,60.31,98.40,119.67,97.86,94.85,24.36,10432.07,2401.88,1409.96,
Left Percent:
50000.00,23.65,17.49,15.53,15.06,12.47,11.68,11.42,11.47,11.78,10.73,7.58,6.85,6.32,5.94,5.54,5.28,5.01,4.76,4.49,4.23,3.99,3.74,3.38,3.13,2.91,2.71,2.49,2.28,2.10,1.93,1.79,1.66,1.56,1.41,1.35,1.33,1.32,1.35,1.40,1.42,1.44,1.46,1.51,1.55,1.61,1.68,1.76,1.92,2.15,2.49,2.84,3.04,3.44,5.13,4.94,6.96,9.87,16.39,106.99,624.44,519.85,252.21,
Right Percent:
50000.00,20.07,14.88,13.57,13.23,10.61,9.99,9.93,10.02,10.42,9.41,7.05,6.47,6.15,5.76,5.38,5.15,4.89,4.66,4.40,4.14,3.93,3.68,3.28,3.06,2.83,2.61,2.39,2.17,2.00,1.82,1.67,1.55,1.45,1.33,1.24,1.22,1.21,1.24,1.28,1.29,1.31,1.33,1.38,1.44,1.49,1.57,1.68,1.88,2.21,2.71,3.75,4.85,10.25,58.62,92.60,123.07,95.23,95.23,780.23,15677.92,2633.13,1772.52,
Left Percent:
50000.00,21.74,15.22,13.13,12.52,10.46,9.66,9.34,9.32,9.49,8.55,6.02,5.47,5.07,4.78,4.49,4.30,4.09,3.90,3.69,3.47,3.29,3.07,2.83,2.58,2.39,2.21,2.03,1.87,1.71,1.57,1.45,1.35,1.27,1.15,1.15,1.16,1.14,1.13,1.14,1.15,1.17,1.19,1.23,1.27,1.31,1.36,1.43,1.56,1.77,2.04,2.27,2.44,2.77,4.17,5.25,6.32,6.84,8.87,21.45,70.13,75.20,75.90,
Right Percent:
50000.00,24.30,16.99,15.01,14.38,11.90,10.99,10.76,10.78,11.09,9.74,7.19,6.57,6.29,5.99,5.61,5.41,5.17,4.97,4.73,4.44,4.24,3.96,3.62,3.31,3.04,2.81,2.56,2.32,2.12,1.92,1.75,1.60,1.50,1.39,1.36,1.37,1.35,1.33,1.34,1.35,1.39,1.41,1.46,1.52,1.58,1.67,1.81,2.04,2.49,3.06,4.04,4.98,8.52,69.00,94.29,137.36,90.65,90.28,23.45,2762.16,2132.61,1488.83,
Left Percent:
50000.00,25.66,19.56,17.44,16.85,16.05,13.29,13.10,13.26,12.94,11.54,8.21,7.31,6.60,6.11,5.76,5.41,5.12,4.82,4.54,4.26,4.02,3.76,3.51,3.24,2.99,2.78,2.55,2.35,2.15,1.97,1.81,1.69,1.58,1.44,1.45,1.44,1.43,1.42,1.44,1.46,1.48,1.50,1.54,1.57,1.62,1.74,1.85,2.01,2.24,2.51,3.01,3.31,3.72,6.25,7.54,21.40,86.04,95.61,712.63,14556.21,2357.09,1449.10,
Right Percent:
50000.00,21.07,14.48,12.54,11.86,11.20,9.27,8.99,9.04,8.89,7.94,5.77,5.22,4.82,4.49,4.24,4.03,3.83,3.63,3.42,3.21,3.05,2.81,2.61,2.41,2.21,2.04,1.86,1.70,1.54,1.40,1.26,1.17,1.09,0.97,0.99,0.98,0.97,0.96,0.97,0.98,1.00,1.02,1.05,1.07,1.12,1.22,1.33,1.49,1.76,2.02,2.66,3.23,4.56,32.98,119.77,170.73,102.97,99.93,694.71,17305.30,2443.01,1504.25,
Left Percent:
50000.00,20.75,15.52,13.76,13.33,11.77,10.46,10.14,10.29,10.39,9.47,6.91,6.38,6.05,5.74,5.40,5.19,4.95,4.73,4.48,4.21,3.99,3.74,3.49,3.14,2.91,2.69,2.46,2.26,2.07,1.91,1.76,1.62,1.52,1.38,1.38,1.38,1.35,1.34,1.34,1.35,1.39,1.41,1.45,1.50,1.54,1.60,1.71,1.87,2.14,2.46,2.75,3.02,3.40,5.23,4.97,7.14,8.93,14.05,22.97,369.66,361.36,251.68,
Right Percent:
50000.00,16.44,11.44,10.02,9.55,8.39,7.26,7.04,7.10,7.19,6.66,4.92,4.50,4.35,4.16,3.90,3.79,3.64,3.51,3.36,3.16,3.04,2.87,2.67,2.44,2.27,2.08,1.90,1.70,1.54,1.42,1.30,1.19,1.13,1.06,1.03,1.05,1.03,1.02,1.02,1.04,1.08,1.10,1.15,1.20,1.23,1.30,1.41,1.58,1.88,2.25,3.27,4.39,6.75,64.88,61.89,138.01,92.93,92.84,23.30,8603.31,2577.44,1289.27,
Left Percent:
50000.00,24.09,18.89,17.05,16.18,14.30,12.59,12.05,12.05,12.06,10.80,7.59,6.80,6.20,5.77,5.41,5.13,4.87,4.61,4.36,4.08,3.85,3.60,3.36,3.05,2.82,2.62,2.41,2.22,2.04,1.89,1.75,1.63,1.53,1.41,1.39,1.40,1.37,1.37,1.38,1.39,1.42,1.44,1.48,1.53,1.58,1.64,1.73,1.87,2.10,2.39,2.73,3.00,3.29,5.09,6.23,7.51,11.25,19.64,21.67,1757.12,985.14,376.89,
Right Percent:
50000.00,14.31,9.90,8.71,8.29,7.34,6.41,6.19,6.22,6.29,5.68,4.22,3.85,3.69,3.52,3.32,3.19,3.07,2.94,2.81,2.65,2.53,2.39,2.22,1.99,1.84,1.70,1.55,1.43,1.30,1.19,1.10,1.01,0.95,0.87,0.86,0.87,0.84,0.85,0.85,0.86,0.89,0.90,0.94,0.98,1.02,1.07,1.16,1.30,1.54,1.79,2.56,3.51,5.39,49.44,89.16,146.89,95.55,94.08,21.64,12577.25,2468.05,1520.09,
Left Percent:
50000.00,24.16,17.78,15.69,15.08,12.63,11.76,11.45,11.47,11.72,10.62,7.65,7.02,6.43,5.96,5.59,5.31,5.02,4.75,4.48,4.19,3.95,3.69,3.45,3.13,2.90,2.70,2.49,2.30,2.13,1.97,1.83,1.70,1.60,1.48,1.46,1.47,1.45,1.44,1.45,1.47,1.50,1.51,1.56,1.60,1.66,1.72,1.80,1.94,2.18,2.48,2.82,3.06,3.30,5.02,5.22,8.21,9.10,13.37,84.97,537.97,458.87,317.90,
Right Percent:
50000.00,15.19,10.58,9.32,8.87,7.41,6.81,6.65,6.64,6.80,6.09,4.53,4.15,3.94,3.75,3.54,3.42,3.28,3.15,3.01,2.83,2.71,2.54,2.37,2.13,1.96,1.80,1.65,1.51,1.37,1.25,1.15,1.06,0.98,0.91,0.90,0.91,0.90,0.89,0.89,0.90,0.93,0.94,0.98,1.01,1.04,1.10,1.19,1.33,1.62,1.88,2.63,3.52,5.30,49.31,77.68,143.98,91.95,91.51,688.44,15621.41,2417.75,1630.06,
Left Percent:
50000.00,22.29,17.66,15.62,14.98,13.24,11.78,11.37,11.53,11.50,10.45,7.56,6.92,6.42,6.10,5.76,5.50,5.25,5.00,4.72,4.45,4.18,3.91,3.65,3.39,3.13,2.85,2.61,2.39,2.19,2.01,1.85,1.72,1.61,1.48,1.47,1.47,1.45,1.43,1.44,1.45,1.49,1.52,1.56,1.59,1.65,1.72,1.82,1.98,2.29,2.61,2.98,3.26,3.68,5.67,6.82,13.06,24.65,62.16,21.59,12173.41,2496.08,1475.28,
Right Percent:
50000.00,12.80,8.81,7.72,7.33,6.49,5.66,5.47,5.54,5.54,5.00,3.69,3.41,3.23,3.09,2.91,2.80,2.68,2.57,2.45,2.32,2.20,2.07,1.93,1.81,1.67,1.50,1.37,1.24,1.13,1.03,0.95,0.88,0.82,0.76,0.75,0.75,0.74,0.74,0.74,0.74,0.77,0.79,0.82,0.84,0.88,0.93,1.00,1.11,1.35,1.58,2.36,3.10,4.76,56.92,107.96,162.83,97.76,94.83,21.06,11100.45,2386.70,1436.43,
Left Percent:
50000.00,20.69,15.46,13.71,13.30,11.61,10.38,10.07,10.33,10.33,9.41,6.84,6.34,5.98,5.75,5.38,5.11,4.83,4.57,4.31,4.05,3.80,3.55,3.32,3.08,2.85,2.61,2.39,2.20,2.03,1.87,1.73,1.59,1.49,1.34,1.36,1.36,1.33,1.32,1.32,1.33,1.36,1.40,1.44,1.46,1.51,1.57,1.68,1.85,2.10,2.38,2.76,3.01,3.35,5.19,4.87,9.96,20.56,60.23,23.06,9024.09,2355.87,1387.32,
Right Percent:
50000.00,14.65,10.09,8.79,8.36,7.40,6.43,6.22,6.31,6.32,5.77,4.26,3.90,3.71,3.56,3.33,3.22,3.10,2.96,2.84,2.68,2.56,2.41,2.25,2.10,1.93,1.74,1.57,1.42,1.28,1.17,1.08,1.00,0.94,0.89,0.87,0.87,0.86,0.87,0.85,0.86,0.89,0.92,0.96,0.97,1.01,1.07,1.15,1.29,1.56,1.82,2.78,3.65,5.80,57.70,108.89,152.01,96.82,94.76,23.16,8908.76,2367.48,1395.16,
Left Percent:
50000.00,21.12,15.69,13.95,13.49,11.89,10.60,10.27,10.44,10.40,9.40,6.75,6.16,5.70,5.40,5.06,4.84,4.62,4.39,4.17,3.93,3.71,3.47,3.24,3.00,2.77,2.51,2.30,2.10,1.92,1.77,1.64,1.51,1.42,1.31,1.30,1.30,1.28,1.27,1.27,1.29,1.31,1.34,1.38,1.41,1.46,1.52,1.60,1.75,2.02,2.29,2.63,2.86,3.22,4.95,5.53,9.13,19.74,57.75,23.03,9778.84,2346.92,1383.32,
Right Percent:
50000.00,16.16,11.24,9.88,9.43,8.31,7.22,7.01,7.12,7.14,6.61,4.90,4.51,4.33,4.16,3.90,3.77,3.63,3.48,3.34,3.16,3.02,2.85,2.66,2.49,2.30,2.06,1.86,1.68,1.52,1.38,1.28,1.18,1.10,1.01,1.00,1.00,0.99,0.98,0.98,0.99,1.03,1.08,1.12,1.15,1.21,1.28,1.38,1.55,1.90,2.21,3.31,4.34,6.75,58.52,115.25,155.19,98.19,95.03,23.06,10030.79,2380.32,1402.53,
Left Percent:
50000.00,16.91,12.77,11.54,11.30,9.55,8.64,8.46,8.83,8.79,8.07,6.10,5.55,5.42,5.21,4.89,4.66,4.43,4.23,3.99,3.76,3.56,3.18,2.92,2.74,2.53,2.34,2.14,1.94,1.78,1.62,1.49,1.38,1.29,1.16,1.12,1.11,1.09,1.13,1.16,1.17,1.18,1.21,1.24,1.28,1.32,1.37,1.45,1.60,1.76,2.07,2.38,2.58,3.07,4.47,7.66,67.61,43.90,38.15,22.91,32.66,35.94,44.48,
Right Percent:
50000.00,43.98,33.90,31.81,31.20,26.96,23.82,23.19,23.86,23.74,24.03,17.34,15.61,13.48,12.11,11.12,10.50,9.80,9.25,8.70,8.25,7.76,7.44,6.90,6.43,6.10,5.81,5.43,5.13,4.74,4.55,4.27,4.02,3.78,3.51,3.47,3.43,3.40,3.61,3.82,3.88,3.98,4.15,4.28,4.50,4.64,4.63,4.58,4.47,4.41,4.61,3.61,3.19,2.76,3.32,3.34,2.91,2.18,1.80,1.86,1.69,1.85,2.26,
Left Percent:
50000.00,23.82,20.09,19.36,15.83,15.16,15.52,15.90,16.39,17.17,14.14,10.07,9.57,9.18,8.91,8.76,8.64,8.41,8.15,7.90,7.69,7.14,6.45,5.56,4.84,4.47,3.92,3.43,3.09,2.78,2.53,2.28,1.82,1.88,1.83,1.77,1.72,1.70,1.69,1.68,1.66,1.69,1.70,1.77,1.86,1.91,2.02,2.18,2.39,2.72,3.08,3.74,5.27,9.76,15.86,203.06,153.22,85.72,80.88,155.92,132.29,128.74,151.37,
Right Percent:
50000.00,52.99,44.34,34.12,25.40,23.20,21.99,21.63,21.55,22.04,27.74,16.69,16.99,17.31,17.78,18.90,21.16,23.50,26.00,28.18,31.81,32.40,32.28,28.58,22.86,22.83,19.20,15.63,12.71,10.16,8.58,7.13,4.14,5.22,5.18,5.16,5.04,5.10,5.32,5.49,5.54,5.91,6.07,6.65,7.73,8.25,9.92,12.30,15.26,18.90,18.39,14.17,13.12,13.20,12.56,12.14,8.43,6.18,5.06,5.10,5.80,5.61,6.59,
Left Percent:
50000.00,19.82,15.93,13.84,13.52,13.43,12.83,12.82,10.51,10.45,9.35,6.98,6.34,6.00,5.55,5.18,5.30,4.99,4.63,4.35,4.06,3.79,3.53,3.30,3.06,2.84,2.60,2.42,2.17,1.92,1.71,1.55,1.41,1.31,1.22,1.17,1.04,1.08,1.09,1.09,1.10,1.12,1.14,1.16,1.15,1.20,1.24,1.31,1.41,1.56,1.67,1.80,1.90,2.44,4.84,7.27,15.05,18.26,20.63,44.56,60.87,67.55,83.93,
Right Percent:
50000.00,23.82,16.63,13.84,13.08,12.69,12.04,11.81,9.94,9.72,7.92,5.68,5.04,4.66,4.28,3.95,3.83,3.61,3.35,3.12,2.90,2.68,2.49,2.31,2.14,1.98,1.82,1.69,1.54,1.39,1.26,1.16,1.06,1.00,0.93,0.89,0.82,0.83,0.84,0.84,0.85,0.85,0.86,0.88,0.88,0.92,0.96,1.01,1.09,1.22,1.40,1.65,1.87,3.09,6.97,16.62,14.90,13.23,9.24,7.72,8.89,9.93,12.22,
Left Percent:
50000.00,13.43,23.62,18.76,17.78,17.66,17.79,18.61,19.17,18.18,18.10,15.16,14.97,15.03,14.42,14.41,14.25,14.12,13.83,13.61,13.19,12.43,11.11,9.52,8.77,7.82,6.82,6.14,5.52,4.98,4.58,8.27,8.04,7.19,7.60,6.87,6.73,6.60,6.68,6.47,6.46,6.58,7.11,7.14,7.92,8.40,9.35,10.48,12.80,15.17,16.99,23.68,32.39,57.79,95.27,12.23,36.55,108.92,105.94,400.15,5131.26,1069.83,941.39,
Right Percent:
50000.00,11.24,10.89,9.11,8.31,8.16,7.86,7.98,8.10,7.46,7.17,5.23,4.94,4.74,4.41,4.30,4.15,4.00,3.81,3.66,3.54,3.35,3.08,2.79,2.61,2.40,2.17,1.90,1.69,1.42,1.07,1.89,1.81,1.95,1.84,1.83,1.82,1.81,1.78,1.78,1.80,1.81,1.81,1.87,1.97,2.02,2.10,2.21,2.38,2.64,3.21,4.45,6.08,8.53,18.37,20.63,20.63,27.16,38.61,41.88,2835.41,19.33,28.36,
Left Percent:
50000.00,30.51,25.24,25.44,25.86,17.81,19.21,20.53,21.00,22.63,19.15,16.48,16.14,14.44,13.89,13.38,12.82,12.38,11.35,10.81,10.33,9.71,9.19,8.77,8.17,7.59,7.12,6.56,6.19,5.71,5.27,4.67,3.56,3.16,3.09,2.94,2.86,2.76,2.74,2.77,2.70,2.78,2.92,3.41,3.30,3.40,3.59,3.94,4.60,5.55,5.98,4.86,4.41,4.57,6.92,22.81,61.27,69.52,87.37,137.36,175.08,202.89,261.60,
Right Percent:
50000.00,26.61,17.85,15.48,14.59,11.87,11.21,11.03,10.94,11.16,10.03,7.23,6.42,6.01,5.61,5.29,5.01,4.71,4.31,4.08,3.85,3.62,3.40,3.18,2.96,2.74,2.55,2.34,2.13,1.97,1.81,1.67,1.47,1.31,1.31,1.30,1.28,1.26,1.26,1.27,1.28,1.29,1.33,1.44,1.49,1.56,1.63,1.72,1.85,2.08,2.56,4.02,5.50,7.48,26.24,87.31,68.56,98.06,32.30,14.75,15.51,17.78,24.08,
Left Percent:
50000.00,20.08,15.33,13.08,12.39,11.74,11.54,9.55,9.44,9.27,8.28,6.06,5.41,4.92,4.61,4.32,4.07,3.86,3.65,3.45,3.23,3.00,2.82,2.63,2.45,2.27,2.10,1.98,1.79,1.62,1.47,1.34,1.24,1.16,1.09,0.98,1.02,1.02,1.01,1.02,1.02,1.05,1.07,1.09,1.12,1.16,1.21,1.29,1.39,1.54,1.70,1.88,1.99,2.20,3.97,6.51,7.56,11.30,17.73,113.34,1813.34,747.27,318.83,
Right Percent:
50000.00,19.75,14.56,12.29,11.59,10.96,10.74,8.90,8.78,8.61,7.62,5.68,5.07,4.67,4.45,4.18,3.93,3.74,3.56,3.34,3.10,2.86,2.67,2.47,2.28,2.11,1.95,1.83,1.67,1.53,1.40,1.28,1.20,1.12,1.06,0.93,0.98,0.98,0.98,0.97,0.97,0.99,1.00,1.03,1.06,1.09,1.14,1.21,1.32,1.49,1.72,2.04,2.31,2.74,6.77,106.20,132.23,90.95,92.06,551.61,20388.95,2106.32,1484.20,
Left Percent:
50000.00,22.00,17.06,15.01,14.36,13.61,11.19,11.00,11.07,10.84,9.83,7.20,6.55,6.02,5.68,5.37,5.08,4.85,4.61,4.36,4.11,3.89,3.65,3.42,3.15,2.90,2.68,2.44,2.23,2.03,1.84,1.69,1.56,1.46,1.31,1.33,1.32,1.30,1.29,1.31,1.33,1.35,1.38,1.41,1.43,1.48,1.62,1.72,1.90,2.14,2.39,2.83,3.14,3.68,6.31,11.24,171.59,98.14,95.51,749.19,17627.30,2690.01,1118.77,
Right Percent:
50000.00,16.94,12.76,10.99,10.40,9.81,8.00,7.83,7.87,7.72,7.04,5.11,4.67,4.36,4.15,3.99,3.81,3.65,3.49,3.32,3.14,3.00,2.82,2.63,2.46,2.28,2.08,1.89,1.71,1.55,1.39,1.27,1.17,1.12,0.98,1.01,1.01,1.00,0.99,1.01,1.03,1.05,1.08,1.11,1.13,1.19,1.32,1.40,1.58,1.84,2.10,2.95,3.57,5.02,27.30,135.71,169.62,97.06,94.50,667.40,18610.36,2612.77,1090.14,
Left Percent:
50000.00,22.98,17.39,15.56,15.07,14.29,11.69,11.54,11.64,11.41,10.28,7.62,6.89,6.36,6.00,5.63,5.37,5.11,4.86,4.61,4.34,4.12,3.86,3.60,3.33,3.08,2.83,2.58,2.35,2.13,1.95,1.76,1.64,1.54,1.45,1.41,1.40,1.38,1.35,1.38,1.40,1.42,1.44,1.48,1.51,1.56,1.63,1.82,2.01,2.25,2.54,3.12,3.55,4.30,7.30,16.58,171.60,97.23,94.50,588.20,14863.08,2145.25,1325.48,
Right Percent:
50000.00,18.63,13.07,11.38,10.86,10.22,8.30,8.14,8.20,8.08,7.45,5.47,5.01,4.71,4.52,4.23,4.07,3.88,3.72,3.55,3.36,3.23,3.04,2.84,2.64,2.48,2.28,2.07,1.86,1.67,1.51,1.36,1.27,1.18,1.10,1.08,1.08,1.06,1.04,1.08,1.09,1.11,1.14,1.18,1.21,1.26,1.33,1.53,1.72,2.00,2.34,3.36,4.26,6.52,64.77,159.81,171.63,97.18,94.48,582.90,14280.15,2135.57,1318.34,
Left Percent:
50000.00,19.43,14.70,12.97,12.54,11.94,9.74,9.68,9.83,9.67,8.80,6.48,5.99,5.58,5.29,5.00,4.77,4.59,4.38,4.16,3.93,3.73,3.50,3.26,3.01,2.78,2.55,2.31,2.09,1.90,1.71,1.57,1.44,1.35,1.19,1.22,1.20,1.19,1.19,1.20,1.22,1.23,1.26,1.29,1.30,1.35,1.49,1.59,1.76,2.01,2.23,2.52,2.77,3.24,5.60,15.46,172.48,99.98,96.73,601.73,22402.38,2466.07,1157.31,
Right Percent:
50000.00,21.57,14.84,12.65,11.96,11.30,9.42,9.11,9.11,8.93,7.74,5.61,5.11,4.70,4.40,4.16,3.94,3.76,3.57,3.38,3.18,3.01,2.82,2.63,2.43,2.25,2.04,1.85,1.68,1.53,1.38,1.27,1.17,1.08,0.96,0.99,0.98,0.97,0.97,0.97,0.99,1.00,1.02,1.05,1.07,1.11,1.24,1.34,1.49,1.73,1.98,2.53,2.97,3.85,14.57,149.13,172.58,100.23,96.96,575.99,20181.78,2466.74,1159.73,
Left Percent:
50000.00,20.01,14.41,12.72,12.20,11.57,9.42,9.30,9.40,9.20,8.29,6.11,5.57,5.14,4.83,4.54,4.32,4.13,3.92,3.71,3.50,3.31,3.10,2.89,2.68,2.48,2.27,2.07,1.88,1.71,1.55,1.42,1.30,1.22,1.09,1.11,1.10,1.10,1.08,1.10,1.11,1.13,1.15,1.17,1.19,1.24,1.36,1.45,1.59,1.81,2.00,2.38,2.67,3.17,5.59,16.82,172.44,98.66,96.88,22.04,10141.97,2576.15,1295.31,
Right Percent:
50000.00,19.71,13.60,11.73,11.13,10.51,8.64,8.42,8.48,8.32,7.53,5.50,5.05,4.71,4.46,4.19,4.00,3.84,3.66,3.48,3.28,3.13,2.94,2.80,2.62,2.43,2.23,2.05,1.86,1.69,1.51,1.39,1.27,1.19,1.05,1.10,1.09,1.09,1.08,1.10,1.12,1.12,1.15,1.18,1.20,1.26,1.41,1.51,1.70,1.96,2.19,2.94,3.53,4.73,19.08,155.64,168.24,96.29,94.50,21.47,10145.60,2497.94,1258.26,
Left Percent:
50000.00,27.41,21.71,20.15,19.77,18.79,14.93,15.09,15.59,15.41,14.10,10.76,9.73,9.29,9.23,8.79,8.40,8.13,7.86,7.55,7.10,6.79,6.36,5.55,5.18,4.77,4.37,3.93,3.51,3.18,2.86,2.60,2.38,2.23,2.10,2.02,1.97,1.94,1.93,1.94,1.93,1.96,2.03,2.08,2.15,2.20,2.31,2.48,2.81,3.40,4.01,4.93,4.25,3.60,4.32,4.84,7.84,7.19,7.25,13.31,17.12,32.57,88.18,
Right Percent:
50000.00,23.26,15.87,13.64,12.90,12.09,9.75,9.55,9.64,9.49,8.96,6.48,5.82,5.48,5.32,5.01,4.77,4.55,4.34,4.13,3.87,3.67,3.44,3.07,2.87,2.65,2.44,2.22,2.01,1.84,1.68,1.54,1.42,1.33,1.25,1.22,1.20,1.19,1.19,1.20,1.20,1.22,1.26,1.30,1.35,1.40,1.47,1.58,1.77,2.10,2.55,3.56,4.51,6.69,130.93,121.26,127.82,83.76,80.68,21.59,201.55,382.02,1310.40,
Left Percent:
50000.00,23.82,18.35,16.04,15.41,14.60,12.00,11.79,11.91,11.70,10.57,7.41,6.76,6.14,5.73,5.37,5.10,4.85,4.60,4.33,4.08,3.86,3.62,3.38,3.12,2.89,2.67,2.44,2.24,2.05,1.87,1.71,1.59,1.49,1.37,1.36,1.36,1.35,1.34,1.37,1.36,1.39,1.41,1.44,1.48,1.52,1.61,1.74,1.89,2.11,2.35,2.62,2.81,3.07,4.97,6.58,6.68,6.53,6.75,11.94,23.59,25.72,27.39,
Right Percent:
50000.00,25.28,16.28,13.69,12.88,12.09,9.94,9.58,9.56,9.40,8.01,5.64,5.14,4.70,4.40,4.12,3.92,3.73,3.53,3.33,3.13,2.92,2.72,2.54,2.32,2.14,1.97,1.80,1.63,1.49,1.33,1.21,1.12,1.05,0.93,0.94,0.94,0.93,0.92,0.94,0.94,0.95,0.97,0.99,1.03,1.07,1.15,1.26,1.40,1.63,1.88,2.37,2.76,3.48,13.04,74.66,108.97,78.49,80.37,448.38,621.49,823.58,696.40,
Left Percent:
50000.00,16.40,14.20,12.94,12.61,12.30,12.21,9.86,9.92,9.67,8.49,6.11,5.42,4.87,4.50,4.19,3.95,3.71,3.50,3.27,3.04,2.86,2.67,2.54,2.40,2.23,2.06,1.88,1.72,1.56,1.42,1.31,1.21,1.13,1.06,0.96,0.98,0.98,0.98,0.99,1.01,1.02,1.02,1.04,1.07,1.11,1.16,1.22,1.30,1.44,1.60,1.77,1.87,2.05,3.67,6.65,7.39,10.18,16.02,96.30,335.84,278.22,166.99,
Right Percent:
50000.00,22.55,16.60,14.19,13.35,12.71,12.33,10.47,10.13,9.89,8.28,6.13,5.46,4.94,4.59,4.30,4.04,3.80,3.59,3.36,3.12,2.93,2.71,2.58,2.44,2.25,2.09,1.90,1.74,1.57,1.43,1.31,1.21,1.13,1.06,0.95,0.98,0.98,0.98,0.99,1.01,1.02,1.02,1.05,1.08,1.12,1.17,1.24,1.35,1.52,1.75,2.08,2.35,2.82,7.66,77.00,122.66,90.68,94.08,662.39,16132.45,2467.16,1762.87,
Left Percent:
50000.00,22.60,16.39,14.24,13.60,12.83,10.74,10.41,10.44,10.31,9.37,6.65,6.13,5.63,5.23,4.95,4.68,4.47,4.25,4.01,3.79,3.58,3.36,3.14,2.90,2.67,2.47,2.27,2.07,1.90,1.73,1.59,1.47,1.38,1.30,1.26,1.23,1.23,1.23,1.25,1.24,1.26,1.29,1.32,1.34,1.39,1.50,1.59,1.74,1.94,2.14,2.34,2.49,2.70,4.33,6.92,5.83,4.58,4.79,7.04,11.17,13.03,15.30,
Right Percent:
50000.00,17.16,12.89,11.19,10.58,9.96,8.21,7.98,8.01,7.93,7.17,5.21,4.82,4.51,4.23,3.99,3.80,3.64,3.48,3.30,3.13,2.95,2.76,2.57,2.38,2.19,2.02,1.84,1.68,1.53,1.39,1.27,1.16,1.09,1.03,1.00,0.98,0.97,0.98,1.00,0.99,1.01,1.03,1.06,1.08,1.12,1.23,1.32,1.47,1.68,1.93,2.45,2.87,3.71,20.08,67.92,119.60,82.52,82.28,251.13,312.76,414.12,528.30,
Left Percent:
50000.00,14.66,12.40,11.28,10.98,10.63,9.22,9.19,9.26,9.07,8.17,5.91,5.38,4.93,4.60,4.33,4.12,3.92,3.73,3.53,3.34,3.14,2.95,2.75,2.55,2.38,2.19,2.01,1.83,1.68,1.53,1.40,1.31,1.24,1.18,1.13,1.11,1.10,1.10,1.11,1.10,1.12,1.14,1.16,1.20,1.28,1.35,1.42,1.55,1.73,1.88,2.10,2.22,2.43,4.16,7.16,11.31,7.71,10.96,137.16,9268.07,2401.79,2439.06,
Right Percent:
50000.00,18.36,12.89,11.14,10.53,10.02,8.49,8.21,8.20,8.05,7.17,5.29,4.81,4.40,4.11,3.87,3.67,3.50,3.32,3.14,2.96,2.77,2.61,2.42,2.25,2.09,1.93,1.77,1.61,1.48,1.35,1.23,1.16,1.09,1.04,1.00,0.98,0.97,0.97,0.98,0.96,0.98,1.00,1.02,1.06,1.13,1.19,1.27,1.40,1.59,1.79,2.21,2.49,3.03,10.15,87.86,124.68,89.77,94.09,683.50,12895.61,2392.30,2425.39,
