Left Percent:
50000.00,18.21,15.68,14.64,12.36,11.66,11.60,11.68,11.77,12.10,10.90,7.80,7.10,
Right Percent:
50000.00,45.10,34.90,32.64,24.90,23.77,23.82,24.25,24.68,25.73,21.22,17.59,16.71,
Left Percent:
50000.00,14.60,12.60,11.87,10.14,9.65,9.73,9.82,10.02,10.31,9.17,7.12,7.18,
Right Percent:
50000.00,35.03,32.02,32.55,29.95,29.84,31.81,32.84,34.20,35.70,34.49,37.88,30.23,
Left Percent:
50000.00,25.42,19.49,17.99,17.13,13.56,13.25,13.34,13.42,13.61,12.00,8.61,7.62,
Right Percent:
50000.00,55.49,39.81,39.28,36.93,27.47,27.46,28.61,28.91,29.76,29.36,23.63,22.07,
Left Percent:
50000.00,28.67,24.35,24.82,21.73,21.24,22.05,22.63,23.23,23.90,21.30,19.73,19.64,
Right Percent:
50000.00,16.36,12.80,11.37,9.50,8.85,8.71,8.66,8.71,8.84,7.78,5.88,5.61,
Left Percent:
50000.00,30.84,24.69,24.98,18.30,19.19,19.37,20.23,20.75,21.61,19.16,18.28,15.71,
Right Percent:
50000.00,34.59,21.26,18.89,14.92,13.75,13.28,13.20,13.12,13.22,10.80,8.08,7.01,
