Left Percent:
50000.00,25.04,19.24,17.54,17.20,16.32,12.66,12.93,13.38,13.12,12.06,9.42,8.22,7.87,7.95,7.57,7.14,7.02,6.68,6.30,5.65,5.33,5.05,4.73,4.43,4.11,3.82,3.45,3.03,2.78,2.48,2.25,2.08,1.74,1.64,1.58,1.56,1.51,1.53,1.65,1.69,1.71,1.76,1.80,1.89,1.95,2.04,2.23,2.49,2.92,3.45,5.48,7.40,12.61,11.81,56.79,123.92,72.99,69.76,23.88,111.72,127.18,161.37,
Right Percent:
50000.00,43.65,31.86,28.20,26.87,25.36,20.33,20.23,20.65,20.32,20.28,15.34,13.66,13.09,13.29,12.70,11.98,11.86,11.40,10.96,10.05,9.54,9.16,8.69,8.24,7.70,7.20,6.51,5.66,5.23,4.63,4.19,3.86,3.25,3.03,2.95,2.92,2.84,2.90,3.16,3.31,3.39,3.50,3.62,3.88,4.07,4.33,4.80,5.50,6.75,8.18,7.13,5.27,4.56,5.04,4.41,3.78,3.22,2.76,2.93,2.50,2.74,3.44,
Left Percent:
50000.00,25.54,21.75,21.32,17.45,17.00,17.41,18.05,18.57,19.46,17.12,13.98,13.55,14.00,13.91,14.11,14.80,14.33,14.64,14.37,14.53,13.51,11.97,10.65,9.36,7.87,7.20,6.05,5.41,4.42,3.97,3.61,3.65,2.69,2.63,2.52,2.42,2.38,2.34,2.34,2.37,2.41,2.63,2.63,2.66,2.75,3.09,3.29,3.85,4.97,5.07,8.71,21.13,83.70,39.05,257.81,191.38,106.36,101.26,748.39,4597.48,21679.69,8292.06,
Right Percent:
50000.00,22.85,15.66,13.57,10.91,9.97,9.73,9.71,9.76,9.95,8.70,6.26,5.86,5.74,5.52,5.37,5.40,5.22,5.07,4.94,4.78,4.52,4.20,3.83,3.51,3.05,2.82,2.49,2.26,1.97,1.78,1.64,1.48,1.32,1.31,1.28,1.26,1.25,1.25,1.26,1.28,1.30,1.40,1.45,1.49,1.58,1.75,1.90,2.15,2.63,2.94,5.38,15.19,168.39,386.33,251.64,186.33,103.34,98.42,725.32,3971.02,22569.30,7800.24,
Left Percent:
50000.00,13.80,11.17,10.30,9.99,8.32,8.15,8.20,8.25,8.41,8.04,6.11,5.76,5.68,5.32,5.10,4.95,4.77,4.64,4.43,4.14,3.85,3.58,3.37,3.13,2.94,2.75,2.56,2.39,2.24,2.08,1.83,1.64,1.37,1.40,1.37,1.34,1.33,1.36,1.37,1.38,1.40,1.45,1.59,1.63,1.69,1.75,1.83,1.97,2.14,2.36,3.03,3.19,3.61,5.35,4.39,6.31,6.48,7.30,15.19,25.89,46.55,59.68,
Right Percent:
50000.00,11.37,8.98,8.48,8.20,6.83,6.72,6.80,6.82,6.93,7.01,5.80,5.37,5.23,4.86,4.63,4.48,4.31,4.18,4.03,3.86,3.70,3.53,3.33,3.14,2.92,2.73,2.52,2.28,2.11,1.92,1.70,1.52,1.36,1.31,1.29,1.27,1.26,1.30,1.31,1.31,1.34,1.39,1.52,1.58,1.65,1.72,1.81,1.96,2.16,2.58,4.05,4.88,6.91,27.33,52.40,90.82,103.90,103.12,16.96,651.77,1236.35,1955.97,
Left Percent:
50000.00,22.61,17.75,17.13,13.12,13.01,12.97,13.37,13.58,13.98,12.44,9.77,8.40,8.37,8.17,7.91,7.58,7.36,7.24,7.03,6.87,6.46,6.09,5.62,5.13,4.61,4.16,3.34,2.98,2.68,2.29,2.05,2.05,1.73,1.67,1.60,1.57,1.53,1.55,1.55,1.55,1.55,1.64,1.73,1.79,1.95,2.07,2.19,2.42,2.85,3.02,4.47,6.47,11.26,20.31,69.89,53.60,35.40,29.90,38.57,45.00,48.62,55.24,
Right Percent:
50000.00,28.99,22.46,21.61,16.90,16.63,16.54,16.93,17.12,17.57,16.30,13.63,12.38,12.74,12.65,12.34,11.91,11.70,11.63,11.45,11.28,10.90,10.40,9.78,9.11,8.33,7.58,6.16,5.50,4.98,4.25,3.79,3.66,3.24,3.18,3.07,3.04,2.97,3.05,3.08,3.13,3.14,3.35,3.62,3.80,4.23,4.65,5.01,5.73,7.42,9.18,6.52,5.96,5.90,8.22,7.25,6.71,4.63,3.50,3.16,4.36,3.78,4.36,
Left Percent:
50000.00,16.59,16.14,16.96,17.64,16.12,16.04,16.37,17.21,18.40,15.77,9.92,9.50,8.72,8.14,7.80,7.50,7.27,6.85,6.56,6.31,5.97,5.64,5.31,4.90,4.42,4.03,3.74,3.39,3.10,2.77,2.55,2.39,1.89,2.17,2.10,2.10,2.10,2.11,2.14,2.19,2.25,2.32,2.35,2.40,2.58,2.73,2.88,3.09,3.44,3.64,3.19,3.45,3.95,4.83,7.65,16.01,46.32,105.41,440.49,975.49,931.33,1062.07,
Right Percent:
50000.00,16.76,14.77,13.52,12.16,11.49,11.38,11.32,11.31,11.38,9.47,7.18,6.52,5.99,5.67,5.41,5.22,4.95,4.70,4.45,4.21,3.95,3.69,3.43,3.18,2.86,2.66,2.47,2.25,2.07,1.90,1.77,1.66,1.59,1.51,1.48,1.46,1.46,1.45,1.45,1.47,1.49,1.51,1.53,1.57,1.68,1.75,1.86,2.08,2.28,2.65,3.81,5.44,7.23,11.37,23.42,23.33,31.05,40.63,35.40,22.74,22.37,27.23,
Left Percent:
50000.00,13.46,12.06,11.93,11.94,11.78,12.21,12.26,12.44,12.39,11.29,12.02,12.74,13.07,13.34,13.58,13.92,14.09,14.12,13.82,13.96,12.36,12.32,12.11,10.75,9.63,8.93,8.11,7.57,6.77,5.81,5.20,4.66,4.49,4.26,4.04,3.95,3.91,3.91,3.95,3.82,3.80,3.80,3.80,3.88,4.29,4.54,4.94,5.57,6.80,8.51,11.01,15.17,11.07,13.53,18.96,107.42,90.09,87.28,19.25,101.36,103.45,121.16,
Right Percent:
50000.00,32.61,29.81,29.21,27.47,26.99,27.72,28.21,29.11,29.94,30.01,31.35,40.75,35.77,31.08,28.83,26.87,25.76,25.01,24.03,25.56,21.35,20.63,20.56,18.83,17.24,15.69,14.64,13.26,11.86,10.39,9.11,6.71,8.42,8.43,8.97,9.40,9.99,10.56,11.14,12.74,13.80,14.61,14.73,15.32,15.70,16.30,14.98,13.85,15.77,18.00,9.21,7.83,8.22,8.41,7.59,6.72,5.35,4.55,4.91,3.41,3.48,4.06,
Left Percent:
50000.00,11.49,18.12,16.73,14.52,14.61,14.59,15.10,15.62,15.66,14.41,13.35,13.40,13.08,13.06,13.07,13.19,13.17,13.10,13.07,12.95,12.29,11.44,9.42,8.62,7.84,6.98,5.94,5.20,4.93,2.04,1.85,1.75,1.81,1.89,1.82,1.78,1.76,1.76,1.78,1.79,1.78,1.86,1.97,1.99,2.18,2.32,2.44,2.69,3.07,3.27,4.69,5.94,13.16,21.51,102.95,90.43,64.16,60.88,104.20,118.11,119.07,134.38,
Right Percent:
50000.00,92.47,6.33,5.89,5.27,5.31,5.21,5.28,5.34,5.21,4.86,4.28,4.20,3.99,3.91,3.85,3.78,3.68,3.60,3.52,3.40,3.25,3.02,2.55,2.35,2.12,1.89,1.52,1.25,1.15,1.65,1.50,1.48,1.67,1.57,1.53,1.51,1.49,1.49,1.50,1.51,1.51,1.55,1.63,1.68,1.82,1.94,2.05,2.28,2.58,3.06,6.02,10.17,12.15,9.78,8.61,7.86,7.10,6.60,7.15,7.19,7.40,8.42,
Left Percent:
50000.00,25.52,20.81,21.19,15.68,16.30,16.51,17.18,17.58,18.21,15.53,13.32,11.83,12.47,12.41,12.61,12.57,12.46,12.32,12.08,11.63,11.19,9.98,9.20,8.40,7.48,6.07,5.44,4.74,4.18,3.57,3.24,3.09,2.69,2.58,2.45,2.36,2.33,2.32,2.35,2.31,2.31,2.34,2.46,2.62,2.76,3.22,3.39,3.85,4.53,5.14,6.91,5.69,4.50,4.83,7.39,23.15,27.74,42.54,211.45,896.14,1034.90,941.63,
Right Percent:
50000.00,47.98,34.80,34.19,25.60,25.35,25.32,25.85,26.18,26.87,18.67,16.16,13.95,14.92,14.89,15.47,15.01,14.56,14.17,13.73,13.03,12.52,10.99,10.08,9.26,8.18,6.49,5.83,5.04,4.44,3.82,3.50,3.16,2.92,2.86,2.73,2.64,2.60,2.60,2.63,2.58,2.59,2.63,2.79,3.01,3.23,3.92,4.26,5.11,6.40,8.10,50.01,71.74,69.78,30.88,34.28,26.17,26.84,29.04,27.13,23.56,23.39,27.03,
Left Percent:
50000.00,42.24,34.54,36.80,26.31,28.28,29.10,30.91,32.00,33.56,28.28,25.60,24.37,24.71,24.49,23.31,23.63,22.79,21.84,21.54,20.72,19.82,19.24,19.06,17.56,17.07,16.61,12.80,11.25,9.83,8.24,7.41,6.61,5.81,5.50,5.09,4.82,4.72,4.70,4.73,4.67,4.73,4.76,4.80,5.05,5.50,6.95,7.42,8.85,10.75,11.35,6.42,9.08,12.38,14.87,110.40,136.40,86.43,83.63,434.27,82.19,582.84,1083.36,
Right Percent:
50000.00,42.64,26.46,24.20,18.88,17.67,17.15,17.08,16.97,17.06,13.65,10.13,8.84,8.35,7.79,7.45,7.03,6.62,6.24,5.83,5.45,5.07,4.69,4.35,4.01,3.69,3.41,3.02,2.76,2.50,2.28,2.12,1.98,1.99,1.81,1.74,1.73,1.73,1.71,1.72,1.73,1.74,1.75,1.80,1.87,1.99,2.16,2.34,2.58,2.93,3.63,6.89,12.04,21.50,16.13,25.15,18.63,14.82,12.93,13.70,9.33,18.75,21.49,
Left Percent:
50000.00,20.52,16.65,15.98,15.22,12.03,11.52,11.51,11.75,12.11,10.70,8.59,7.50,7.10,7.15,6.76,6.54,6.20,5.89,5.65,5.36,4.81,4.48,4.22,3.95,3.72,3.41,3.10,2.72,2.51,2.24,2.03,1.87,1.86,1.57,1.54,1.56,1.50,1.51,1.52,1.53,1.56,1.58,1.62,1.70,1.76,1.85,2.00,2.24,2.61,3.15,5.00,6.49,6.05,5.47,6.45,18.96,29.41,70.30,714.32,15165.11,2456.45,2332.88,
Right Percent:
50000.00,19.58,13.87,12.44,11.52,9.80,8.99,8.79,8.83,9.00,8.15,6.30,5.63,5.37,5.44,5.11,4.87,4.64,4.41,4.20,3.97,3.63,3.37,3.15,2.95,2.78,2.58,2.37,2.12,1.98,1.80,1.65,1.53,1.35,1.32,1.30,1.31,1.28,1.29,1.30,1.31,1.33,1.35,1.39,1.46,1.52,1.60,1.72,1.91,2.19,2.68,4.44,6.35,18.01,71.79,86.09,96.45,101.68,98.50,648.40,15581.09,2454.57,2327.85,
Left Percent:
50000.00,30.88,22.93,23.00,18.13,17.51,18.07,18.77,19.24,19.99,17.11,14.87,13.71,14.43,14.79,15.10,16.71,16.87,17.11,17.82,17.94,16.89,14.92,12.62,9.51,8.87,7.99,6.45,5.44,4.70,4.20,3.75,3.96,2.77,2.69,2.52,2.46,2.43,2.41,2.41,2.42,2.41,2.49,2.71,2.71,2.82,3.01,3.46,3.88,4.95,5.68,10.33,26.01,480.76,405.30,247.80,184.21,102.09,96.82,863.76,212.59,14354.49,9348.20,
Right Percent:
50000.00,46.39,27.58,24.31,19.76,17.99,17.59,17.54,17.57,17.80,13.86,10.19,9.15,8.66,8.23,7.96,7.84,7.51,7.17,6.89,6.54,6.10,5.63,5.14,4.49,4.13,3.80,3.38,3.02,2.70,2.47,2.27,1.99,1.87,1.86,1.80,1.77,1.76,1.75,1.76,1.77,1.78,1.82,1.95,2.01,2.12,2.26,2.51,2.78,3.29,4.12,7.89,19.86,477.47,91.47,105.26,85.08,101.72,96.77,862.25,210.95,33634.57,11425.39,
Left Percent:
50000.00,21.88,16.88,15.37,14.81,11.59,11.35,11.40,11.43,11.74,10.88,7.88,7.34,7.16,6.86,6.57,6.31,6.01,5.53,5.32,5.07,4.83,4.56,4.25,3.98,3.69,3.43,3.12,2.86,2.59,2.37,2.15,1.86,1.90,1.57,1.54,1.53,1.51,1.54,1.54,1.57,1.59,1.65,1.81,1.84,1.91,1.97,2.14,2.28,2.53,2.88,3.25,3.37,3.73,5.15,11.88,54.74,92.66,91.81,180.76,142.62,161.06,223.39,
Right Percent:
50000.00,66.81,49.66,47.19,45.62,32.08,32.29,33.59,33.94,35.53,37.19,28.80,26.88,30.61,30.26,29.54,29.04,28.28,25.67,26.17,25.88,26.15,26.01,24.65,24.45,22.95,21.43,18.82,16.46,14.35,12.43,10.96,8.45,10.18,6.84,6.76,6.69,6.66,7.05,7.06,7.32,7.50,8.14,9.87,9.90,10.63,11.67,14.62,16.20,18.90,26.31,11.30,8.33,7.56,8.12,7.72,7.25,5.53,4.74,4.56,4.58,4.94,5.98,
Left Percent:
50000.00,31.59,25.42,24.68,23.96,18.43,18.44,18.90,19.23,20.45,18.75,12.74,12.83,11.70,11.30,10.70,10.23,9.92,9.46,8.65,8.49,7.95,7.66,7.21,6.73,6.38,6.09,5.66,5.31,4.93,4.50,4.06,3.30,2.70,2.93,2.81,2.72,2.66,2.65,2.67,2.66,2.75,2.99,3.22,3.25,3.38,3.53,3.81,4.26,5.05,5.52,3.79,3.30,2.97,3.56,5.51,16.37,12.22,11.73,19.55,31.04,116.06,136.74,
Right Percent:
50000.00,30.85,24.45,23.80,22.89,18.12,17.95,18.40,18.39,19.08,18.98,13.73,12.37,12.32,12.13,11.32,10.68,10.11,9.50,8.71,8.40,7.93,7.56,7.08,6.58,6.22,5.89,5.47,5.13,4.75,4.51,4.09,3.35,2.77,3.04,2.97,2.93,2.92,2.95,3.03,3.05,3.18,3.48,3.91,4.06,4.37,4.60,4.50,4.41,4.41,4.66,3.57,3.18,2.88,3.05,2.44,2.36,1.99,1.74,2.11,1.90,2.15,2.54,
Left Percent:
50000.00,28.39,23.39,21.32,20.36,19.87,20.89,21.47,22.99,23.44,20.06,18.98,20.83,21.97,22.34,24.27,26.50,28.46,28.99,29.33,28.24,20.03,17.59,16.12,12.63,10.12,9.22,8.08,7.25,6.21,5.11,4.50,3.96,3.62,3.38,3.23,3.14,3.06,3.00,2.96,3.09,3.06,3.02,2.99,3.00,3.30,3.59,3.91,4.40,5.42,7.47,10.66,27.14,277.73,267.37,177.61,126.87,73.64,68.53,128.11,77.72,121.98,141.48,
Right Percent:
50000.00,61.91,51.20,38.90,29.48,27.42,25.28,24.59,24.55,24.80,32.56,19.41,21.20,23.01,24.09,27.00,31.59,37.72,42.05,49.00,55.98,43.84,41.60,45.24,38.75,32.21,29.78,26.25,24.10,17.75,12.11,9.54,6.76,7.44,7.09,7.09,7.23,7.42,7.84,8.07,9.16,9.85,10.02,9.93,10.28,12.92,19.24,25.75,29.50,33.15,23.94,18.99,15.37,13.89,14.19,11.91,8.42,6.15,5.06,5.15,6.57,6.15,6.99,
Left Percent:
50000.00,28.00,22.53,21.62,20.86,16.31,16.22,16.69,16.88,17.28,15.33,12.69,11.36,11.19,10.89,10.44,10.26,10.02,9.74,9.33,8.97,8.59,8.04,7.45,6.88,6.32,5.74,5.19,4.23,3.85,3.51,3.18,2.85,2.62,2.42,2.35,2.30,2.26,2.28,2.28,2.26,2.36,2.49,2.55,2.62,2.96,3.08,3.25,3.55,4.06,4.49,6.29,6.24,4.93,5.17,5.09,6.64,6.57,7.74,6.24,74.46,106.57,121.68,
Right Percent:
50000.00,46.13,37.85,36.49,35.07,27.85,27.79,28.62,28.99,29.81,29.79,26.54,23.90,26.05,26.48,25.70,26.77,27.49,28.46,28.58,28.90,28.93,27.25,25.09,23.85,21.68,19.03,16.78,12.30,11.06,9.81,8.76,7.56,6.97,6.25,6.14,6.09,6.03,6.27,6.38,6.37,6.91,7.72,8.12,8.60,10.82,12.05,12.66,14.80,23.62,24.32,13.47,11.83,10.63,9.94,9.73,8.62,6.96,6.07,6.92,6.06,6.54,7.71,
Left Percent:
50000.00,26.18,22.98,17.95,16.85,15.99,14.44,13.57,13.47,13.24,14.02,8.31,8.11,7.24,6.90,6.62,6.29,6.00,5.60,5.34,5.09,4.82,4.63,4.40,4.13,3.92,3.75,3.52,3.37,3.15,3.01,2.92,2.61,2.24,2.43,2.38,2.36,2.34,2.37,2.42,2.45,2.50,2.57,2.71,2.88,2.99,3.08,3.15,3.19,3.27,3.53,2.94,2.90,2.84,3.76,6.94,10.56,8.82,8.27,8.22,13.46,22.12,57.57,
Right Percent:
50000.00,25.49,17.52,15.56,14.49,11.85,11.25,11.15,11.05,11.31,10.23,7.55,6.71,6.28,5.91,5.57,5.27,4.96,4.59,4.35,4.10,3.86,3.62,3.38,3.15,2.91,2.70,2.48,2.27,2.10,1.93,1.71,1.57,1.33,1.37,1.35,1.33,1.32,1.34,1.35,1.35,1.37,1.40,1.49,1.56,1.63,1.70,1.79,1.94,2.17,2.68,4.34,5.95,9.34,115.94,120.31,118.99,82.60,80.99,12.74,207.89,360.41,1244.24,
Left Percent:
50000.00,9.97,8.57,8.33,8.11,7.06,6.94,7.01,7.00,7.00,6.58,5.58,5.16,4.95,4.77,4.58,4.45,4.30,4.18,4.01,3.84,3.69,3.52,3.32,3.12,2.93,2.74,2.53,2.27,2.00,1.83,1.70,1.59,1.51,1.38,1.35,1.31,1.30,1.29,1.31,1.35,1.38,1.40,1.45,1.56,1.61,1.69,1.77,1.90,2.09,2.28,3.54,4.54,6.74,13.87,41.86,189.74,107.49,105.16,28.64,11545.88,5090.50,2853.00,
Right Percent:
50000.00,8.88,6.97,6.48,6.19,5.22,5.06,5.09,5.08,5.11,4.93,3.92,3.64,3.55,3.45,3.30,3.24,3.15,3.09,2.96,2.87,2.78,2.67,2.53,2.38,2.24,2.09,1.92,1.70,1.46,1.32,1.22,1.13,1.04,0.97,0.95,0.93,0.92,0.91,0.94,0.98,1.02,1.04,1.08,1.19,1.25,1.34,1.42,1.55,1.74,1.91,3.51,4.74,7.79,43.61,89.41,84.17,111.13,109.11,29.46,11245.24,5332.72,2948.70,
Left Percent:
50000.00,12.94,9.96,9.14,8.71,7.45,7.23,7.20,7.21,7.28,6.82,5.19,4.88,4.70,4.55,4.41,4.12,3.96,3.86,3.72,3.58,3.44,3.29,3.10,2.93,2.72,2.55,2.35,2.15,1.98,1.80,1.56,1.45,1.43,1.25,1.22,1.21,1.18,1.22,1.23,1.25,1.26,1.29,1.38,1.46,1.52,1.56,1.64,1.76,1.91,2.26,2.57,2.63,2.84,3.92,6.41,5.49,4.35,4.20,11.86,9.00,13.97,20.63,
Right Percent:
50000.00,16.65,14.13,13.65,13.24,11.42,11.26,11.34,11.41,11.57,11.63,9.72,9.31,9.52,9.39,9.24,8.67,8.55,8.53,8.37,8.21,8.11,7.92,7.52,7.28,6.75,6.37,5.85,5.27,4.82,4.31,3.61,3.33,3.31,2.86,2.80,2.76,2.72,2.85,2.85,2.93,2.97,3.09,3.39,3.69,3.90,4.07,4.38,4.87,5.49,7.42,5.71,4.49,3.73,3.94,3.88,3.72,3.00,2.57,3.19,2.66,2.83,3.39,
Left Percent:
50000.00,8.25,7.32,6.79,6.65,6.45,6.08,5.61,5.63,5.56,5.12,4.20,3.87,3.65,3.48,3.30,3.16,3.04,2.90,2.76,2.62,2.48,2.34,2.19,2.05,1.92,1.78,1.64,1.50,1.39,1.27,1.17,1.10,1.04,0.97,0.94,0.94,0.93,0.92,0.93,0.93,0.95,0.96,0.98,1.00,1.07,1.13,1.20,1.31,1.46,1.59,1.98,2.22,2.68,5.10,34.63,182.15,103.15,105.15,26.48,295.96,257.07,320.01,
Right Percent:
50000.00,11.62,9.47,8.46,8.15,7.82,7.38,6.67,6.62,6.51,5.66,4.44,4.05,3.74,3.52,3.34,3.17,3.02,2.88,2.74,2.59,2.45,2.31,2.16,2.02,1.89,1.75,1.62,1.48,1.37,1.25,1.15,1.08,1.02,0.95,0.92,0.93,0.92,0.91,0.92,0.93,0.94,0.96,0.98,1.00,1.07,1.14,1.21,1.33,1.50,1.67,2.08,2.40,2.96,8.10,56.52,35.84,35.98,33.04,7.47,17.02,15.53,19.12,
Left Percent:
50000.00,9.91,8.52,8.28,8.06,7.02,6.90,6.97,6.95,6.97,6.53,5.55,5.13,4.92,4.74,4.56,4.40,4.26,4.15,3.99,3.83,3.67,3.50,3.29,3.09,2.90,2.72,2.50,2.25,1.98,1.82,1.68,1.58,1.50,1.36,1.34,1.30,1.29,1.28,1.30,1.34,1.37,1.39,1.43,1.55,1.59,1.68,1.76,1.89,2.08,2.27,3.54,4.58,6.96,13.05,43.65,190.82,107.41,105.57,28.52,11510.04,5535.59,2792.05,
Right Percent:
50000.00,8.46,6.98,6.56,6.31,5.42,5.26,5.29,5.28,5.32,5.02,4.07,3.78,3.65,3.53,3.40,3.30,3.21,3.13,3.02,2.90,2.80,2.67,2.52,2.37,2.23,2.09,1.92,1.72,1.50,1.35,1.24,1.16,1.07,0.99,0.97,0.95,0.93,0.93,0.96,1.00,1.04,1.06,1.11,1.21,1.26,1.34,1.41,1.51,1.68,1.82,2.96,3.96,6.50,49.40,96.07,90.08,105.27,107.54,29.08,10926.31,5277.43,2752.51,
Left Percent:
50000.00,15.98,12.14,11.05,10.46,8.61,8.31,8.28,8.30,8.36,7.74,5.60,5.11,4.89,4.71,4.50,4.30,3.95,3.79,3.61,3.44,3.28,3.09,2.89,2.69,2.49,2.31,2.12,1.93,1.77,1.63,1.50,1.30,1.10,1.15,1.13,1.11,1.09,1.09,1.10,1.11,1.13,1.16,1.26,1.29,1.34,1.40,1.50,1.59,1.78,2.01,2.40,2.60,2.94,4.31,5.68,11.72,19.66,39.81,27.66,8560.47,1633.03,3029.97,
Right Percent:
50000.00,8.60,6.46,6.02,5.69,4.73,4.58,4.60,4.59,4.62,4.35,3.40,3.13,3.09,3.00,2.88,2.78,2.55,2.49,2.38,2.30,2.22,2.12,2.00,1.88,1.75,1.63,1.49,1.34,1.24,1.12,1.03,0.87,0.74,0.77,0.76,0.75,0.74,0.74,0.75,0.76,0.77,0.80,0.90,0.92,0.96,1.02,1.12,1.21,1.38,1.58,2.78,3.78,6.31,43.01,65.48,95.54,101.60,101.08,27.11,8034.01,1558.00,2824.61,
Left Percent:
50000.00,22.16,16.81,15.06,14.35,11.93,11.47,11.40,11.39,11.45,10.61,7.57,6.82,6.32,5.96,5.66,5.35,5.00,4.67,4.38,4.13,3.87,3.63,3.43,3.21,3.02,2.83,2.61,2.40,2.22,2.06,1.91,1.70,1.45,1.51,1.49,1.47,1.45,1.45,1.46,1.48,1.51,1.59,1.65,1.70,1.75,1.84,1.92,2.04,2.22,2.50,3.05,3.31,3.59,5.34,6.32,8.89,9.47,12.28,28.04,102.34,162.55,184.02,
Right Percent:
50000.00,12.46,9.56,8.70,8.27,6.86,6.62,6.63,6.59,6.64,6.22,4.78,4.40,4.32,4.16,3.99,3.83,3.66,3.41,3.30,3.16,3.04,2.89,2.73,2.57,2.39,2.22,2.04,1.83,1.70,1.54,1.41,1.20,1.01,1.06,1.05,1.03,1.01,1.02,1.03,1.04,1.08,1.17,1.22,1.27,1.32,1.44,1.54,1.68,1.88,2.18,3.64,4.73,7.61,48.76,79.96,110.27,100.78,101.52,29.29,4878.51,2600.77,2950.27,
Left Percent:
50000.00,11.00,9.06,8.49,8.27,7.18,7.03,7.02,7.04,7.19,6.69,5.28,4.85,4.63,4.41,4.23,4.06,3.87,3.61,3.47,3.31,3.15,2.99,2.81,2.63,2.45,2.29,2.12,1.95,1.80,1.67,1.54,1.35,1.25,1.20,1.18,1.16,1.14,1.14,1.15,1.16,1.19,1.25,1.31,1.35,1.39,1.47,1.55,1.64,1.79,2.01,2.45,2.67,2.99,4.63,7.64,11.95,20.42,40.49,21.74,6831.01,4850.34,2674.07,
Right Percent:
50000.00,11.49,9.33,8.77,8.50,7.29,7.15,7.21,7.21,7.36,6.48,4.90,4.45,4.29,4.06,3.88,3.72,3.53,3.28,3.16,3.01,2.88,2.73,2.57,2.42,2.25,2.10,1.93,1.75,1.62,1.48,1.37,1.18,1.06,1.05,1.04,1.02,1.00,1.01,1.02,1.02,1.05,1.12,1.18,1.22,1.27,1.36,1.46,1.58,1.76,2.01,2.95,3.47,4.65,14.16,60.41,70.12,103.78,105.07,22.24,7050.30,432.05,453.62,
Left Percent:
50000.00,14.65,10.98,9.65,9.29,7.91,7.40,7.19,7.26,7.33,6.63,4.81,4.38,4.11,3.92,3.70,3.56,3.40,3.26,3.08,2.92,2.77,2.53,2.32,2.19,2.03,1.89,1.74,1.59,1.46,1.35,1.24,1.15,1.08,0.98,0.94,0.93,0.91,0.95,0.97,0.97,0.99,1.01,1.04,1.07,1.11,1.15,1.22,1.34,1.48,1.75,1.97,2.11,2.42,3.91,5.34,10.49,14.77,23.60,25.20,458.47,1925.72,1182.58,
Right Percent:
50000.00,14.76,11.10,9.95,9.57,8.36,7.80,7.62,7.65,7.73,6.96,5.38,4.93,4.72,4.55,4.30,4.17,4.03,3.89,3.72,3.56,3.43,3.16,2.92,2.80,2.61,2.44,2.25,2.04,1.87,1.70,1.56,1.45,1.36,1.25,1.17,1.16,1.14,1.21,1.23,1.24,1.28,1.29,1.35,1.41,1.47,1.53,1.63,1.79,2.00,2.38,3.01,3.48,4.59,21.63,105.36,155.76,99.06,99.36,25.78,6907.23,2186.01,2973.12,
Left Percent:
50000.00,11.65,9.70,9.21,8.93,7.65,7.47,7.46,7.46,7.55,6.94,5.37,4.97,4.77,4.62,4.52,4.40,4.26,4.14,3.98,3.81,3.65,3.45,3.26,3.05,2.85,2.67,2.44,2.16,1.94,1.78,1.65,1.52,1.30,1.32,1.29,1.27,1.24,1.24,1.24,1.27,1.34,1.37,1.40,1.49,1.59,1.66,1.74,1.86,2.05,2.24,2.76,3.14,3.66,5.25,7.42,13.79,23.77,34.59,28.25,1015.32,655.84,807.09,
Right Percent:
50000.00,14.67,10.12,9.38,8.91,7.54,7.31,7.26,7.24,7.30,6.23,4.95,4.57,4.41,4.25,4.16,4.04,3.91,3.79,3.63,3.48,3.34,3.18,2.99,2.82,2.63,2.47,2.26,1.99,1.81,1.66,1.53,1.42,1.27,1.24,1.22,1.20,1.17,1.17,1.18,1.20,1.26,1.29,1.32,1.42,1.52,1.60,1.70,1.84,2.03,2.23,3.92,5.82,10.30,45.60,44.57,41.35,55.01,90.02,26.69,81.47,60.92,69.45,
Left Percent:
50000.00,11.55,9.69,9.23,8.97,7.66,7.57,7.65,7.73,7.89,7.45,5.95,5.51,5.32,5.11,4.90,4.73,4.55,4.41,4.23,4.03,3.86,3.68,3.44,3.20,2.97,2.78,2.56,2.32,2.04,1.85,1.71,1.60,1.35,1.37,1.34,1.32,1.29,1.28,1.32,1.37,1.39,1.41,1.46,1.58,1.64,1.71,1.78,1.90,2.08,2.41,2.95,3.32,3.83,5.72,7.58,26.69,56.76,87.09,23.70,9011.03,5109.13,2799.21,
Right Percent:
50000.00,10.02,7.23,6.71,6.37,5.44,5.28,5.27,5.26,5.29,4.77,3.87,3.55,3.45,3.31,3.16,3.07,2.96,2.87,2.76,2.64,2.54,2.42,2.26,2.11,1.96,1.83,1.69,1.51,1.31,1.18,1.09,1.01,0.87,0.86,0.85,0.84,0.82,0.82,0.85,0.88,0.90,0.92,0.96,1.06,1.11,1.18,1.25,1.36,1.51,1.79,3.03,4.28,7.48,51.08,85.04,83.41,110.43,108.19,24.38,9455.52,2290.73,2086.97,
Left Percent:
50000.00,10.10,8.33,7.92,7.69,6.65,6.49,6.49,6.47,6.54,6.13,4.87,4.54,4.35,4.14,3.96,3.84,3.72,3.62,3.48,3.33,3.20,3.06,2.88,2.71,2.53,2.37,2.18,1.99,1.85,1.62,1.46,1.36,1.13,1.17,1.15,1.13,1.11,1.12,1.16,1.16,1.18,1.21,1.25,1.36,1.41,1.47,1.53,1.64,1.80,2.09,2.60,2.93,3.45,5.16,9.73,27.33,57.77,94.55,28.68,401.16,332.58,405.48,
Right Percent:
50000.00,12.30,9.68,9.17,8.81,7.51,7.27,7.25,7.21,7.27,6.45,5.27,4.91,4.76,4.52,4.32,4.20,4.07,3.95,3.80,3.65,3.51,3.36,3.17,3.00,2.80,2.62,2.43,2.20,2.05,1.79,1.62,1.50,1.28,1.30,1.29,1.27,1.25,1.25,1.31,1.30,1.32,1.35,1.41,1.55,1.61,1.69,1.78,1.93,2.15,2.51,4.35,6.14,14.51,29.07,31.72,30.82,33.87,41.85,27.52,38.46,32.39,40.03,
Left Percent:
50000.00,17.13,13.12,11.92,11.22,9.57,9.16,9.01,8.98,9.02,8.25,6.03,5.54,5.14,4.89,4.68,4.40,4.05,3.80,3.55,3.33,3.12,2.93,2.74,2.55,2.37,2.22,2.06,1.92,1.79,1.67,1.56,1.43,1.34,1.26,1.25,1.24,1.21,1.23,1.24,1.25,1.26,1.29,1.37,1.41,1.47,1.51,1.58,1.66,1.74,1.93,2.44,2.58,2.75,4.17,5.15,5.85,4.37,4.37,13.77,13.78,26.04,49.09,
Right Percent:
50000.00,8.12,6.00,5.53,5.24,4.47,4.33,4.30,4.30,4.34,4.01,3.16,2.96,2.86,2.76,2.67,2.57,2.39,2.30,2.22,2.12,2.04,1.94,1.82,1.72,1.61,1.51,1.39,1.27,1.17,1.08,0.99,0.86,0.81,0.76,0.75,0.74,0.72,0.73,0.73,0.74,0.75,0.78,0.86,0.88,0.91,0.95,1.04,1.12,1.23,1.40,2.01,2.35,3.08,10.63,34.36,55.39,75.58,79.83,21.58,194.24,441.24,1051.31,
Left Percent:
50000.00,17.17,12.68,11.42,10.70,9.25,8.74,8.50,8.32,8.23,7.29,5.53,4.84,4.38,4.04,3.80,3.57,3.37,3.12,2.94,2.77,2.60,2.44,2.30,2.15,2.01,1.88,1.74,1.62,1.51,1.40,1.31,1.23,1.13,1.07,1.05,1.04,1.02,1.04,1.04,1.05,1.07,1.11,1.14,1.17,1.22,1.27,1.32,1.39,1.48,1.62,2.19,2.49,2.76,4.63,5.26,8.59,7.08,7.14,23.17,127.12,788.98,3017.85,
Right Percent:
50000.00,7.87,5.94,5.46,5.23,4.48,4.35,4.31,4.31,4.36,4.03,3.20,2.99,2.90,2.79,2.67,2.59,2.49,2.31,2.23,2.13,2.05,1.95,1.84,1.74,1.62,1.52,1.40,1.28,1.19,1.09,1.01,0.93,0.83,0.78,0.76,0.75,0.73,0.74,0.74,0.75,0.77,0.84,0.86,0.89,0.92,0.98,1.05,1.14,1.25,1.41,1.96,2.24,2.84,8.14,38.81,57.29,83.78,89.03,22.20,3113.38,4359.57,3117.72,
Left Percent:
50000.00,13.17,10.38,9.57,9.23,7.93,7.73,7.65,7.67,7.86,7.05,5.39,4.95,4.61,4.33,4.10,3.93,3.75,3.56,3.38,3.19,3.02,2.76,2.59,2.42,2.28,2.13,1.97,1.82,1.68,1.56,1.45,1.35,1.27,1.12,1.11,1.10,1.08,1.07,1.13,1.15,1.17,1.19,1.21,1.25,1.30,1.36,1.42,1.53,1.68,1.94,2.29,2.51,2.82,4.53,9.20,13.84,14.43,26.06,29.96,6670.21,4993.28,2754.24,
Right Percent:
50000.00,8.74,6.61,6.13,5.95,5.00,4.81,4.75,4.74,4.85,4.40,3.37,3.15,3.02,2.88,2.72,2.64,2.54,2.44,2.33,2.22,2.12,1.93,1.82,1.72,1.62,1.51,1.39,1.27,1.17,1.07,0.99,0.91,0.85,0.73,0.73,0.72,0.72,0.71,0.76,0.78,0.79,0.82,0.84,0.87,0.91,0.97,1.03,1.13,1.25,1.50,1.97,2.31,2.94,7.92,45.65,70.10,92.30,101.97,29.21,6540.62,464.54,621.83,
Left Percent:
50000.00,12.24,9.75,9.05,8.73,7.50,7.29,7.23,7.24,7.33,6.83,5.27,4.90,4.70,4.50,4.33,4.17,3.98,3.72,3.57,3.41,3.26,3.09,2.90,2.72,2.54,2.38,2.19,2.01,1.85,1.71,1.57,1.38,1.30,1.22,1.19,1.17,1.17,1.16,1.17,1.18,1.20,1.27,1.34,1.37,1.41,1.49,1.58,1.69,1.85,2.09,2.44,2.61,2.91,4.52,7.45,10.45,11.99,24.33,25.63,6367.83,4922.71,2770.44,
Right Percent:
50000.00,8.02,6.10,5.65,5.44,4.67,4.53,4.50,4.50,4.55,4.20,3.35,3.12,3.05,2.92,2.82,2.72,2.60,2.45,2.36,2.26,2.17,2.07,1.95,1.84,1.72,1.61,1.48,1.36,1.25,1.15,1.05,0.91,0.85,0.81,0.79,0.78,0.77,0.77,0.78,0.78,0.81,0.86,0.92,0.94,0.98,1.04,1.11,1.20,1.32,1.49,2.16,2.55,3.41,13.31,48.97,84.01,99.47,105.03,25.70,6484.49,4884.22,2743.92,
Left Percent:
50000.00,15.37,12.06,10.95,10.37,9.92,9.10,8.59,8.39,8.15,7.30,5.74,5.12,4.60,4.19,3.97,3.74,3.52,3.32,3.13,2.95,2.77,2.62,2.44,2.28,2.13,2.00,1.86,1.73,1.62,1.50,1.40,1.32,1.26,1.19,1.17,1.14,1.13,1.13,1.14,1.14,1.15,1.16,1.18,1.22,1.28,1.34,1.40,1.48,1.57,1.75,2.26,2.41,2.61,4.31,5.31,6.57,5.26,4.96,10.87,14.82,22.64,26.29,
Right Percent:
50000.00,16.15,12.03,10.68,10.20,9.77,8.32,8.16,8.19,8.06,7.40,5.59,5.14,4.77,4.50,4.24,4.04,3.86,3.68,3.51,3.33,3.15,2.98,2.78,2.60,2.44,2.24,2.06,1.86,1.71,1.55,1.42,1.33,1.25,1.18,1.13,1.12,1.12,1.12,1.13,1.12,1.15,1.18,1.19,1.22,1.32,1.41,1.50,1.66,1.88,2.05,2.41,2.65,3.10,6.93,63.44,126.36,91.73,94.79,27.97,448.05,947.05,1094.10,
Left Percent:
50000.00,14.16,10.94,9.89,9.51,8.24,7.81,7.67,7.62,7.70,6.98,5.26,4.83,4.49,4.23,3.99,3.83,3.65,3.48,3.29,3.12,2.96,2.71,2.53,2.37,2.21,2.07,1.92,1.77,1.63,1.51,1.40,1.30,1.22,1.09,1.06,1.05,1.04,1.04,1.10,1.11,1.13,1.14,1.18,1.21,1.26,1.31,1.38,1.49,1.62,1.89,2.18,2.36,2.61,4.30,7.65,9.84,10.32,14.89,25.98,859.20,5055.18,2686.16,
Right Percent:
50000.00,10.00,7.30,6.52,6.25,5.25,4.98,4.90,4.89,4.99,4.62,3.51,3.25,3.12,2.97,2.80,2.72,2.61,2.52,2.40,2.28,2.20,2.01,1.88,1.78,1.66,1.54,1.42,1.29,1.18,1.08,0.99,0.92,0.86,0.75,0.73,0.72,0.72,0.72,0.78,0.79,0.81,0.82,0.86,0.89,0.94,0.99,1.06,1.17,1.31,1.60,2.17,2.56,3.28,7.72,81.03,136.44,95.95,100.64,25.92,7228.68,5040.29,2658.86,
Left Percent:
50000.00,19.22,16.11,15.05,14.65,11.38,11.14,11.14,11.19,11.52,10.17,7.85,7.05,6.72,6.44,6.07,5.79,5.56,5.32,5.05,4.78,4.54,4.25,3.78,3.54,3.28,3.02,2.76,2.51,2.29,2.08,1.91,1.76,1.65,1.56,1.50,1.49,1.46,1.46,1.47,1.47,1.49,1.53,1.58,1.63,1.68,1.75,1.87,2.07,2.41,2.78,3.52,4.19,5.15,7.28,7.80,9.20,13.00,20.57,17.60,8827.59,2546.37,2600.93,
Right Percent:
50000.00,11.63,8.53,7.64,7.27,5.89,5.64,5.55,5.55,5.68,5.20,3.94,3.60,3.47,3.36,3.18,3.04,2.94,2.83,2.71,2.57,2.47,2.34,2.09,1.97,1.83,1.69,1.55,1.40,1.28,1.16,1.06,0.98,0.91,0.87,0.84,0.84,0.82,0.83,0.84,0.84,0.86,0.89,0.93,0.96,1.01,1.06,1.15,1.28,1.51,1.80,2.70,3.42,5.31,35.23,117.47,124.86,93.46,93.13,21.29,8150.27,2526.36,2578.79,
Left Percent:
50000.00,23.64,19.11,18.10,17.60,17.22,13.17,13.85,14.49,14.15,12.71,10.48,9.43,9.01,8.78,8.28,7.81,7.47,7.17,6.74,6.35,5.85,5.58,5.16,4.78,4.45,4.15,3.79,3.33,2.99,2.67,2.38,2.21,2.07,1.96,1.87,1.86,1.84,1.85,1.84,1.83,1.87,1.92,1.94,1.97,2.18,2.33,2.51,2.85,3.22,3.47,2.65,2.40,2.25,2.92,3.74,4.87,3.87,3.66,9.58,5.87,14.35,35.73,
Right Percent:
50000.00,21.97,15.84,13.71,12.98,12.38,10.59,10.21,10.19,10.01,8.63,6.46,5.82,5.33,4.95,4.64,4.40,4.16,3.93,3.70,3.47,3.23,3.02,2.79,2.59,2.40,2.21,2.04,1.86,1.72,1.58,1.45,1.36,1.28,1.21,1.17,1.15,1.14,1.14,1.14,1.14,1.15,1.17,1.19,1.22,1.30,1.37,1.46,1.59,1.81,2.07,2.59,3.04,3.78,12.37,35.90,21.39,15.22,12.62,6.02,8.98,10.52,15.59,
Left Percent:
50000.00,27.77,19.47,16.91,16.11,15.19,12.73,12.32,12.36,12.24,11.14,7.90,7.28,6.69,6.25,5.92,5.66,5.39,5.11,4.85,4.56,4.32,4.06,3.80,3.51,3.25,3.00,2.75,2.48,2.26,2.08,1.91,1.78,1.66,1.57,1.51,1.51,1.50,1.49,1.50,1.51,1.53,1.57,1.60,1.64,1.70,1.77,1.89,2.09,2.34,2.60,2.83,3.01,3.27,5.10,6.46,4.92,4.76,4.81,8.05,13.13,15.26,17.92,
Right Percent:
50000.00,19.08,12.72,11.08,10.51,9.89,8.16,7.95,7.98,7.93,7.16,5.22,4.82,4.53,4.32,4.06,3.92,3.74,3.57,3.40,3.20,3.07,2.89,2.71,2.51,2.32,2.12,1.94,1.72,1.56,1.42,1.29,1.20,1.11,1.03,1.01,1.01,1.01,1.00,1.01,1.02,1.04,1.07,1.10,1.14,1.18,1.25,1.38,1.58,1.82,2.09,2.83,3.33,4.17,16.53,71.69,127.34,85.44,83.94,272.20,349.49,453.56,593.15,
Left Percent:
50000.00,13.32,12.17,12.45,12.45,10.68,10.78,11.03,11.08,11.56,10.72,9.77,9.01,9.25,9.16,8.82,8.70,8.06,7.95,7.73,7.44,7.16,6.84,6.46,6.08,5.61,5.21,4.78,4.35,3.97,3.62,3.07,2.77,2.58,2.32,2.27,2.21,2.20,2.24,2.26,2.26,2.31,2.40,2.68,2.67,2.77,2.89,3.08,3.38,3.88,4.72,5.20,4.45,3.72,4.44,4.70,6.88,6.72,6.77,18.44,13.13,42.56,619.46,
Right Percent:
50000.00,8.82,6.85,6.30,6.07,5.18,5.02,5.00,4.97,5.10,4.72,3.76,3.47,3.40,3.28,3.15,3.05,2.84,2.75,2.65,2.55,2.46,2.35,2.23,2.11,1.96,1.83,1.69,1.53,1.42,1.30,1.14,1.02,0.88,0.88,0.86,0.85,0.85,0.87,0.89,0.90,0.92,0.95,1.04,1.07,1.12,1.17,1.24,1.33,1.47,1.73,2.70,3.33,4.70,22.35,57.05,75.75,77.95,80.35,57.23,103.37,331.43,396.50,
Left Percent:
50000.00,14.35,11.45,10.91,10.44,9.30,8.91,8.77,8.61,8.54,7.45,6.28,5.51,5.10,4.71,4.46,4.20,3.99,3.73,3.52,3.32,3.13,2.95,2.77,2.61,2.44,2.30,2.13,1.98,1.86,1.72,1.61,1.51,1.43,1.39,1.31,1.30,1.27,1.28,1.28,1.29,1.33,1.36,1.40,1.44,1.49,1.56,1.63,1.72,1.81,2.00,3.02,3.24,3.60,5.54,10.66,12.95,13.90,17.61,32.59,1142.91,665.31,951.39,
Right Percent:
50000.00,9.98,7.58,7.00,6.67,5.62,5.43,5.40,5.39,5.50,5.00,3.95,3.65,3.58,3.43,3.29,3.17,3.06,2.88,2.74,2.62,2.51,2.40,2.25,2.13,1.98,1.86,1.71,1.55,1.43,1.31,1.21,1.11,1.03,0.94,0.90,0.89,0.87,0.87,0.87,0.89,0.95,1.00,1.03,1.07,1.11,1.20,1.28,1.41,1.57,1.80,2.88,3.65,5.49,27.91,67.83,56.71,70.08,100.51,31.39,131.00,86.95,105.15,
Left Percent:
50000.00,12.44,10.09,9.08,8.72,8.45,7.36,7.22,7.18,7.11,6.52,4.99,4.61,4.32,4.04,3.81,3.67,3.50,3.35,3.19,3.04,2.85,2.69,2.49,2.34,2.19,2.01,1.85,1.70,1.58,1.44,1.31,1.22,1.14,1.09,0.94,1.01,1.00,1.00,1.01,1.02,1.02,1.03,1.09,1.12,1.15,1.21,1.28,1.39,1.54,1.64,1.76,1.84,2.01,3.72,7.17,6.25,5.04,4.63,11.48,9.96,15.88,22.59,
Right Percent:
50000.00,14.08,11.48,10.42,10.01,9.69,8.49,8.23,8.21,8.08,7.00,5.56,5.08,4.77,4.44,4.16,3.99,3.79,3.60,3.40,3.21,3.00,2.80,2.58,2.41,2.24,2.06,1.90,1.74,1.62,1.48,1.35,1.27,1.18,1.13,1.00,1.04,1.04,1.03,1.04,1.05,1.05,1.05,1.12,1.15,1.20,1.26,1.35,1.49,1.71,1.96,2.59,3.14,4.31,13.68,9.04,9.42,8.03,6.98,8.64,5.63,5.86,7.00,
Left Percent:
50000.00,11.78,9.26,8.54,8.26,7.11,6.88,6.80,6.79,6.89,6.32,4.86,4.54,4.29,4.06,3.85,3.71,3.57,3.40,3.24,3.08,2.93,2.68,2.51,2.36,2.21,2.06,1.91,1.75,1.62,1.50,1.39,1.29,1.21,1.04,1.04,1.03,1.02,1.01,1.08,1.09,1.11,1.13,1.17,1.20,1.25,1.30,1.37,1.48,1.63,1.89,2.11,2.28,2.55,4.19,8.59,12.75,13.26,26.66,20.41,5439.01,3553.79,2543.71,
Right Percent:
50000.00,10.25,7.29,6.58,6.30,5.30,5.08,5.03,5.01,5.10,4.65,3.58,3.36,3.22,3.05,2.90,2.80,2.70,2.59,2.48,2.35,2.26,2.06,1.94,1.83,1.72,1.60,1.48,1.35,1.24,1.14,1.05,0.98,0.91,0.78,0.78,0.78,0.77,0.76,0.82,0.84,0.85,0.87,0.90,0.93,0.98,1.03,1.10,1.21,1.33,1.59,2.07,2.40,3.01,9.06,46.52,97.23,92.01,99.75,20.62,5391.22,441.53,582.05,
Left Percent:
50000.00,19.81,12.88,12.04,10.44,9.82,9.70,9.37,9.66,9.94,10.04,7.13,6.77,6.61,6.27,6.04,5.74,5.25,4.84,4.41,4.05,3.61,3.37,3.28,2.72,2.52,2.35,2.26,2.04,1.92,1.79,1.72,1.61,1.38,1.54,1.60,1.61,1.63,1.64,1.71,1.75,1.75,1.79,1.84,1.86,1.97,2.06,2.08,2.09,2.29,2.51,1.77,1.43,3.90,4.45,6.54,10.41,12.85,18.35,80.40,93.22,96.83,108.89,
Right Percent:
50000.00,19.67,17.42,15.84,15.87,15.42,15.18,15.83,15.86,15.95,15.72,13.85,13.90,13.34,11.40,10.74,10.27,9.57,9.10,7.68,7.58,7.15,6.82,6.27,5.55,4.31,3.99,3.73,3.37,3.15,2.92,2.74,2.52,2.19,2.38,2.46,2.53,2.58,2.60,2.77,2.84,2.87,2.94,3.00,3.02,3.22,3.32,3.23,3.24,3.19,3.44,2.56,2.59,3.34,2.69,2.02,1.94,1.64,1.43,1.70,2.09,2.13,2.31,
Left Percent:
50000.00,26.75,19.51,15.78,15.08,12.37,11.59,11.16,11.29,11.62,10.89,7.11,6.69,6.29,6.09,5.74,5.48,5.28,5.07,4.74,4.41,4.19,3.92,3.71,3.47,3.21,2.99,2.75,2.51,2.29,2.12,1.94,1.75,1.59,1.49,1.46,1.43,1.43,1.42,1.45,1.47,1.51,1.60,1.70,1.75,1.81,1.89,2.00,2.12,2.29,2.52,2.70,2.60,2.81,4.16,8.13,13.21,11.28,10.55,11.58,18.36,30.95,65.93,
Right Percent:
50000.00,39.89,30.14,27.12,26.16,20.29,20.05,19.86,19.99,20.54,18.34,14.56,12.91,12.86,12.35,11.71,11.02,10.67,10.26,9.50,8.89,8.46,7.99,7.41,6.99,6.41,5.94,5.37,4.76,4.40,3.95,3.59,3.14,2.75,2.67,2.64,2.58,2.55,2.54,2.56,2.56,2.65,2.88,3.00,3.14,3.28,3.62,3.98,4.62,5.60,7.35,9.48,6.07,4.57,4.76,4.91,4.47,3.56,3.07,4.16,2.96,3.39,4.40,
Left Percent:
50000.00,26.56,24.96,26.10,22.76,22.43,23.85,24.29,24.80,26.07,24.66,14.00,13.37,12.54,11.92,11.62,11.44,11.39,10.88,10.29,9.82,9.08,8.60,7.93,6.96,6.29,5.94,5.35,4.82,4.35,3.99,3.71,3.51,3.13,3.13,3.12,3.08,3.07,3.08,3.10,3.15,3.20,3.26,3.37,3.62,3.80,4.00,4.19,4.40,4.77,5.89,4.42,4.59,5.17,6.35,10.40,18.02,20.47,26.38,26.09,215.79,4706.96,3199.06,
Right Percent:
50000.00,10.66,8.87,8.43,7.27,6.92,7.00,7.06,7.15,7.27,6.69,5.47,5.41,5.50,5.56,5.49,5.44,5.40,5.28,5.18,5.03,4.79,4.50,4.20,3.64,3.44,3.22,2.86,2.52,2.30,2.09,1.92,1.70,1.59,1.55,1.49,1.49,1.48,1.49,1.49,1.49,1.51,1.55,1.64,1.75,1.81,1.98,2.17,2.40,2.79,3.17,4.86,8.04,21.35,97.42,75.04,74.21,92.14,95.64,26.64,3699.78,4803.09,3224.67,
Left Percent:
50000.00,14.88,11.63,10.80,10.25,9.28,8.77,8.56,8.35,8.31,7.38,5.88,5.26,4.78,4.40,4.15,3.92,3.71,3.50,3.30,3.07,2.90,2.73,2.57,2.41,2.27,2.14,2.00,1.87,1.75,1.64,1.54,1.44,1.36,1.31,1.25,1.24,1.23,1.23,1.23,1.26,1.31,1.32,1.35,1.39,1.45,1.50,1.56,1.64,1.73,1.88,2.54,2.79,3.01,4.69,5.41,5.29,4.74,5.48,11.83,16.91,29.36,43.61,
Right Percent:
50000.00,10.55,7.90,7.15,6.85,5.73,5.51,5.47,5.45,5.61,5.04,3.86,3.59,3.47,3.30,3.15,3.03,2.93,2.81,2.68,2.46,2.36,2.23,2.10,1.96,1.82,1.72,1.59,1.44,1.33,1.22,1.12,1.03,0.95,0.86,0.83,0.82,0.81,0.80,0.82,0.85,0.90,0.92,0.95,0.98,1.03,1.09,1.17,1.28,1.44,1.67,2.50,3.06,4.28,20.65,59.06,100.36,88.25,88.99,22.55,490.94,1216.91,2139.63,
Left Percent:
50000.00,15.83,12.95,12.19,11.54,9.58,9.38,9.37,9.38,9.68,8.93,6.74,6.22,6.02,5.80,5.56,5.32,5.15,4.95,4.65,4.34,4.13,3.91,3.65,3.40,3.15,2.96,2.72,2.46,2.28,2.09,1.92,1.77,1.65,1.47,1.42,1.40,1.38,1.38,1.43,1.50,1.52,1.56,1.59,1.65,1.71,1.79,1.90,2.05,2.28,2.62,3.19,3.40,3.99,6.13,13.35,124.21,102.89,102.59,483.51,13027.98,2864.47,2429.40,
Right Percent:
50000.00,13.44,10.19,9.43,8.78,7.18,6.94,6.93,6.91,7.15,6.55,4.96,4.54,4.48,4.31,4.14,3.94,3.83,3.69,3.46,3.22,3.08,2.94,2.75,2.59,2.40,2.27,2.08,1.86,1.72,1.56,1.43,1.30,1.21,1.07,1.03,1.02,1.01,1.00,1.05,1.12,1.14,1.18,1.21,1.27,1.33,1.42,1.52,1.67,1.89,2.19,3.53,4.46,7.40,54.59,75.11,56.22,100.10,99.78,457.75,12188.14,2752.41,2334.54,
Left Percent:
50000.00,30.44,27.94,27.00,25.71,19.29,18.49,18.51,18.84,19.56,18.64,10.24,9.84,8.84,8.21,7.75,7.41,7.00,6.70,6.36,5.98,5.63,5.27,4.90,4.53,4.18,3.88,3.53,3.25,2.95,2.65,2.31,2.14,2.04,1.80,1.77,1.75,1.71,1.76,1.82,1.89,1.94,1.99,2.04,2.19,2.35,2.45,2.52,2.64,2.87,3.27,3.27,3.32,3.41,4.85,9.89,20.18,27.02,40.30,26.01,546.24,458.43,575.47,
Right Percent:
50000.00,22.78,16.45,14.84,14.00,11.89,11.40,11.25,11.13,11.16,9.48,7.10,6.42,5.98,5.51,5.21,4.96,4.71,4.49,4.24,4.01,3.79,3.56,3.34,3.12,2.89,2.70,2.49,2.29,2.12,1.90,1.73,1.61,1.49,1.41,1.38,1.36,1.34,1.36,1.38,1.41,1.43,1.45,1.50,1.61,1.68,1.76,1.85,1.99,2.19,2.56,3.73,4.78,6.18,19.03,37.70,31.80,35.63,37.34,7.97,14.50,13.50,16.75,
Left Percent:
50000.00,28.33,22.26,15.78,14.19,11.56,10.76,10.35,10.31,10.47,10.39,6.06,5.78,5.38,5.17,5.03,4.95,4.82,4.68,4.48,4.31,4.12,3.86,3.57,3.29,3.03,2.80,2.40,2.19,2.01,1.83,1.64,1.50,1.29,1.38,1.39,1.38,1.38,1.39,1.43,1.46,1.51,1.54,1.57,1.65,1.76,1.80,1.94,1.99,2.12,2.27,2.42,2.78,3.14,4.34,9.54,17.05,16.07,16.85,30.13,75.52,75.23,68.62,
Right Percent:
50000.00,53.99,38.64,36.25,34.05,26.10,25.70,26.07,26.30,27.06,26.40,15.34,14.21,12.11,11.14,10.49,9.96,9.40,8.91,8.47,8.04,7.64,7.31,6.95,6.46,6.13,5.81,5.28,4.87,4.55,4.24,3.88,3.59,3.03,3.39,3.46,3.51,3.54,3.61,3.74,3.86,4.01,4.08,4.13,4.28,4.59,4.51,4.71,4.61,4.66,4.87,4.02,3.79,3.13,3.52,3.13,2.88,2.09,1.72,1.80,2.07,2.19,2.51,
Left Percent:
50000.00,9.74,9.63,8.87,9.16,9.28,9.29,9.39,9.70,9.89,9.43,8.29,8.28,8.43,8.34,8.38,8.50,8.63,8.66,8.38,8.35,8.10,7.77,6.60,6.07,5.76,5.10,4.62,4.00,3.62,3.28,3.01,2.88,2.40,2.30,2.21,2.14,2.10,2.10,2.11,2.13,2.15,2.31,2.39,2.41,2.47,2.69,2.95,3.27,3.90,4.36,5.35,7.08,13.74,17.03,27.29,23.05,16.00,13.13,15.61,18.53,19.18,21.47,
Right Percent:
50000.00,11.28,10.10,8.89,8.82,8.81,8.69,8.69,8.89,8.95,8.60,7.65,7.83,8.06,8.11,8.17,8.37,8.57,8.66,8.54,8.64,8.52,8.28,7.18,6.85,6.56,5.81,5.29,4.59,4.12,3.76,3.44,3.20,2.81,2.69,2.60,2.53,2.52,2.54,2.57,2.62,2.63,2.89,3.05,3.13,3.29,3.69,4.30,5.09,6.63,7.35,5.61,4.97,4.26,3.43,2.61,2.37,1.86,1.54,1.76,2.33,2.35,2.51,
Left Percent:
50000.00,9.66,8.27,7.93,7.81,6.81,6.67,6.68,6.67,6.77,6.22,5.33,4.93,4.82,4.63,4.41,4.26,4.13,3.99,3.71,3.57,3.42,3.27,3.08,2.92,2.73,2.56,2.38,2.18,2.01,1.84,1.70,1.58,1.40,1.34,1.31,1.28,1.25,1.26,1.27,1.29,1.39,1.41,1.44,1.48,1.53,1.63,1.72,1.85,2.05,2.27,3.35,3.74,4.56,7.53,12.55,35.21,54.32,107.32,31.12,1687.68,1057.24,1660.22,
Right Percent:
50000.00,9.10,7.11,6.48,6.27,5.30,5.07,5.02,5.00,5.10,4.70,3.69,3.42,3.34,3.22,3.06,2.95,2.86,2.77,2.57,2.46,2.36,2.26,2.13,2.02,1.88,1.76,1.62,1.47,1.35,1.22,1.12,1.03,0.90,0.86,0.84,0.82,0.81,0.82,0.83,0.85,0.93,0.96,0.98,1.03,1.07,1.16,1.25,1.35,1.53,1.74,2.74,3.46,5.22,21.22,62.11,45.85,72.83,105.07,27.79,167.07,132.28,156.27,
Left Percent:
50000.00,28.72,21.16,18.78,18.19,13.49,13.44,13.72,13.86,14.85,13.10,10.22,9.12,9.44,9.22,8.73,8.43,8.12,7.45,7.27,6.98,6.70,6.32,5.78,5.39,4.88,4.40,3.94,3.46,3.07,2.74,2.46,2.06,1.80,1.71,1.67,1.63,1.65,1.64,1.65,1.65,1.68,1.75,1.95,1.98,2.04,2.13,2.25,2.50,2.86,3.60,4.37,3.78,3.06,3.80,4.05,6.02,5.69,5.79,10.75,12.39,23.28,36.59,
Right Percent:
50000.00,32.69,23.03,20.69,19.58,13.77,13.72,14.00,14.03,15.07,12.57,9.56,8.32,8.26,7.88,7.39,7.05,6.72,6.14,5.93,5.65,5.39,5.10,4.69,4.39,4.01,3.57,3.21,2.82,2.55,2.28,2.06,1.74,1.46,1.46,1.43,1.40,1.41,1.42,1.42,1.42,1.45,1.51,1.70,1.75,1.83,1.94,2.08,2.37,2.79,3.79,12.73,43.75,48.16,75.43,51.65,43.76,55.94,73.39,18.83,93.86,117.52,197.33,
Left Percent:
50000.00,12.68,10.21,9.42,9.13,7.83,7.61,7.53,7.53,7.69,7.09,5.44,5.12,4.87,4.62,4.39,4.16,3.92,3.69,3.48,3.27,3.09,2.85,2.68,2.51,2.35,2.21,2.05,1.90,1.77,1.65,1.54,1.44,1.36,1.18,1.19,1.17,1.16,1.15,1.22,1.25,1.27,1.28,1.31,1.36,1.41,1.46,1.52,1.62,1.72,1.93,2.38,2.52,2.78,4.53,9.61,13.38,13.13,25.19,24.11,7696.45,4274.49,2659.71,
Right Percent:
50000.00,9.20,6.64,5.94,5.68,4.77,4.58,4.52,4.51,4.61,4.16,3.20,3.00,2.87,2.72,2.58,2.50,2.41,2.30,2.20,2.09,2.01,1.82,1.72,1.62,1.52,1.42,1.31,1.20,1.10,1.02,0.94,0.87,0.81,0.70,0.69,0.69,0.68,0.68,0.72,0.74,0.75,0.77,0.79,0.82,0.87,0.91,0.97,1.06,1.17,1.40,1.80,2.09,2.64,8.54,52.70,93.05,91.74,102.51,24.86,7805.44,519.35,623.58,
Left Percent:
50000.00,22.48,17.45,15.09,14.42,14.09,13.38,13.17,11.10,10.90,9.66,6.96,6.22,5.78,5.31,4.92,4.81,4.50,4.17,3.91,3.66,3.41,3.17,2.95,2.71,2.54,2.39,2.17,1.98,1.79,1.61,1.49,1.36,1.26,1.18,1.13,1.08,1.04,1.04,1.04,1.05,1.06,1.08,1.09,1.11,1.13,1.16,1.21,1.29,1.42,1.54,1.64,1.72,2.54,3.86,10.23,8.40,7.71,8.28,10.53,40.18,49.26,49.20,
Right Percent:
50000.00,21.04,14.87,12.61,11.92,11.53,10.96,10.75,9.12,8.93,7.32,5.26,4.68,4.33,3.97,3.67,3.56,3.34,3.09,2.90,2.71,2.51,2.32,2.16,1.97,1.85,1.74,1.58,1.44,1.30,1.18,1.09,1.00,0.93,0.87,0.83,0.79,0.77,0.77,0.77,0.78,0.78,0.79,0.80,0.82,0.83,0.86,0.90,0.97,1.09,1.23,1.40,1.56,2.95,6.06,24.79,18.68,18.71,14.30,10.10,11.43,12.71,15.92,
Left Percent:
50000.00,20.89,14.46,12.44,11.89,11.23,9.31,9.04,9.11,8.96,8.13,5.71,5.29,4.86,4.52,4.26,4.04,3.84,3.65,3.46,3.28,3.08,2.91,2.70,2.51,2.32,2.14,1.96,1.78,1.63,1.47,1.36,1.27,1.18,1.12,1.07,1.05,1.06,1.06,1.07,1.08,1.09,1.11,1.13,1.15,1.19,1.29,1.37,1.49,1.64,1.78,1.86,1.91,2.02,3.18,5.18,9.88,5.02,4.66,4.58,6.76,8.04,9.54,
Right Percent:
50000.00,31.77,23.66,21.27,20.58,19.61,16.02,15.98,16.28,16.02,15.06,11.47,10.72,10.27,9.78,9.16,8.74,8.36,8.01,7.66,7.31,6.95,6.61,6.17,5.80,5.39,4.96,4.53,4.08,3.69,3.25,3.00,2.78,2.57,2.45,2.40,2.30,2.33,2.31,2.37,2.41,2.44,2.52,2.58,2.65,2.76,3.15,3.41,3.79,4.34,4.91,3.39,2.85,2.46,2.92,3.03,2.61,2.12,1.80,2.33,2.02,2.25,2.79,
Left Percent:
50000.00,12.75,11.37,10.62,10.30,10.05,9.93,8.53,8.51,8.46,7.57,5.92,5.45,5.09,4.90,4.65,4.39,4.19,4.02,3.84,3.63,3.40,3.22,3.02,2.86,2.66,2.45,2.24,2.02,1.88,1.71,1.54,1.43,1.33,1.25,1.20,1.18,1.17,1.18,1.18,1.18,1.19,1.28,1.31,1.34,1.39,1.47,1.57,1.72,1.92,2.04,2.19,2.35,2.74,6.09,7.49,16.68,29.88,42.90,27.39,148.85,161.93,196.76,
Right Percent:
50000.00,15.66,13.01,11.54,11.07,10.69,10.58,9.02,8.97,8.84,7.92,6.32,5.67,5.29,5.07,4.79,4.50,4.30,4.10,3.91,3.69,3.45,3.26,3.05,2.88,2.68,2.47,2.27,2.04,1.90,1.73,1.57,1.46,1.35,1.27,1.26,1.20,1.19,1.20,1.19,1.20,1.22,1.31,1.35,1.39,1.45,1.55,1.67,1.86,2.13,2.46,3.33,4.24,5.06,7.28,6.86,7.33,5.63,4.79,5.24,3.80,3.97,4.66,
Left Percent:
50000.00,18.78,15.10,13.91,13.54,13.04,10.83,10.82,11.06,10.85,9.91,8.00,7.24,6.84,6.69,6.34,5.99,5.80,5.57,5.32,5.08,4.84,4.55,4.27,3.96,3.70,3.37,3.07,2.69,2.46,2.24,2.03,1.89,1.76,1.63,1.61,1.58,1.57,1.55,1.58,1.59,1.64,1.68,1.71,1.75,1.81,1.89,2.04,2.26,2.75,3.10,3.74,4.44,5.93,7.79,6.95,14.32,19.76,25.47,19.13,7229.02,1467.92,2693.39,
Right Percent:
50000.00,17.66,13.35,11.71,11.14,10.61,8.86,8.64,8.76,8.62,8.14,6.08,5.55,5.23,5.12,4.83,4.57,4.43,4.26,4.07,3.90,3.71,3.50,3.29,3.06,2.86,2.63,2.41,2.12,1.94,1.77,1.60,1.49,1.38,1.29,1.27,1.26,1.26,1.26,1.28,1.31,1.35,1.40,1.43,1.47,1.52,1.59,1.71,1.89,2.28,2.63,3.34,3.96,5.37,21.78,135.65,131.29,93.94,94.97,24.89,7083.05,1492.97,2730.55,
Left Percent:
50000.00,13.00,12.00,10.73,11.12,11.32,11.50,11.79,12.19,12.21,11.83,12.23,14.15,15.58,17.18,17.72,18.29,18.59,18.20,18.48,14.67,14.04,12.09,10.77,9.54,9.05,8.41,7.77,7.01,6.10,5.13,4.75,4.31,3.90,3.67,3.52,3.44,3.38,3.35,3.30,3.41,3.44,3.40,3.36,3.36,3.47,3.93,4.23,4.72,5.45,6.49,8.41,10.25,19.73,51.27,151.87,121.68,91.95,97.00,284.52,202.10,176.25,203.49,
Right Percent:
50000.00,28.58,24.46,21.59,21.98,22.42,22.41,22.58,23.13,22.96,18.87,16.82,15.43,14.96,14.18,13.85,13.71,14.26,14.49,14.94,12.46,11.98,10.38,9.38,8.41,7.94,7.39,6.81,6.24,5.42,4.69,4.39,4.75,3.74,3.62,3.47,3.39,3.34,3.29,3.24,3.27,3.32,3.28,3.31,3.36,3.53,4.10,4.52,5.31,6.50,7.88,161.29,72.81,70.27,35.30,35.53,28.30,35.44,48.07,49.60,30.74,27.39,31.02,
Left Percent:
50000.00,11.01,8.67,8.00,7.73,6.66,6.44,6.37,6.36,6.48,5.91,4.55,4.25,4.01,3.79,3.60,3.47,3.33,3.19,3.04,2.88,2.75,2.52,2.36,2.21,2.08,1.94,1.79,1.65,1.52,1.41,1.30,1.21,1.13,0.97,0.98,0.97,0.95,0.94,1.01,1.02,1.04,1.06,1.08,1.12,1.17,1.21,1.28,1.38,1.52,1.76,1.97,2.13,2.39,3.95,8.15,13.11,14.05,24.41,26.06,6712.61,4458.69,2811.33,
Right Percent:
50000.00,9.60,6.76,6.08,5.82,4.89,4.69,4.64,4.62,4.72,4.27,3.30,3.09,2.96,2.81,2.66,2.58,2.48,2.38,2.28,2.17,2.08,1.90,1.78,1.68,1.58,1.48,1.36,1.25,1.15,1.06,0.97,0.90,0.84,0.72,0.72,0.71,0.71,0.70,0.76,0.77,0.78,0.80,0.82,0.86,0.90,0.95,1.01,1.10,1.22,1.44,1.86,2.15,2.69,7.98,48.87,93.42,97.41,102.46,24.74,6584.73,484.05,642.73,
Left Percent:
50000.00,21.54,21.21,16.86,15.83,15.25,14.81,14.97,15.03,16.03,13.59,7.95,8.52,8.48,8.53,8.80,8.90,9.01,9.01,8.85,8.14,7.30,6.70,5.98,5.30,4.99,4.70,4.40,4.04,3.65,3.16,2.89,2.30,2.49,2.36,2.31,2.28,2.28,2.28,2.31,2.34,2.43,2.51,2.54,2.57,2.59,2.71,2.93,3.15,3.37,3.61,3.30,3.35,3.66,4.94,7.74,15.97,28.21,57.16,370.67,367.30,348.34,413.65,
Right Percent:
50000.00,28.97,26.43,23.49,23.56,23.79,24.21,24.48,25.19,25.05,27.71,26.84,26.28,26.25,25.77,24.38,23.63,23.97,24.54,23.74,20.82,19.14,18.04,15.65,14.01,13.49,12.63,11.61,10.69,9.17,8.07,7.46,6.56,6.20,6.02,5.77,5.67,5.64,5.64,5.51,5.54,5.65,5.91,6.01,6.16,6.37,6.89,8.61,10.64,13.75,16.24,103.43,85.24,69.21,35.81,33.91,27.47,29.69,32.32,28.33,24.48,23.88,26.63,
