Left Percent:
50000.00,20.64,15.91,15.22,14.53,11.24,11.03,11.37,11.41,11.50,10.50,7.59,6.72,6.48,6.00,5.68,5.43,5.25,5.06,4.80,4.59,4.38,4.16,3.83,3.55,3.26,3.00,2.72,2.43,2.22,1.90,1.70,1.57,1.46,1.36,1.32,1.30,1.27,1.27,1.32,1.32,1.35,1.37,1.47,1.55,1.61,1.67,1.75,1.88,2.09,2.47,3.22,3.67,4.67,7.26,29.53,77.73,48.75,42.60,21.81,64.03,68.33,82.71,
Right Percent:
50000.00,49.09,36.03,37.18,35.55,25.95,25.96,27.83,28.15,29.08,27.84,19.09,17.13,14.92,13.64,12.49,11.84,11.25,10.75,10.22,9.89,9.46,9.26,8.89,8.41,8.00,7.68,7.20,6.73,6.32,5.88,5.21,4.86,4.10,4.48,4.58,4.48,4.37,4.38,4.77,4.73,4.90,5.00,5.82,6.30,6.90,7.04,6.65,6.06,5.70,5.57,5.19,4.98,4.16,3.79,3.82,3.15,2.37,1.98,2.25,2.12,2.32,2.85,
Left Percent:
50000.00,15.26,12.85,12.23,11.91,11.71,9.67,9.72,9.96,9.76,8.89,7.63,6.75,6.35,6.29,6.02,5.77,5.51,5.29,5.05,4.81,4.65,4.39,3.93,3.72,3.48,3.21,2.92,2.65,2.41,2.18,2.00,1.85,1.74,1.64,1.62,1.57,1.54,1.54,1.54,1.56,1.58,1.63,1.69,1.75,1.80,1.89,2.04,2.28,2.60,3.06,4.84,5.58,7.94,8.82,9.81,39.93,61.09,100.83,29.71,410.83,421.44,477.02,
Right Percent:
50000.00,13.87,10.92,9.95,9.51,9.27,7.77,7.66,7.78,7.67,6.78,5.42,4.82,4.52,4.42,4.21,4.01,3.83,3.67,3.49,3.32,3.19,3.01,2.72,2.55,2.39,2.22,2.03,1.85,1.69,1.54,1.41,1.31,1.22,1.16,1.15,1.13,1.11,1.11,1.12,1.14,1.15,1.20,1.24,1.30,1.35,1.42,1.53,1.71,1.97,2.40,3.90,5.70,13.93,14.77,33.65,28.99,28.50,29.14,20.67,13.38,12.07,13.63,
Left Percent:
50000.00,23.17,20.54,18.73,17.83,17.50,18.53,19.22,20.19,21.27,18.86,18.15,20.61,22.61,24.14,26.35,28.12,31.56,32.32,34.01,33.72,32.31,20.17,18.64,14.51,12.89,10.96,9.54,8.39,7.15,5.85,5.05,4.34,4.28,3.91,3.70,3.59,3.50,3.47,3.52,3.37,3.34,3.36,3.32,3.41,3.87,4.05,4.47,5.24,6.49,8.77,13.54,39.03,166.48,178.86,130.04,93.81,56.97,50.90,69.56,61.81,76.20,87.15,
Right Percent:
50000.00,53.91,46.91,43.72,35.99,33.33,30.19,29.35,29.03,29.26,36.65,19.91,18.40,16.71,15.17,14.55,13.94,13.61,13.30,13.17,13.02,12.97,11.18,10.69,10.07,9.40,8.54,8.02,7.42,6.86,6.32,5.66,4.74,5.27,5.38,5.59,5.78,6.01,6.26,6.45,6.92,7.22,7.40,7.58,7.80,8.02,8.51,8.28,7.68,7.97,9.59,10.87,11.00,7.44,7.38,5.98,4.91,3.80,3.25,3.57,5.33,4.66,5.42,
Left Percent:
50000.00,24.11,19.29,18.71,15.26,14.59,14.96,15.34,15.85,16.54,13.92,10.57,10.26,10.06,9.95,9.92,10.04,9.97,9.80,9.43,8.99,8.42,7.64,6.46,5.79,5.33,4.63,3.93,3.56,3.17,2.87,2.56,1.92,2.08,2.02,1.93,1.88,1.87,1.83,1.82,1.80,1.82,1.83,1.88,2.04,2.07,2.20,2.40,2.72,3.12,3.64,4.54,7.29,15.48,36.41,192.09,142.77,82.26,75.94,140.87,118.53,125.94,156.72,
Right Percent:
50000.00,63.76,57.73,46.05,35.63,32.65,30.79,30.24,30.09,30.62,40.76,22.82,21.03,20.14,19.60,19.94,21.40,22.01,21.71,22.06,21.67,22.19,21.96,20.28,17.38,17.11,15.28,12.18,10.83,9.35,8.34,7.50,5.37,6.41,6.40,6.43,6.65,6.85,7.11,7.37,7.75,8.03,8.36,8.57,9.27,10.01,10.16,10.65,12.69,13.25,13.21,9.88,12.06,14.41,14.14,12.64,9.30,6.37,4.77,3.62,3.46,3.60,4.24,
Left Percent:
50000.00,13.16,11.53,10.93,10.50,8.79,8.50,8.60,8.68,8.96,8.38,6.32,5.76,5.64,5.61,5.43,5.11,5.00,4.83,4.36,4.16,3.99,3.79,3.56,3.33,3.10,2.89,2.66,2.38,2.20,1.99,1.83,1.68,1.75,1.36,1.32,1.30,1.28,1.27,1.33,1.43,1.45,1.47,1.52,1.57,1.62,1.71,1.83,1.98,2.28,2.56,3.27,3.65,4.37,6.20,11.70,74.58,64.33,59.79,23.73,87.63,98.89,117.79,
Right Percent:
50000.00,30.64,23.92,22.53,21.46,16.91,16.20,16.61,16.68,17.33,15.13,11.84,10.51,10.42,10.27,9.93,9.29,8.97,8.64,7.69,7.36,7.08,6.64,6.22,5.83,5.39,4.98,4.54,3.97,3.70,3.27,2.98,2.72,2.37,2.16,2.13,2.09,2.06,2.05,2.13,2.32,2.34,2.38,2.48,2.59,2.74,2.96,3.30,3.82,4.88,6.40,10.53,6.83,4.99,5.32,7.50,6.72,5.23,4.24,3.85,3.28,3.49,4.11,
Left Percent:
50000.00,25.74,21.17,20.88,16.40,16.60,16.70,17.34,17.75,18.55,15.55,13.78,11.91,12.69,12.62,12.93,12.54,12.73,12.63,12.13,12.13,11.35,10.56,9.52,8.68,6.81,6.37,5.50,4.82,4.05,3.61,3.30,3.31,2.50,2.42,2.33,2.28,2.18,2.18,2.19,2.28,2.35,2.45,2.50,2.60,2.67,3.00,3.22,3.77,4.88,5.12,9.38,25.08,20.75,15.73,84.19,80.22,51.40,44.45,60.16,63.72,66.92,76.47,
Right Percent:
50000.00,30.05,24.23,22.74,18.49,18.02,17.85,18.13,18.34,18.88,17.56,14.31,13.02,13.66,13.57,13.72,13.55,13.32,12.59,12.16,11.65,11.20,10.71,10.09,9.37,8.51,7.92,6.98,6.14,5.25,4.70,4.30,4.07,3.37,3.31,3.22,3.19,3.09,3.14,3.18,3.32,3.43,3.64,3.78,3.98,4.18,4.77,5.25,6.36,6.52,6.95,5.53,4.42,3.69,3.61,2.93,2.70,2.28,1.91,2.07,2.42,2.53,2.85,
Left Percent:
50000.00,14.53,11.72,10.68,10.22,9.83,8.46,8.27,8.32,8.16,7.32,5.74,5.12,4.74,4.50,4.25,4.02,3.82,3.64,3.45,3.24,3.09,2.89,2.69,2.51,2.34,2.15,1.97,1.79,1.64,1.47,1.37,1.29,1.21,1.04,1.10,1.10,1.09,1.07,1.08,1.10,1.11,1.13,1.15,1.18,1.28,1.35,1.43,1.58,1.79,1.99,2.56,2.99,3.80,8.68,43.55,168.45,98.34,96.47,20.33,421.17,414.56,475.45,
Right Percent:
50000.00,14.86,11.49,10.28,9.77,9.38,8.17,7.89,7.92,7.79,6.79,5.25,4.70,4.37,4.16,3.93,3.72,3.54,3.37,3.19,2.99,2.85,2.67,2.48,2.32,2.16,1.99,1.82,1.65,1.52,1.36,1.26,1.19,1.12,0.96,1.02,1.02,1.01,0.99,1.01,1.03,1.04,1.06,1.08,1.11,1.21,1.29,1.38,1.54,1.78,2.06,2.87,3.68,5.54,28.42,23.82,17.64,15.23,12.16,9.60,7.88,8.29,9.62,
Left Percent:
50000.00,14.50,13.57,13.44,14.70,14.80,15.39,15.73,16.21,16.08,15.46,16.46,17.57,19.51,20.94,20.70,19.49,18.48,17.58,17.25,16.67,14.85,13.17,11.67,11.08,9.97,9.05,8.66,7.84,7.34,6.76,5.96,4.67,5.30,5.32,5.31,5.36,5.44,5.54,5.67,5.91,6.15,6.32,6.33,6.46,6.73,7.52,7.59,7.78,8.44,9.78,5.25,4.70,5.29,6.59,9.78,20.17,40.40,67.36,19.27,106.43,111.38,132.97,
Right Percent:
50000.00,14.67,13.01,11.85,11.80,11.71,12.01,12.11,12.33,12.51,11.80,12.35,12.63,13.45,13.50,13.92,14.45,14.85,14.96,15.22,14.99,14.92,12.98,12.55,11.29,10.87,9.70,8.72,8.24,7.45,6.50,5.65,4.54,4.96,4.71,4.60,4.55,4.57,4.64,4.77,4.68,4.74,4.76,4.84,5.05,5.77,6.32,7.09,8.85,11.07,10.39,5.55,4.68,4.83,6.00,5.70,5.35,4.42,3.83,4.78,3.34,3.48,4.13,
Left Percent:
50000.00,39.70,37.57,30.32,23.13,21.81,20.48,20.52,21.25,22.08,20.06,13.76,14.33,14.45,14.43,14.93,15.22,15.46,15.41,15.44,15.20,12.33,11.37,10.39,8.81,7.63,7.01,6.47,5.82,5.19,4.57,4.12,3.11,3.71,3.61,3.65,3.68,3.73,3.78,3.90,3.89,4.13,4.22,4.17,4.21,4.29,4.57,4.96,4.97,5.14,5.48,5.67,6.00,7.53,9.33,22.00,73.70,93.26,89.81,220.86,203.45,189.82,223.55,
Right Percent:
50000.00,59.87,51.54,40.14,29.32,27.05,24.83,24.16,24.06,24.21,30.11,17.33,17.76,17.63,17.23,17.68,18.28,19.18,19.95,21.58,22.92,18.25,17.86,18.35,15.86,14.03,13.36,12.29,11.25,9.48,7.67,6.68,5.00,5.64,5.54,5.57,5.69,5.89,6.19,6.33,6.54,7.22,7.70,7.73,8.01,8.38,10.32,11.62,12.81,13.43,17.78,14.76,13.07,13.66,15.61,16.22,11.28,7.84,6.28,6.04,7.00,6.81,7.70,
Left Percent:
50000.00,36.94,31.08,31.32,23.79,24.40,23.00,22.53,22.67,23.08,25.52,13.97,13.64,12.12,11.72,11.02,11.01,10.45,10.17,9.69,9.38,9.14,8.72,8.17,7.65,7.26,6.94,6.31,5.79,5.49,5.06,4.61,4.30,3.79,4.14,4.29,4.33,4.30,4.45,4.58,4.81,4.99,5.04,5.20,5.75,5.79,6.13,6.22,6.00,6.15,6.64,4.66,5.62,6.89,7.94,11.61,18.68,25.49,39.70,24.56,185.76,196.29,233.01,
Right Percent:
50000.00,34.07,25.24,24.38,19.01,18.84,18.69,19.05,19.11,19.38,14.96,12.59,11.15,11.24,10.90,10.72,10.24,9.84,9.49,8.96,8.41,7.92,7.33,6.73,6.22,5.66,5.14,4.41,4.00,3.64,3.26,2.92,2.73,2.68,2.48,2.38,2.32,2.30,2.28,2.29,2.28,2.28,2.35,2.50,2.56,2.77,3.11,3.42,4.05,5.07,7.19,12.74,8.15,6.69,6.30,7.22,6.79,6.24,5.30,5.69,4.25,4.55,5.38,
Left Percent:
50000.00,19.16,14.82,13.32,12.75,12.24,11.26,10.02,10.08,9.91,8.93,6.84,6.17,5.70,5.39,5.08,4.84,4.65,4.43,4.21,3.98,3.73,3.49,3.21,3.00,2.80,2.56,2.34,2.12,1.93,1.75,1.58,1.47,1.39,1.33,1.29,1.25,1.24,1.25,1.26,1.24,1.26,1.28,1.38,1.41,1.46,1.54,1.64,1.80,2.03,2.25,2.56,2.82,3.31,6.04,15.12,54.58,101.24,99.43,21.98,9224.43,2693.86,2240.60,
Right Percent:
50000.00,21.91,14.95,12.88,12.15,11.60,10.69,9.44,9.46,9.32,8.74,6.51,5.85,5.31,4.92,4.61,4.38,4.18,3.95,3.71,3.49,3.24,3.01,2.78,2.59,2.40,2.21,2.03,1.85,1.71,1.56,1.43,1.34,1.27,1.21,1.16,1.14,1.12,1.13,1.13,1.12,1.13,1.15,1.21,1.25,1.29,1.36,1.44,1.58,1.79,2.06,2.47,2.82,3.39,9.67,144.31,164.13,101.50,99.72,22.01,9132.67,2660.57,2215.10,
Left Percent:
50000.00,12.84,10.82,10.73,10.43,9.00,8.90,9.04,8.98,9.00,8.32,7.46,6.74,6.62,6.22,5.97,5.76,5.55,5.41,5.21,4.97,4.80,4.59,4.36,4.10,3.82,3.57,3.29,2.99,2.77,2.39,2.17,2.01,2.01,1.76,1.72,1.69,1.65,1.66,1.73,1.73,1.74,1.76,1.87,1.98,2.05,2.13,2.25,2.45,2.74,3.15,5.17,6.54,10.10,13.55,13.37,59.67,108.03,104.89,25.17,7065.04,5526.60,2721.93,
Right Percent:
50000.00,9.27,7.12,6.58,6.23,5.20,5.02,5.04,5.02,5.05,4.82,3.78,3.45,3.38,3.21,3.07,2.96,2.87,2.78,2.70,2.57,2.50,2.39,2.28,2.14,1.99,1.86,1.70,1.53,1.42,1.21,1.08,0.99,0.92,0.86,0.85,0.83,0.82,0.83,0.87,0.88,0.89,0.91,0.97,1.05,1.11,1.16,1.23,1.34,1.52,1.76,2.98,4.13,7.37,64.43,106.07,92.34,108.67,105.44,25.13,6588.89,5224.01,2713.51,
Left Percent:
50000.00,29.39,23.79,16.74,13.76,11.64,11.14,11.05,11.21,11.60,11.46,7.01,6.63,6.81,6.82,6.86,7.11,7.09,7.05,7.00,6.85,6.42,6.18,5.52,4.99,4.01,3.62,3.16,2.73,2.33,2.08,1.88,1.72,1.52,1.49,1.45,1.45,1.45,1.46,1.48,1.51,1.55,1.59,1.66,1.77,1.84,1.94,2.03,2.16,2.53,2.73,3.03,4.02,5.74,7.60,19.90,50.35,56.00,70.78,120.74,91.90,173.93,199.68,
Right Percent:
50000.00,59.69,36.10,33.66,25.11,24.60,24.33,24.47,24.68,25.23,21.47,16.60,14.86,14.53,13.89,13.30,13.09,12.54,12.09,11.60,10.80,10.18,9.11,8.34,7.62,6.69,6.21,5.58,5.04,4.47,4.14,3.81,3.51,3.32,3.11,2.98,2.94,2.91,2.87,2.87,2.84,2.86,2.94,3.17,3.27,3.44,3.76,4.27,4.98,6.68,9.73,9.55,6.04,6.26,5.98,6.77,5.37,4.17,3.57,3.55,5.03,4.57,5.27,
Left Percent:
50000.00,21.03,16.04,15.26,14.53,11.26,11.10,11.45,11.56,11.78,10.76,7.91,6.93,6.53,6.34,6.07,5.74,5.54,5.44,5.13,4.88,4.69,4.44,4.11,3.77,3.46,3.19,2.86,2.50,2.12,1.92,1.76,1.63,1.45,1.37,1.32,1.30,1.27,1.25,1.29,1.36,1.36,1.40,1.45,1.60,1.63,1.71,1.81,1.98,2.24,2.47,3.75,4.57,6.21,9.42,176.25,107.09,68.08,62.85,106.80,131.59,138.13,164.20,
Right Percent:
50000.00,38.63,28.28,26.87,25.27,19.62,19.11,19.70,19.66,20.03,17.97,14.07,12.53,12.02,11.54,10.98,10.27,9.73,9.38,8.76,8.19,7.71,7.15,6.51,5.92,5.39,4.92,4.40,3.85,3.28,2.96,2.71,2.50,2.32,2.16,2.06,2.01,1.97,1.94,1.99,2.09,2.07,2.12,2.23,2.48,2.55,2.76,3.03,3.55,4.41,5.98,22.41,10.18,14.17,12.86,14.78,11.25,9.09,7.80,7.68,8.10,8.40,9.91,
Left Percent:
50000.00,18.58,15.22,14.15,13.45,11.13,10.86,10.98,11.04,11.21,10.54,7.51,6.79,6.52,6.06,5.76,5.51,5.29,5.10,4.87,4.63,4.43,4.17,3.92,3.65,3.37,3.13,2.86,2.59,2.39,2.09,1.85,1.72,1.55,1.49,1.45,1.43,1.39,1.42,1.46,1.47,1.49,1.53,1.64,1.72,1.79,1.85,1.94,2.08,2.31,2.70,3.42,3.87,4.25,5.52,10.13,38.93,105.41,103.33,678.38,742.53,797.72,861.46,
Right Percent:
50000.00,33.98,26.18,24.25,22.69,17.94,17.31,17.62,17.60,17.77,15.02,11.14,9.82,9.42,8.58,8.10,7.63,7.22,6.88,6.48,6.04,5.74,5.36,4.97,4.60,4.20,3.86,3.52,3.15,2.91,2.53,2.26,2.08,2.00,1.81,1.77,1.74,1.69,1.72,1.76,1.75,1.78,1.82,1.95,2.06,2.16,2.28,2.44,2.72,3.19,4.13,10.94,42.04,76.22,39.03,43.41,39.30,45.29,59.68,76.05,61.00,55.97,60.48,
Left Percent:
50000.00,16.82,14.32,13.15,12.94,11.03,10.60,10.26,10.20,10.30,9.38,6.69,6.17,5.70,5.37,5.09,4.85,4.63,4.41,4.20,3.97,3.76,3.53,3.32,3.10,2.87,2.62,2.42,2.23,2.06,1.89,1.75,1.63,1.53,1.29,1.40,1.40,1.39,1.39,1.37,1.39,1.42,1.46,1.49,1.53,1.58,1.64,1.73,1.87,2.13,2.41,2.54,2.66,2.86,4.42,5.84,6.21,4.78,4.15,9.00,12.66,24.20,52.58,
Right Percent:
50000.00,13.52,9.49,8.28,7.84,6.45,6.09,5.96,5.94,6.06,5.45,4.04,3.74,3.56,3.39,3.21,3.09,2.96,2.84,2.72,2.58,2.46,2.32,2.18,2.04,1.88,1.70,1.56,1.42,1.30,1.18,1.09,1.01,0.94,0.82,0.86,0.86,0.86,0.86,0.84,0.86,0.89,0.91,0.94,0.97,1.02,1.07,1.15,1.27,1.52,1.76,2.36,2.85,3.92,17.11,60.64,91.72,79.73,78.68,23.04,294.78,664.68,2056.18,
Left Percent:
50000.00,24.14,16.22,13.99,13.32,10.82,10.11,9.85,9.81,10.00,9.01,6.29,5.75,5.35,5.04,4.75,4.53,4.34,4.10,3.88,3.66,3.32,3.12,2.91,2.71,2.53,2.36,2.17,1.99,1.83,1.69,1.56,1.44,1.34,1.18,1.15,1.13,1.12,1.11,1.13,1.21,1.23,1.25,1.29,1.32,1.39,1.45,1.53,1.64,1.79,2.11,2.36,2.53,2.79,4.13,6.20,5.18,4.17,3.95,5.67,8.56,9.78,11.36,
Right Percent:
50000.00,22.78,15.75,14.00,13.38,10.42,9.89,9.82,9.79,10.09,8.87,6.49,5.95,5.78,5.48,5.16,4.97,4.80,4.59,4.35,4.11,3.69,3.47,3.22,2.98,2.77,2.56,2.34,2.11,1.94,1.75,1.57,1.42,1.32,1.18,1.11,1.10,1.09,1.07,1.09,1.16,1.19,1.21,1.25,1.31,1.38,1.47,1.58,1.80,2.06,2.64,3.81,4.96,9.39,57.34,66.37,72.27,91.44,90.08,237.74,267.00,337.46,421.97,
Left Percent:
50000.00,23.93,17.03,14.81,14.20,13.46,11.25,10.93,11.02,10.87,9.75,6.82,6.25,5.67,5.26,4.96,4.68,4.44,4.22,3.99,3.75,3.53,3.33,3.10,2.87,2.66,2.46,2.25,2.06,1.89,1.71,1.58,1.46,1.38,1.31,1.26,1.23,1.23,1.24,1.25,1.25,1.27,1.29,1.32,1.35,1.40,1.50,1.59,1.72,1.90,2.08,2.20,2.30,2.41,3.67,5.58,8.26,4.70,3.80,3.44,5.04,5.84,6.88,
Right Percent:
50000.00,23.79,17.85,16.25,15.76,15.05,12.28,12.30,12.54,12.35,11.55,8.96,8.39,8.06,7.76,7.27,7.01,6.74,6.53,6.28,5.98,5.77,5.46,5.14,4.82,4.48,4.06,3.68,3.28,2.95,2.60,2.39,2.17,2.05,1.95,1.91,1.83,1.82,1.85,1.88,1.89,1.94,2.00,2.06,2.12,2.21,2.50,2.76,3.18,3.84,4.65,3.52,3.12,2.85,3.05,2.52,2.23,1.79,1.51,1.98,1.69,1.88,2.31,
Left Percent:
50000.00,14.82,11.32,10.27,9.74,8.34,8.03,7.93,7.94,8.00,7.44,5.52,5.14,4.85,4.66,4.48,4.22,3.92,3.66,3.43,3.21,3.00,2.82,2.63,2.44,2.28,2.14,1.98,1.85,1.72,1.61,1.50,1.40,1.30,1.21,1.21,1.19,1.18,1.17,1.18,1.19,1.21,1.26,1.32,1.37,1.43,1.47,1.54,1.61,1.67,1.85,2.35,2.43,2.60,3.87,5.22,4.71,3.59,3.68,12.92,11.67,21.02,34.75,
Right Percent:
50000.00,9.90,7.11,6.47,6.11,5.13,4.95,4.91,4.92,4.94,4.60,3.57,3.33,3.22,3.11,3.00,2.88,2.69,2.59,2.49,2.38,2.29,2.18,2.05,1.94,1.81,1.69,1.55,1.42,1.30,1.20,1.10,0.99,0.90,0.84,0.83,0.81,0.81,0.81,0.81,0.82,0.84,0.88,0.95,0.98,1.02,1.08,1.16,1.27,1.39,1.59,2.35,2.77,3.67,9.51,47.15,70.28,74.52,76.20,25.26,204.09,391.95,768.10,
Left Percent:
50000.00,15.50,11.38,10.12,9.43,8.06,7.63,7.41,7.28,7.21,6.43,4.72,4.16,3.75,3.47,3.28,3.06,2.88,2.68,2.52,2.37,2.23,2.10,1.96,1.83,1.71,1.61,1.49,1.38,1.28,1.20,1.12,1.04,0.95,0.90,0.89,0.88,0.87,0.88,0.89,0.89,0.90,0.92,0.97,1.00,1.04,1.07,1.12,1.18,1.26,1.39,1.81,1.98,2.17,3.51,4.04,5.06,4.24,4.61,23.20,23.67,68.36,179.03,
Right Percent:
50000.00,7.94,5.71,5.21,4.94,4.17,4.02,3.99,3.99,4.02,3.73,2.92,2.74,2.64,2.54,2.45,2.35,2.24,2.12,2.04,1.95,1.87,1.78,1.68,1.58,1.48,1.39,1.27,1.16,1.08,0.99,0.91,0.84,0.74,0.70,0.68,0.67,0.67,0.67,0.67,0.68,0.69,0.74,0.79,0.81,0.84,0.89,0.96,1.04,1.14,1.30,1.89,2.16,2.71,8.24,39.35,52.72,73.44,75.28,23.63,350.57,1166.19,2625.65,
Left Percent:
50000.00,16.88,13.27,11.88,11.58,9.48,9.22,9.06,9.16,9.39,8.69,6.38,5.90,5.68,5.48,5.19,5.04,4.87,4.70,4.48,4.22,3.92,3.65,3.40,3.18,2.98,2.76,2.54,2.30,2.10,1.92,1.76,1.63,1.51,1.30,1.27,1.25,1.23,1.28,1.34,1.35,1.38,1.41,1.44,1.50,1.56,1.63,1.73,1.92,2.16,2.47,2.72,2.89,3.34,5.10,4.58,7.13,8.00,9.82,23.59,52.73,95.70,105.23,
Right Percent:
50000.00,16.01,12.01,10.84,10.45,8.69,8.42,8.31,8.31,8.48,7.62,5.87,5.39,5.16,4.91,4.64,4.48,4.29,4.12,3.92,3.72,3.55,3.22,3.01,2.84,2.66,2.48,2.29,2.09,1.92,1.77,1.63,1.52,1.41,1.26,1.20,1.18,1.17,1.23,1.27,1.29,1.32,1.34,1.37,1.43,1.50,1.57,1.67,1.84,2.05,2.41,3.25,3.87,5.22,22.44,93.86,164.80,104.58,100.57,23.64,2117.14,2265.17,2782.41,
Left Percent:
50000.00,15.49,12.34,11.45,10.98,9.44,9.21,9.14,8.95,8.79,7.84,5.84,5.09,4.58,4.22,3.98,3.71,3.46,3.25,3.06,2.88,2.70,2.55,2.39,2.23,2.08,1.95,1.81,1.68,1.56,1.46,1.36,1.24,1.17,1.11,1.08,1.07,1.07,1.08,1.09,1.10,1.10,1.12,1.18,1.22,1.27,1.31,1.36,1.44,1.52,1.68,2.24,2.49,2.77,4.51,5.06,5.41,5.51,5.07,21.74,20.52,65.76,157.99,
Right Percent:
50000.00,7.46,5.46,5.00,4.73,3.98,3.85,3.82,3.83,3.85,3.60,2.81,2.63,2.54,2.45,2.36,2.28,2.11,2.03,1.96,1.88,1.81,1.72,1.61,1.53,1.43,1.34,1.23,1.12,1.03,0.94,0.87,0.75,0.70,0.65,0.63,0.62,0.63,0.63,0.63,0.64,0.65,0.68,0.75,0.77,0.81,0.85,0.92,1.00,1.11,1.28,1.91,2.28,2.94,7.83,33.07,47.10,70.31,75.01,24.54,385.07,1617.65,2808.01,
Left Percent:
50000.00,17.44,13.79,12.71,12.09,10.38,9.99,9.86,9.86,9.93,9.13,6.69,5.86,5.27,4.87,4.59,4.26,3.98,3.73,3.49,3.27,3.07,2.89,2.69,2.51,2.34,2.19,2.03,1.90,1.76,1.65,1.54,1.41,1.33,1.26,1.24,1.22,1.21,1.23,1.25,1.26,1.26,1.28,1.34,1.39,1.44,1.48,1.52,1.62,1.73,1.92,2.56,2.90,3.16,4.58,5.19,4.79,3.83,4.03,20.58,19.43,52.72,167.23,
Right Percent:
50000.00,8.06,5.99,5.53,5.26,4.51,4.35,4.31,4.32,4.35,4.02,3.17,2.97,2.86,2.77,2.67,2.57,2.39,2.31,2.22,2.12,2.04,1.93,1.82,1.72,1.61,1.51,1.39,1.28,1.17,1.08,1.00,0.87,0.82,0.76,0.73,0.72,0.72,0.73,0.73,0.74,0.76,0.78,0.86,0.88,0.92,0.95,1.01,1.11,1.22,1.39,1.97,2.27,2.92,8.93,30.98,40.27,51.13,65.36,23.91,229.04,715.89,2529.23,
Left Percent:
50000.00,15.62,12.23,11.20,10.63,9.14,8.80,8.67,8.63,8.64,7.93,5.98,5.45,4.96,4.61,4.36,4.09,3.79,3.59,3.38,3.19,3.01,2.85,2.66,2.49,2.33,2.19,2.03,1.88,1.75,1.63,1.52,1.37,1.30,1.24,1.22,1.21,1.20,1.20,1.21,1.22,1.23,1.26,1.33,1.37,1.42,1.45,1.54,1.62,1.71,1.87,2.53,2.71,2.97,4.61,6.09,6.78,6.61,6.85,25.23,55.90,171.17,271.67,
Right Percent:
50000.00,6.76,5.01,4.61,4.37,3.70,3.59,3.55,3.56,3.58,3.32,2.61,2.44,2.36,2.28,2.20,2.12,1.97,1.90,1.83,1.75,1.68,1.59,1.50,1.42,1.32,1.24,1.14,1.04,0.96,0.88,0.81,0.70,0.66,0.62,0.61,0.60,0.60,0.60,0.60,0.61,0.61,0.64,0.70,0.72,0.75,0.78,0.86,0.92,1.02,1.15,1.67,1.97,2.60,8.97,41.64,65.61,81.53,85.39,25.84,1009.39,4369.34,2713.59,
Left Percent:
50000.00,25.16,19.17,18.56,18.02,13.57,13.60,14.12,14.45,15.12,12.95,12.01,10.45,11.08,11.31,11.21,11.28,11.23,11.65,11.11,10.51,10.00,9.42,8.32,7.58,6.79,5.91,4.82,3.99,3.47,3.00,2.73,2.40,2.08,2.00,1.91,1.82,1.80,1.80,1.79,1.80,1.81,1.91,2.05,2.04,2.17,2.53,2.66,2.97,3.52,3.91,5.48,4.49,3.32,4.03,3.49,3.60,2.61,2.20,3.49,2.60,3.50,6.12,
Right Percent:
50000.00,93.71,72.65,96.87,100.82,65.42,74.54,65.75,62.59,62.16,83.94,40.28,38.71,35.44,34.90,34.81,36.84,40.54,50.52,55.66,56.18,50.90,45.47,40.26,35.93,32.30,29.05,25.25,18.96,15.85,13.54,12.25,11.17,8.14,9.85,10.12,10.22,10.59,10.92,11.31,11.63,11.75,11.90,12.22,12.68,12.93,14.02,15.00,17.60,22.59,29.88,32.05,22.19,15.79,12.95,12.14,10.54,8.34,7.04,7.27,4.62,5.12,6.51,
Left Percent:
50000.00,15.03,11.82,10.88,10.33,8.87,8.54,8.42,8.39,8.39,7.73,5.82,5.34,4.98,4.68,4.43,4.14,3.88,3.61,3.39,3.18,2.98,2.80,2.60,2.42,2.24,2.10,1.95,1.81,1.68,1.57,1.46,1.34,1.24,1.16,1.16,1.14,1.13,1.14,1.15,1.16,1.17,1.20,1.25,1.29,1.34,1.38,1.44,1.52,1.62,1.80,2.17,2.33,2.44,3.74,4.52,6.33,4.90,5.74,20.02,53.43,182.04,427.40,
Right Percent:
50000.00,8.00,5.87,5.40,5.15,4.32,4.19,4.16,4.17,4.20,3.97,3.12,2.92,2.86,2.77,2.66,2.58,2.41,2.30,2.23,2.13,2.06,1.96,1.84,1.75,1.63,1.53,1.40,1.27,1.17,1.07,0.98,0.86,0.79,0.74,0.73,0.72,0.70,0.71,0.71,0.72,0.74,0.79,0.85,0.87,0.91,0.98,1.06,1.16,1.28,1.47,2.25,2.66,3.37,8.71,47.73,61.68,77.76,82.47,23.47,1002.08,4443.61,2635.03,
Left Percent:
50000.00,12.90,9.78,10.30,22.61,20.19,21.26,21.01,20.80,20.18,19.17,17.55,18.05,18.05,17.61,17.53,17.75,17.50,17.29,16.81,16.31,20.99,19.13,17.41,16.46,15.16,14.02,12.70,11.90,11.01,10.17,9.20,8.17,8.44,8.22,8.15,8.05,7.98,8.12,8.11,8.00,8.06,8.25,8.31,8.35,9.43,10.13,10.92,12.34,13.92,14.72,20.02,24.97,3.71,4.49,6.35,12.15,18.86,36.68,682.57,19063.83,11680.95,7542.86,
Right Percent:
50000.00,8.44,7.31,6.54,6.35,6.10,6.15,6.23,6.17,5.93,5.63,3.77,3.26,2.89,2.59,2.40,2.29,2.15,2.02,1.90,1.80,3.82,3.46,3.10,2.91,2.66,2.44,2.19,2.02,1.85,1.69,1.50,1.34,1.31,1.28,1.26,1.25,1.25,1.27,1.28,1.27,1.29,1.31,1.34,1.38,1.51,1.60,1.73,1.91,2.18,2.59,3.79,5.21,13.83,108.27,95.48,107.98,104.05,104.24,698.74,19233.59,17556.56,9333.25,
Left Percent:
50000.00,22.80,18.11,16.83,16.42,15.91,12.78,12.37,13.01,12.70,11.03,9.48,8.41,8.09,8.11,7.51,7.33,6.98,6.75,6.48,6.15,5.75,5.23,4.83,4.52,4.17,3.71,3.28,2.87,2.54,2.24,1.98,1.85,1.72,1.64,1.51,1.52,1.53,1.48,1.51,1.53,1.52,1.57,1.57,1.61,1.77,1.90,2.07,2.40,2.86,3.03,3.07,2.67,2.45,3.22,3.82,3.68,2.64,2.19,3.31,2.52,3.72,7.09,
Right Percent:
50000.00,26.43,17.11,14.35,13.50,12.76,11.32,10.29,10.21,9.97,8.34,6.10,5.47,4.95,4.61,4.32,4.09,3.85,3.64,3.43,3.21,3.00,2.76,2.55,2.37,2.19,2.02,1.84,1.68,1.54,1.41,1.29,1.21,1.13,1.07,0.96,1.00,1.00,1.00,1.01,1.02,1.01,1.03,1.05,1.09,1.17,1.24,1.32,1.46,1.67,1.94,2.51,3.05,4.29,25.88,28.26,19.74,17.29,10.95,5.51,10.00,13.36,18.90,
Left Percent:
50000.00,25.37,19.77,18.34,17.27,13.27,12.91,13.11,13.22,13.55,11.97,9.40,8.27,8.21,7.96,7.60,7.47,7.21,7.06,6.75,6.42,6.12,5.71,5.27,4.87,4.44,4.02,3.62,2.97,2.66,2.34,2.05,1.95,1.76,1.69,1.62,1.58,1.57,1.58,1.58,1.59,1.62,1.73,1.75,1.88,2.04,2.10,2.25,2.46,2.87,3.15,4.74,6.78,12.62,16.68,237.04,191.92,104.70,97.89,1343.22,839.83,9703.93,7941.00,
Right Percent:
50000.00,22.21,15.72,14.34,13.31,10.46,10.03,10.08,10.09,10.30,9.09,7.07,6.28,6.27,6.03,5.75,5.62,5.42,5.29,5.05,4.82,4.62,4.33,4.02,3.85,3.56,3.25,2.94,2.43,2.21,1.95,1.71,1.59,1.48,1.44,1.38,1.36,1.36,1.38,1.38,1.39,1.41,1.52,1.56,1.69,1.88,1.98,2.14,2.36,2.79,3.08,7.34,19.76,181.47,219.39,244.23,197.14,107.42,100.47,1392.48,867.08,23636.09,12836.73,
Left Percent:
50000.00,27.64,22.88,20.52,20.08,16.38,15.71,15.53,15.88,16.16,14.81,10.68,10.08,9.65,9.22,8.70,8.44,8.12,7.79,7.40,7.04,6.67,6.02,5.66,5.29,4.93,4.62,4.25,3.87,3.52,3.25,2.98,2.74,2.54,2.12,2.17,2.13,2.11,2.09,2.12,2.22,2.36,2.41,2.47,2.53,2.62,2.74,2.88,3.08,3.36,3.72,3.66,3.11,2.67,3.31,3.51,3.44,2.67,2.35,3.93,2.66,4.05,6.73,
Right Percent:
50000.00,29.43,22.84,21.42,21.08,16.19,16.01,16.24,16.60,16.89,16.00,13.45,12.13,11.92,10.90,10.23,9.62,9.09,8.58,8.10,7.72,7.32,6.80,6.44,6.03,5.70,5.43,5.09,4.75,4.37,4.20,3.90,3.56,3.28,2.66,2.69,2.69,2.67,2.61,2.61,2.86,3.11,3.21,3.38,3.48,3.76,4.12,4.16,4.23,4.23,4.37,3.49,3.15,2.98,3.58,2.48,2.36,2.08,1.84,2.16,1.96,2.23,2.60,
Left Percent:
50000.00,6.44,6.03,5.82,5.58,5.51,5.59,5.66,5.73,5.84,5.61,5.30,5.57,5.79,5.99,6.17,6.44,6.63,6.51,6.43,6.24,5.98,5.71,5.08,4.74,4.41,4.13,3.72,3.45,3.19,2.96,2.73,2.80,2.33,2.27,2.21,2.18,2.17,2.16,2.16,2.14,2.16,2.18,2.22,2.35,2.41,2.50,2.66,2.90,3.18,3.57,3.78,4.16,5.42,6.65,11.87,24.98,24.37,20.03,20.38,21.84,22.78,26.01,
Right Percent:
50000.00,21.46,19.03,18.12,14.88,13.67,13.63,13.74,13.92,14.34,14.02,10.19,10.53,10.64,10.74,10.93,11.23,11.48,11.76,12.39,12.49,12.59,12.29,10.04,10.04,9.32,8.71,7.28,6.76,6.08,5.52,4.89,4.40,4.05,3.92,3.77,3.69,3.73,3.72,3.75,3.68,3.70,3.78,3.95,4.45,4.61,5.08,6.16,6.58,6.65,7.42,5.17,5.19,3.90,3.31,2.47,2.24,1.71,1.39,1.60,1.87,1.92,2.09,
Left Percent:
50000.00,18.97,16.84,17.56,17.36,13.21,13.85,14.24,14.34,15.26,13.50,10.45,9.20,9.08,8.57,8.14,7.76,7.51,6.81,6.50,6.16,5.86,5.50,5.09,4.73,4.31,3.96,3.57,3.20,2.94,2.64,2.40,2.19,2.00,1.78,1.74,1.69,1.67,1.65,1.66,1.68,1.79,1.87,1.90,1.95,2.01,2.15,2.27,2.50,2.82,3.18,4.64,6.32,12.83,42.28,203.49,165.61,97.85,81.03,115.86,10.37,97.25,144.29,
Right Percent:
50000.00,29.51,19.51,17.16,15.79,12.96,12.15,12.00,11.82,12.07,10.71,7.72,6.87,6.37,5.87,5.52,5.19,4.88,4.46,4.17,3.89,3.61,3.35,3.11,2.88,2.66,2.48,2.28,2.10,1.96,1.82,1.68,1.57,1.31,1.35,1.34,1.31,1.29,1.28,1.29,1.29,1.33,1.37,1.41,1.45,1.50,1.58,1.67,1.82,2.01,2.42,3.64,5.02,7.00,34.93,57.20,41.43,38.26,27.30,20.63,7.46,19.52,26.13,
Left Percent:
50000.00,12.36,9.89,9.13,8.81,7.53,7.34,7.31,7.36,7.48,7.06,5.36,5.09,4.92,4.60,4.35,4.10,3.86,3.59,3.40,3.20,3.02,2.85,2.66,2.49,2.33,2.18,2.03,1.88,1.76,1.63,1.53,1.42,1.31,1.25,1.24,1.22,1.20,1.21,1.21,1.23,1.24,1.30,1.33,1.37,1.41,1.47,1.53,1.62,1.72,1.88,2.37,2.53,2.75,4.14,5.83,7.53,8.54,12.86,23.38,6860.55,4081.56,2784.98,
Right Percent:
50000.00,9.32,7.12,6.57,6.31,5.41,5.25,5.22,5.22,5.27,4.87,3.88,3.63,3.53,3.40,3.27,3.16,3.03,2.84,2.74,2.62,2.52,2.40,2.26,2.14,2.00,1.87,1.72,1.58,1.46,1.34,1.23,1.12,1.01,0.95,0.93,0.92,0.91,0.91,0.91,0.92,0.95,1.03,1.06,1.09,1.13,1.21,1.28,1.39,1.52,1.71,2.44,2.82,3.67,8.23,46.08,54.79,92.42,102.46,23.49,6514.18,3996.71,2707.58,
Left Percent:
50000.00,13.81,10.91,10.07,9.65,8.32,8.05,7.99,8.00,8.05,7.54,5.78,5.38,5.05,4.69,4.43,4.14,3.86,3.64,3.44,3.24,3.05,2.86,2.69,2.52,2.35,2.21,2.05,1.90,1.77,1.66,1.54,1.40,1.32,1.26,1.24,1.23,1.21,1.22,1.24,1.24,1.25,1.28,1.35,1.39,1.44,1.49,1.56,1.65,1.74,1.91,2.58,2.73,2.99,4.53,5.77,6.60,6.06,7.57,21.41,237.76,4370.94,2553.91,
Right Percent:
50000.00,7.75,5.74,5.28,5.05,4.32,4.17,4.14,4.15,4.17,3.87,3.07,2.87,2.78,2.68,2.59,2.50,2.33,2.24,2.16,2.07,1.99,1.89,1.78,1.69,1.58,1.48,1.36,1.25,1.15,1.06,0.97,0.85,0.80,0.74,0.73,0.72,0.71,0.72,0.72,0.72,0.74,0.77,0.84,0.86,0.89,0.94,1.02,1.10,1.20,1.36,1.98,2.31,3.03,10.77,34.96,57.18,86.81,92.55,20.97,5315.44,4438.61,2652.56,
Left Percent:
50000.00,23.21,21.73,18.26,14.84,13.59,13.49,13.58,14.10,14.84,13.43,8.01,7.46,6.90,6.56,6.45,6.29,6.19,5.98,5.77,5.55,5.27,4.97,4.68,4.34,4.05,3.79,3.22,2.90,2.67,2.41,2.21,2.00,1.72,1.74,1.69,1.65,1.66,1.69,1.69,1.73,1.76,1.80,1.88,2.00,2.09,2.29,2.46,2.61,2.85,3.19,3.19,3.52,3.84,5.05,8.45,16.28,32.11,84.04,447.35,2675.37,8220.70,2275.54,
Right Percent:
50000.00,23.17,18.24,16.47,14.35,13.30,13.08,12.95,12.93,12.95,10.55,7.78,6.91,6.37,6.06,5.74,5.52,5.23,4.96,4.70,4.44,4.17,3.90,3.65,3.39,3.16,2.95,2.61,2.39,2.22,2.06,1.90,1.76,1.50,1.57,1.55,1.52,1.52,1.52,1.53,1.55,1.56,1.57,1.63,1.72,1.79,1.95,2.07,2.21,2.43,2.81,4.00,5.36,7.22,15.84,27.18,29.13,53.26,105.04,117.45,2115.33,6613.44,48.53,
Left Percent:
50000.00,13.35,10.61,9.78,9.53,8.04,7.95,7.90,7.99,8.22,7.35,5.69,5.22,4.88,4.57,4.33,4.14,3.95,3.75,3.55,3.37,3.17,2.92,2.74,2.57,2.41,2.25,2.09,1.93,1.79,1.65,1.53,1.43,1.34,1.19,1.17,1.16,1.15,1.14,1.19,1.22,1.24,1.26,1.29,1.33,1.38,1.44,1.51,1.63,1.76,2.06,2.46,2.62,2.78,4.26,9.47,13.70,13.00,26.74,25.91,6797.59,3895.78,2597.41,
Right Percent:
50000.00,10.00,7.18,6.48,6.21,5.22,5.01,4.96,4.94,5.06,4.59,3.54,3.32,3.20,3.04,2.89,2.79,2.69,2.58,2.46,2.35,2.23,2.04,1.93,1.82,1.71,1.60,1.48,1.35,1.24,1.14,1.05,0.97,0.91,0.78,0.78,0.77,0.76,0.76,0.80,0.83,0.84,0.87,0.89,0.93,0.97,1.02,1.09,1.20,1.32,1.59,2.06,2.41,3.05,9.32,51.85,85.11,95.35,104.94,26.49,6849.04,462.67,518.26,
Left Percent:
50000.00,12.57,9.90,9.11,8.86,7.51,7.40,7.34,7.40,7.60,7.05,5.38,5.08,4.80,4.55,4.33,4.16,4.00,3.82,3.62,3.40,3.20,2.97,2.77,2.59,2.43,2.28,2.12,1.97,1.82,1.68,1.56,1.45,1.35,1.17,1.17,1.16,1.14,1.13,1.19,1.23,1.25,1.27,1.30,1.34,1.40,1.46,1.53,1.67,1.80,2.01,2.38,2.45,2.64,4.09,9.16,12.36,16.82,29.08,24.36,6940.35,4433.10,2319.75,
Right Percent:
50000.00,9.98,7.00,6.29,6.03,5.10,4.90,4.85,4.83,4.91,4.46,3.46,3.25,3.11,2.96,2.82,2.72,2.63,2.52,2.40,2.29,2.18,1.99,1.88,1.77,1.67,1.56,1.44,1.32,1.21,1.12,1.03,0.95,0.89,0.76,0.77,0.76,0.75,0.74,0.79,0.82,0.83,0.85,0.87,0.91,0.95,1.00,1.06,1.18,1.29,1.52,1.98,2.29,2.87,8.38,49.84,66.60,96.79,105.17,24.91,2568.89,429.75,484.23,
Left Percent:
50000.00,11.99,9.46,8.72,8.44,7.25,7.03,6.96,6.95,7.09,34.26,29.20,29.78,28.93,28.12,28.09,27.69,27.35,26.72,26.08,34.86,8.50,7.65,6.69,6.00,5.50,4.86,4.62,4.14,13.21,3.33,1.21,0.95,0.85,4.74,0.64,0.75,4.25,0.59,0.76,4.74,0.72,0.80,6.37,0.92,0.98,9.18,1.27,1.20,1.29,1.47,1.99,2.49,2.64,3.24,5.65,9.54,12.95,26.21,24.25,7269.08,4596.19,2424.19,
Right Percent:
50000.00,9.12,6.64,6.01,5.78,4.81,4.64,4.60,4.59,4.71,7.42,5.90,5.94,5.72,5.51,5.47,5.37,5.28,5.10,4.93,5.51,1.63,1.54,1.41,1.29,1.21,1.10,1.02,0.91,2.62,1.21,0.89,0.59,0.67,1.45,0.57,0.59,1.36,0.57,0.60,1.45,0.59,0.64,1.79,0.64,0.79,2.32,1.02,0.77,0.85,4.16,5.48,6.70,8.65,11.94,23.56,75.52,91.92,101.12,24.27,6937.40,440.59,468.78,
Left Percent:
50000.00,20.31,16.03,14.05,13.61,13.50,13.07,10.10,10.67,10.63,9.41,6.75,6.36,5.90,5.55,5.14,4.80,4.86,4.56,4.29,4.01,3.74,3.48,3.24,3.03,2.81,2.57,2.32,2.08,1.88,1.68,1.53,1.38,1.29,1.21,1.15,1.05,1.08,1.09,1.11,1.12,1.12,1.13,1.14,1.14,1.17,1.22,1.27,1.36,1.51,1.62,1.59,1.62,1.80,3.51,7.37,5.59,3.99,3.50,3.64,4.28,4.78,5.82,
Right Percent:
50000.00,24.02,16.36,13.76,12.91,12.38,11.75,10.25,9.71,9.40,7.48,5.43,4.84,4.40,4.06,3.73,3.45,3.31,3.11,2.91,2.70,2.50,2.31,2.13,1.96,1.80,1.65,1.51,1.38,1.26,1.15,1.06,0.97,0.91,0.86,0.82,0.73,0.77,0.78,0.78,0.78,0.78,0.79,0.81,0.81,0.84,0.87,0.92,0.99,1.13,1.33,1.59,1.85,3.15,6.95,14.21,14.81,18.17,13.20,10.75,11.49,12.57,15.89,
Left Percent:
50000.00,14.30,103.94,10.70,10.34,8.10,8.06,8.11,8.11,8.25,7.90,5.63,5.21,4.95,4.68,4.54,4.38,4.27,4.11,3.95,3.77,3.57,3.38,3.15,2.92,2.72,2.53,2.22,1.78,1.41,1.55,1.25,1.81,1.72,1.60,1.56,1.53,1.51,1.49,1.52,1.59,1.69,1.72,1.77,1.81,1.89,1.99,2.14,2.36,2.70,3.19,4.85,4.17,3.36,4.22,3.91,5.20,4.58,4.16,10.21,6.89,11.59,26.94,
Right Percent:
50000.00,11.83,10.43,77.15,68.87,44.93,43.97,44.85,44.55,46.04,39.79,24.67,21.49,22.24,20.39,19.53,18.79,17.88,17.31,15.91,14.54,12.39,11.09,9.45,7.95,7.09,6.32,5.71,5.04,4.59,4.13,0.88,1.20,1.15,1.09,1.07,1.06,1.05,1.05,1.07,1.12,1.20,1.21,1.26,1.30,1.34,1.43,1.56,1.73,1.99,2.35,4.39,6.26,12.66,103.44,121.94,117.50,78.52,72.40,20.15,139.05,200.56,412.85,
Left Percent:
50000.00,27.13,20.77,18.43,15.26,14.25,13.88,13.80,13.81,13.98,12.46,8.73,7.98,7.41,7.02,6.75,6.49,6.25,5.98,5.66,5.36,5.07,4.77,4.45,4.12,3.84,3.57,3.24,2.86,2.65,2.42,2.24,2.06,1.77,1.82,1.79,1.76,1.76,1.76,1.79,1.81,1.82,1.86,1.94,2.00,2.07,2.23,2.32,2.45,2.66,2.97,3.19,3.30,3.33,4.51,6.22,5.75,3.20,2.79,4.07,4.62,5.83,7.31,
Right Percent:
50000.00,99.67,85.94,56.98,45.21,36.47,34.28,33.49,33.37,33.94,52.32,22.29,20.90,20.30,20.45,20.57,20.60,20.32,20.14,19.71,19.48,19.33,18.78,18.09,17.24,16.36,15.12,13.27,10.78,9.86,8.77,7.95,7.19,5.80,6.22,6.22,6.12,6.29,6.57,6.82,7.08,7.23,7.51,8.00,8.41,8.87,10.53,10.78,11.24,12.15,12.93,11.68,10.14,8.60,8.86,8.79,8.31,6.70,5.74,5.84,5.60,6.10,7.07,
Left Percent:
50000.00,19.54,17.70,14.81,15.81,16.40,16.94,17.40,18.60,19.51,16.86,14.07,14.73,15.24,15.66,16.66,17.32,18.22,18.14,17.97,16.16,12.99,11.77,10.87,8.97,7.83,6.90,6.20,5.49,4.83,4.18,3.57,3.37,3.00,2.77,2.66,2.59,2.57,2.57,2.54,2.48,2.46,2.48,2.47,2.57,2.78,2.91,3.23,3.68,4.51,5.86,6.38,9.18,17.42,24.88,249.03,183.82,102.60,99.16,849.61,12.31,702.75,956.38,
Right Percent:
50000.00,42.66,34.15,29.25,30.61,31.37,31.80,32.10,33.52,34.59,25.10,21.30,22.34,22.28,21.45,21.99,22.02,22.29,21.65,21.47,19.51,15.68,14.09,13.07,10.71,9.35,8.21,7.24,6.42,5.54,4.79,4.13,4.50,3.56,3.35,3.22,3.15,3.12,3.13,3.11,3.00,3.00,3.03,3.08,3.24,3.59,3.90,4.55,5.66,8.13,14.29,91.04,104.99,194.10,81.23,87.60,54.57,68.03,95.17,145.82,12.51,59.77,73.85,
Left Percent:
50000.00,38.55,31.33,23.70,18.77,17.26,16.82,16.83,17.26,18.05,16.05,10.63,10.02,9.42,9.05,8.91,8.90,8.72,8.49,8.37,8.07,7.60,6.98,6.10,5.25,4.82,4.33,3.93,3.55,3.29,3.03,2.78,2.53,2.40,2.33,2.26,2.24,2.23,2.25,2.26,2.28,2.29,2.32,2.35,2.44,2.59,2.71,2.86,3.10,3.39,3.68,3.47,4.11,5.26,6.77,13.47,24.67,25.33,29.78,132.01,1996.45,1678.93,1386.93,
Right Percent:
50000.00,74.73,37.59,36.54,27.43,24.92,26.02,26.56,27.44,28.95,24.15,21.69,24.53,27.50,29.97,33.07,37.80,42.21,46.18,57.65,58.86,61.21,45.49,30.68,23.50,20.90,15.60,10.87,9.52,7.85,6.77,5.31,4.56,4.39,4.21,3.95,3.85,3.83,3.88,3.81,3.73,3.67,3.77,3.84,4.19,4.87,5.45,7.01,10.64,15.77,44.24,91.29,116.43,132.91,37.65,34.56,27.01,33.44,43.73,46.40,43.07,39.55,44.93,
Left Percent:
50000.00,26.65,27.17,21.18,18.41,17.11,16.52,17.08,17.61,18.95,15.71,8.41,8.26,7.95,7.56,7.53,7.45,7.33,7.22,7.18,7.05,6.75,6.24,5.79,4.97,4.72,4.37,3.97,3.46,3.15,2.85,2.60,2.33,2.10,2.09,2.04,2.02,2.02,2.03,2.03,2.03,2.07,2.11,2.15,2.33,2.48,2.60,2.80,3.03,3.37,3.77,3.26,3.43,3.76,4.43,6.46,10.43,13.56,20.67,11.80,88.38,92.67,104.81,
Right Percent:
50000.00,19.36,17.22,15.04,14.62,14.32,14.47,14.56,14.77,14.95,14.25,12.85,13.41,13.42,13.40,13.55,13.73,13.78,13.89,13.96,13.23,12.19,11.46,10.72,9.08,8.42,7.92,7.25,6.46,5.91,5.37,4.98,4.54,3.87,4.14,4.06,4.02,4.05,4.07,4.05,4.03,4.11,4.21,4.41,4.98,5.26,5.65,5.57,5.51,5.66,5.81,4.05,3.59,3.37,3.11,2.40,2.34,1.92,1.67,2.24,2.24,2.30,2.48,
Left Percent:
50000.00,24.68,20.82,17.63,16.46,13.82,13.20,12.86,12.93,13.05,12.81,8.07,7.66,7.17,7.02,6.74,6.32,5.97,5.73,5.48,5.22,4.96,4.71,4.42,4.12,3.80,3.55,3.27,3.03,2.79,2.54,2.26,2.11,1.92,1.84,1.79,1.76,1.72,1.76,1.82,1.88,1.92,1.96,2.02,2.19,2.30,2.38,2.47,2.56,2.72,3.02,3.31,3.46,3.47,4.63,6.92,11.99,13.29,14.59,14.09,37.18,70.56,149.51,
Right Percent:
50000.00,21.48,15.32,13.83,12.91,10.81,10.28,10.21,10.14,10.17,9.15,6.85,6.16,5.79,5.51,5.24,4.86,4.59,4.38,4.15,3.93,3.72,3.50,3.29,3.08,2.85,2.66,2.45,2.24,2.09,1.87,1.68,1.57,1.35,1.36,1.34,1.32,1.29,1.31,1.34,1.36,1.38,1.40,1.45,1.56,1.63,1.70,1.79,1.93,2.13,2.54,3.77,4.79,6.50,55.89,150.67,143.24,92.94,91.18,16.30,757.93,1280.04,2281.56,
Left Percent:
50000.00,23.65,19.22,17.73,17.16,16.68,13.50,13.19,13.75,13.50,11.99,9.94,8.62,8.14,8.02,7.68,7.08,6.91,6.65,6.35,6.02,5.71,5.33,4.88,4.56,4.22,3.79,3.39,2.99,2.66,2.37,2.11,1.96,1.83,1.74,1.68,1.66,1.62,1.62,1.61,1.62,1.65,1.68,1.70,1.74,1.92,2.06,2.23,2.55,3.06,3.33,3.21,2.69,2.35,3.05,3.22,3.15,2.37,2.03,3.99,2.42,3.91,9.54,
Right Percent:
50000.00,32.56,23.49,20.50,19.33,18.49,15.59,14.57,14.85,14.52,12.98,10.06,8.76,8.16,7.84,7.42,6.88,6.64,6.35,6.04,5.70,5.39,5.05,4.67,4.37,4.06,3.70,3.35,2.98,2.69,2.41,2.16,2.01,1.87,1.78,1.72,1.71,1.69,1.71,1.70,1.72,1.76,1.80,1.84,1.90,2.10,2.28,2.48,2.84,3.45,4.05,5.04,6.41,5.22,4.22,3.85,3.44,2.74,2.37,3.79,2.29,2.68,3.44,
Left Percent:
50000.00,21.79,19.15,18.58,17.32,13.38,12.84,12.99,13.01,13.64,12.14,8.86,7.73,7.60,7.25,6.88,6.58,6.26,5.75,5.52,5.21,5.01,4.69,4.40,4.11,3.77,3.46,3.12,2.78,2.56,2.30,2.09,1.85,1.62,1.56,1.52,1.48,1.45,1.44,1.45,1.49,1.53,1.66,1.69,1.74,1.79,1.92,2.04,2.23,2.54,2.88,4.20,5.52,10.46,13.34,51.08,41.20,29.03,25.13,35.97,11.73,56.77,63.35,
Right Percent:
50000.00,33.72,26.41,25.02,23.58,19.21,18.55,18.86,18.81,19.65,17.37,13.99,12.01,12.13,11.48,10.87,10.29,9.72,8.88,8.47,7.99,7.53,7.05,6.52,6.07,5.54,5.04,4.54,4.02,3.73,3.34,3.02,2.68,2.59,2.29,2.24,2.18,2.13,2.12,2.13,2.18,2.20,2.40,2.47,2.57,2.69,2.97,3.28,3.81,4.86,6.83,11.54,7.00,5.21,5.09,4.78,4.14,3.43,2.82,2.99,4.82,4.51,5.04,
Left Percent:
50000.00,23.38,20.87,16.70,16.50,16.63,16.66,16.83,17.56,17.97,15.36,12.95,14.08,14.64,15.13,14.93,14.72,14.60,14.16,13.53,12.60,10.25,9.19,8.33,7.23,6.51,5.62,5.02,4.55,4.07,3.60,3.13,2.66,2.72,2.57,2.50,2.45,2.42,2.43,2.42,2.40,2.39,2.41,2.42,2.48,2.70,2.80,3.01,3.33,3.77,4.60,5.01,6.78,12.09,15.45,144.09,87.89,54.16,46.94,66.52,57.81,65.34,75.15,
Right Percent:
50000.00,40.65,37.33,30.39,25.56,24.23,23.68,23.16,23.23,23.39,28.98,21.25,25.68,26.62,27.72,29.90,33.36,39.27,43.15,44.20,43.08,38.47,35.84,34.07,31.82,29.69,27.28,25.22,22.54,17.26,13.34,10.11,6.97,8.67,8.17,8.16,8.28,8.48,9.27,9.63,9.54,9.62,10.06,10.25,10.95,14.86,16.74,21.33,20.78,19.18,17.26,15.93,15.84,20.80,19.52,24.66,13.61,9.40,7.60,7.10,7.75,7.25,8.20,
Left Percent:
50000.00,24.65,19.43,18.67,18.57,13.68,14.04,14.42,14.61,15.51,13.48,11.03,9.96,10.06,9.74,9.20,8.91,8.70,8.43,7.57,7.27,6.96,6.58,6.10,5.70,5.18,4.78,4.30,3.83,3.48,3.13,2.83,2.58,2.31,2.08,2.02,1.96,1.92,1.91,1.91,1.92,1.99,2.22,2.25,2.31,2.34,2.55,2.71,3.00,3.36,3.88,4.86,3.94,3.24,3.81,4.07,5.21,4.88,5.01,6.17,10.17,24.63,72.54,
Right Percent:
50000.00,45.83,36.49,36.71,36.99,26.08,27.61,25.75,25.07,24.63,29.86,13.47,12.78,10.92,9.97,9.33,8.74,8.18,7.69,7.25,6.76,6.41,6.08,5.83,5.46,5.20,4.92,4.62,4.38,3.99,3.82,3.57,3.37,3.10,2.92,2.93,2.94,2.98,3.06,3.18,3.27,3.35,3.47,3.75,3.88,4.06,4.08,4.09,3.94,3.92,4.00,3.25,2.84,2.55,3.07,3.02,2.79,2.17,1.76,2.17,1.70,1.94,2.42,
Left Percent:
50000.00,34.27,12.12,27.29,24.51,22.61,22.00,23.16,23.05,23.95,23.35,17.99,17.22,16.12,15.30,14.74,13.78,13.73,13.17,12.68,12.23,11.64,10.79,9.97,8.73,8.06,7.31,6.65,5.93,5.64,5.03,6.89,6.04,9.77,8.97,8.49,7.96,7.82,7.85,7.87,7.93,7.98,8.43,9.51,9.75,10.33,11.61,13.66,13.50,14.33,11.50,20.01,30.38,57.84,44.61,261.10,195.98,108.34,103.81,675.16,16527.49,12602.82,8620.77,
Right Percent:
50000.00,248.75,68.40,7.78,7.15,6.74,6.53,6.67,6.60,6.72,6.23,5.05,4.79,4.48,4.29,4.11,3.93,3.80,3.60,3.24,2.95,3.02,2.73,2.50,2.28,2.06,1.92,1.74,1.45,1.31,1.21,1.17,1.14,1.78,1.70,1.66,1.65,1.65,1.64,1.65,1.65,1.67,1.71,1.78,1.83,1.90,1.98,2.10,2.23,2.37,2.65,3.56,4.90,10.46,38.98,115.01,146.58,109.13,104.62,675.57,42631.38,20663.84,10066.86,
Left Percent:
50000.00,13.53,12.64,11.14,10.48,9.51,9.14,9.05,9.00,9.07,9.11,6.31,6.07,5.65,5.49,5.36,5.22,5.01,4.84,4.67,4.49,4.30,4.15,3.93,3.70,3.50,3.32,3.10,2.74,2.54,2.38,2.24,2.06,1.71,1.87,1.86,1.86,1.86,1.90,1.94,1.98,2.01,2.08,2.18,2.25,2.32,2.51,2.54,2.58,2.76,3.05,2.82,2.88,2.90,3.64,5.14,6.24,6.32,6.60,8.15,9.59,14.56,28.73,
Right Percent:
50000.00,28.59,22.48,21.75,16.91,16.53,16.18,16.46,16.52,16.80,16.30,12.63,11.64,10.07,9.33,8.89,8.36,7.86,7.47,7.09,6.73,6.36,6.09,5.78,5.38,5.08,4.82,4.48,4.10,3.78,3.56,3.37,3.10,2.61,2.84,2.83,2.86,2.87,2.95,3.02,3.09,3.14,3.23,3.39,3.50,3.57,3.81,3.78,3.68,3.70,3.91,3.32,3.34,3.20,3.05,2.21,2.13,1.82,1.60,2.08,1.78,2.05,2.45,
Left Percent:
50000.00,20.71,16.82,15.10,14.77,14.78,14.09,14.04,11.45,11.40,10.02,7.81,6.98,6.54,6.13,5.73,5.63,5.38,5.02,4.73,4.43,4.12,3.84,3.57,3.31,3.07,2.87,2.62,2.36,2.08,1.87,1.71,1.53,1.43,1.34,1.27,1.16,1.19,1.19,1.20,1.21,1.22,1.25,1.27,1.27,1.32,1.38,1.45,1.57,1.76,1.90,2.01,2.12,2.61,4.90,7.78,14.58,25.24,27.69,50.11,78.10,91.76,120.03,
Right Percent:
50000.00,23.11,16.45,13.93,13.16,12.84,12.20,11.99,10.05,9.85,8.50,6.09,5.45,5.03,4.64,4.30,4.14,3.97,3.71,3.47,3.25,3.02,2.82,2.63,2.44,2.27,2.12,1.95,1.76,1.57,1.42,1.30,1.18,1.10,1.03,0.98,0.88,0.92,0.92,0.93,0.94,0.95,0.97,0.99,0.99,1.03,1.08,1.14,1.22,1.37,1.53,1.74,1.93,3.14,7.57,20.65,16.54,18.21,13.60,10.65,10.63,11.56,14.68,
Left Percent:
50000.00,8.89,7.58,6.91,6.68,6.53,5.55,5.49,5.58,5.53,5.17,4.08,3.81,3.66,3.60,3.49,3.34,3.27,3.18,3.08,2.97,2.86,2.72,2.55,2.37,2.20,2.02,1.85,1.68,1.54,1.41,1.28,1.20,1.13,1.07,1.04,1.02,1.00,1.01,1.01,1.01,1.03,1.04,1.06,1.13,1.17,1.23,1.31,1.42,1.61,1.80,2.04,2.22,2.50,4.53,11.27,141.21,96.83,99.71,26.07,706.01,467.63,514.91,
Right Percent:
50000.00,26.32,20.48,18.22,17.20,16.58,13.37,12.82,12.88,12.62,10.90,7.87,7.05,6.49,6.05,5.69,5.39,5.08,4.79,4.49,4.21,3.91,3.62,3.37,3.12,2.89,2.67,2.46,2.26,2.09,1.93,1.78,1.66,1.57,1.48,1.45,1.42,1.40,1.40,1.40,1.39,1.41,1.43,1.45,1.54,1.60,1.67,1.78,1.94,2.22,2.59,3.32,4.01,5.03,15.34,48.64,35.26,45.87,89.33,14.60,41.87,33.39,36.62,
Left Percent:
50000.00,25.41,20.90,19.49,19.17,15.00,14.32,14.35,14.72,15.34,13.74,10.96,9.76,9.80,9.70,9.04,8.96,8.77,8.47,8.17,7.77,6.87,6.50,5.99,5.65,5.12,4.74,4.26,3.74,3.40,2.99,2.69,2.42,2.24,1.96,1.84,1.80,1.78,1.75,1.81,1.97,1.99,2.04,2.12,2.16,2.26,2.38,2.59,2.93,3.42,4.28,4.24,3.40,2.78,3.42,3.45,3.92,3.29,3.06,7.38,4.39,6.77,13.20,
Right Percent:
50000.00,33.66,22.78,19.85,18.74,15.13,13.85,13.57,13.59,13.92,11.04,8.26,7.22,6.81,6.42,5.93,5.70,5.42,5.11,4.81,4.50,4.05,3.77,3.48,3.25,2.98,2.78,2.54,2.30,2.12,1.91,1.75,1.60,1.48,1.36,1.29,1.27,1.25,1.24,1.26,1.34,1.36,1.39,1.44,1.49,1.58,1.67,1.80,2.02,2.36,2.99,5.68,10.14,45.87,23.50,30.70,24.88,26.24,28.64,15.20,14.59,18.02,27.43,
Left Percent:
50000.00,11.00,9.60,9.47,9.26,8.09,8.00,8.05,8.08,8.16,7.51,6.47,6.01,5.90,5.72,5.66,5.52,5.35,5.25,5.07,4.88,4.70,4.48,4.20,3.97,3.72,3.47,3.20,2.73,2.53,2.34,2.17,1.97,1.83,1.71,1.67,1.66,1.64,1.63,1.64,1.63,1.71,1.76,1.80,1.87,2.06,2.12,2.22,2.41,2.67,2.94,4.67,5.47,6.62,9.40,9.51,13.89,23.66,33.25,24.19,137.08,123.82,148.53,
Right Percent:
50000.00,9.36,7.52,7.27,7.04,6.16,6.07,6.10,6.11,6.15,5.45,4.75,4.44,4.41,4.30,4.28,4.20,4.10,4.05,3.95,3.83,3.73,3.57,3.36,3.21,3.03,2.83,2.61,2.19,2.02,1.87,1.73,1.56,1.45,1.35,1.32,1.31,1.30,1.30,1.31,1.30,1.37,1.42,1.46,1.54,1.73,1.81,1.93,2.14,2.41,2.67,6.48,18.39,25.83,27.59,27.20,25.54,24.54,24.40,19.87,20.10,16.92,19.75,
Left Percent:
50000.00,14.79,14.07,14.44,12.46,12.74,12.71,12.90,13.12,13.55,12.55,10.24,9.70,9.93,9.93,9.79,10.02,9.93,9.74,9.00,8.30,7.68,7.07,6.64,6.01,5.64,5.36,4.80,4.42,4.17,3.92,3.61,3.40,2.60,2.97,2.87,2.79,2.73,2.73,2.72,2.78,2.79,2.83,2.96,3.12,3.20,3.66,3.91,4.30,4.66,5.31,3.17,2.88,2.42,2.91,3.97,4.81,4.25,4.32,6.86,5.16,9.87,45.58,
Right Percent:
50000.00,32.20,29.95,32.24,29.10,30.89,31.42,31.08,30.86,31.38,33.64,16.43,14.90,12.65,11.60,10.98,10.78,10.55,10.40,10.38,10.42,10.38,10.29,10.00,9.73,9.29,8.66,6.90,6.19,5.67,4.89,4.48,3.98,3.03,3.45,3.48,3.50,3.52,3.64,3.76,3.97,4.13,4.29,4.56,5.17,5.50,6.78,7.68,7.71,7.90,7.81,6.93,6.62,5.76,6.52,7.26,7.17,5.68,4.73,3.86,3.36,3.71,4.76,
Left Percent:
50000.00,28.87,23.54,23.66,23.60,16.64,17.50,18.64,19.04,21.18,17.32,13.22,12.88,11.88,11.49,11.03,10.60,10.14,9.36,8.91,8.47,8.03,7.57,7.15,6.66,6.23,5.86,5.41,5.04,4.62,4.32,3.95,3.14,3.42,2.50,2.44,2.37,2.29,2.41,2.40,2.36,2.39,2.51,2.81,2.84,2.93,3.03,3.27,3.80,4.58,5.01,5.01,4.86,5.58,9.01,30.48,122.19,62.63,51.59,61.65,75.61,83.85,99.59,
Right Percent:
50000.00,39.72,25.34,21.67,20.11,16.50,15.36,15.04,14.84,15.13,13.09,9.26,8.22,7.74,7.19,6.80,6.41,6.07,5.56,5.16,4.78,4.40,4.05,3.75,3.40,3.15,2.94,2.71,2.51,2.33,2.17,2.04,1.86,1.49,1.65,1.63,1.59,1.56,1.57,1.57,1.58,1.58,1.60,1.66,1.73,1.80,1.87,1.97,2.14,2.39,2.97,4.53,6.71,9.58,25.71,28.84,17.78,15.83,11.23,8.75,9.08,10.04,12.22,
Left Percent:
50000.00,13.24,11.77,11.47,11.45,11.26,9.89,10.10,10.35,10.26,9.80,8.06,7.64,7.40,7.36,7.12,6.83,6.67,6.51,6.33,6.11,5.97,5.70,5.39,5.15,4.72,4.28,3.92,3.56,3.20,2.92,2.67,2.47,2.31,1.97,2.14,2.10,2.05,2.07,2.08,2.08,2.16,2.18,2.26,2.31,2.39,2.50,2.67,3.07,3.78,4.25,3.82,3.15,2.77,3.35,3.85,5.04,4.35,4.36,8.00,5.09,13.44,54.52,
Right Percent:
50000.00,17.20,14.99,14.70,14.53,14.15,12.27,12.33,12.53,12.39,11.49,9.34,8.73,8.22,7.96,7.55,7.18,6.94,6.70,6.46,6.21,6.03,5.74,5.45,5.18,4.77,4.33,3.97,3.60,3.27,2.98,2.73,2.52,2.35,1.99,2.18,2.18,2.15,2.19,2.23,2.26,2.36,2.41,2.51,2.61,2.74,2.87,3.04,3.41,4.07,4.80,6.06,5.66,4.35,3.80,3.65,3.50,2.78,2.39,2.45,2.11,2.42,3.06,
Left Percent:
50000.00,16.38,16.07,16.10,17.54,18.08,18.47,18.56,18.96,18.44,19.62,14.68,16.68,15.76,14.49,13.61,12.84,12.13,11.28,10.51,9.74,8.02,7.56,6.88,6.15,5.81,5.51,5.21,4.80,4.39,3.89,3.54,3.00,3.15,3.00,2.99,2.98,2.98,3.01,3.06,3.14,3.17,3.31,3.41,3.52,3.61,3.60,3.85,4.02,4.27,4.57,3.87,3.84,4.06,5.16,8.24,18.02,47.21,104.42,429.57,1115.43,922.62,1003.18,
Right Percent:
50000.00,25.61,18.99,14.97,14.22,13.98,13.93,13.78,13.87,13.53,11.01,9.06,9.24,9.09,8.86,8.67,8.50,8.22,7.99,7.71,7.05,6.61,6.19,5.55,5.04,4.82,4.53,4.23,3.94,3.55,3.17,2.95,2.57,2.59,2.54,2.49,2.45,2.45,2.45,2.46,2.45,2.53,2.58,2.61,2.66,2.72,3.00,3.31,3.63,4.02,4.44,12.00,27.65,108.11,38.79,35.33,34.23,51.72,96.81,100.38,57.64,51.57,53.70,
Left Percent:
50000.00,14.58,12.28,11.31,11.07,10.73,9.37,9.23,9.28,9.20,8.13,5.90,5.39,4.96,4.60,4.30,4.10,3.88,3.67,3.49,3.29,3.09,2.88,2.65,2.48,2.31,2.13,1.96,1.80,1.68,1.53,1.40,1.31,1.22,1.15,1.11,1.07,1.06,1.07,1.07,1.08,1.09,1.08,1.13,1.16,1.20,1.25,1.32,1.41,1.55,1.69,1.81,1.89,2.23,3.83,6.73,6.49,3.95,2.97,3.96,5.15,7.89,11.43,
Right Percent:
50000.00,17.00,13.25,12.06,11.69,11.19,9.62,9.46,9.45,9.36,8.04,6.31,5.83,5.44,5.09,4.79,4.59,4.34,4.11,3.91,3.66,3.45,3.20,2.94,2.75,2.56,2.35,2.16,1.98,1.85,1.67,1.53,1.43,1.33,1.26,1.21,1.18,1.16,1.17,1.16,1.17,1.18,1.18,1.24,1.28,1.33,1.41,1.51,1.65,1.88,2.19,2.88,3.37,4.32,10.10,7.93,7.65,6.49,5.67,7.60,4.70,4.92,5.85,
