Left Percent:
50000.00,40.21,22.29,23.00,22.43,20.88,20.36,19.19,18.46,17.23,14.33,11.38,10.37,9.11,8.28,7.73,7.34,6.99,6.58,5.45,5.12,4.79,4.35,3.94,3.55,3.25,2.94,2.65,2.34,2.09,1.86,1.67,1.51,1.41,1.33,1.25,1.17,1.19,1.15,1.16,1.17,1.19,1.21,1.22,1.23,1.25,1.29,1.35,1.44,1.55,1.55,1.45,1.39,1.55,1.55,1.66,1.68,1.46,1.47,1.41,1.33,
Right Percent:
50000.00,641.55,613.29,521.59,525.43,525.47,518.09,504.91,507.05,511.10,220.38,133.83,73.15,31.04,20.17,15.05,12.46,10.54,8.94,6.10,5.49,4.98,4.28,3.85,3.64,3.45,3.51,3.89,4.21,3.53,2.57,2.01,1.69,1.51,1.35,1.23,1.07,1.14,1.09,1.12,1.14,1.18,1.20,1.23,1.23,1.29,1.39,1.55,1.81,2.43,3.08,3.92,5.26,6.02,7.38,16.23,49.09,45.00,34.43,32.38,40.10,
Left Percent:
50000.00,877.40,1126.35,830.91,798.83,844.86,829.53,685.96,552.80,541.58,193.65,64.24,36.98,30.62,24.93,20.32,17.03,13.72,12.13,10.06,8.82,7.60,6.58,5.70,5.11,4.64,4.30,3.95,3.72,3.67,3.70,2.95,2.41,2.13,1.96,1.77,1.63,1.52,1.52,1.54,1.53,1.56,1.58,1.62,1.68,1.76,1.90,2.11,2.71,2.62,2.33,2.09,2.04,2.04,2.05,2.12,2.52,3.65,3.95,3.59,3.33,
Right Percent:
50000.00,842.48,1073.18,810.90,779.99,822.63,808.29,756.91,858.20,717.88,148.00,29.78,20.76,16.39,13.37,11.20,9.94,8.76,7.79,6.77,6.21,5.85,5.46,5.14,4.71,4.38,4.14,4.17,4.24,4.68,4.41,3.60,3.03,2.71,2.47,2.13,1.62,1.76,1.82,1.90,1.94,2.03,2.08,2.17,2.33,2.54,2.82,3.20,3.99,3.87,3.35,3.71,5.28,11.82,68.71,72.27,65.77,66.74,10.90,3.35,3.28,
Left Percent:
50000.00,27.90,18.62,20.95,21.61,19.37,19.04,18.49,17.46,15.79,11.41,9.33,8.51,7.37,6.62,6.14,5.78,5.42,5.08,4.81,4.59,4.33,4.16,3.91,3.66,3.45,3.21,2.99,2.77,2.53,2.39,2.21,2.05,1.95,1.84,1.68,1.69,1.63,1.61,1.60,1.59,1.64,1.67,1.67,1.72,1.72,1.82,1.91,1.98,1.98,1.78,1.55,1.43,1.54,1.43,1.40,1.54,1.96,1.89,1.81,1.68,
Right Percent:
50000.00,241.90,198.36,206.22,209.52,192.39,188.46,186.49,183.61,173.80,108.13,93.10,94.21,80.34,69.24,54.71,43.48,32.03,23.63,18.11,15.47,12.19,11.00,9.17,7.50,5.85,4.94,4.16,3.45,3.50,4.22,4.77,3.93,3.62,3.08,2.63,2.70,2.51,2.55,2.54,2.53,2.69,2.77,2.79,2.97,3.02,3.33,3.82,5.06,4.89,4.20,3.81,5.30,19.05,20.34,20.69,21.83,8.17,2.22,1.38,1.35,
Left Percent:
50000.00,41.94,15.64,16.74,16.40,15.34,14.91,13.87,12.77,12.01,9.00,7.24,6.96,6.27,5.93,5.80,5.76,5.83,5.91,5.84,5.37,4.62,3.98,3.47,3.14,2.81,2.45,2.13,1.90,1.70,1.52,1.40,1.29,1.21,1.15,1.10,1.08,1.03,1.02,0.99,0.98,0.98,0.99,1.01,1.01,1.03,1.06,1.10,1.15,1.18,1.18,1.14,1.10,1.23,1.43,1.53,1.15,1.01,0.97,0.93,0.88,
Right Percent:
50000.00,769.51,833.03,676.80,563.72,388.33,310.73,238.76,198.40,171.90,47.98,14.20,11.93,11.36,11.37,10.87,10.83,11.36,10.94,8.88,7.75,6.77,5.89,5.23,4.73,4.27,3.82,3.35,2.98,2.59,2.17,1.90,1.69,1.53,1.43,1.31,1.26,1.15,1.18,1.17,1.16,1.17,1.20,1.22,1.23,1.26,1.31,1.38,1.49,1.65,1.84,2.08,2.26,4.21,7.82,10.04,8.89,6.96,8.31,7.79,8.60,
Left Percent:
50000.00,24.90,19.00,19.11,19.08,17.69,16.36,15.75,15.05,13.80,11.32,8.69,7.93,6.93,6.23,5.91,5.42,5.15,4.94,4.69,4.43,4.20,3.95,3.69,3.39,3.19,3.00,2.81,2.58,2.41,2.23,2.00,1.83,1.76,1.68,1.68,1.61,1.58,1.57,1.56,1.59,1.62,1.62,1.62,1.69,1.73,1.75,1.87,1.83,1.76,1.66,1.46,1.30,1.40,1.37,1.36,1.52,2.01,2.57,2.52,2.27,
Right Percent:
50000.00,456.80,425.50,397.68,387.90,376.01,368.89,363.02,359.99,356.55,191.22,175.74,212.27,227.68,229.49,226.33,220.36,214.61,208.59,198.56,187.36,173.70,162.29,150.20,138.46,130.50,123.10,97.44,56.60,36.63,17.65,7.24,4.91,4.48,4.37,5.22,4.51,4.15,4.02,3.96,4.05,4.19,4.16,4.00,4.35,4.55,4.58,7.16,10.12,11.22,9.52,4.38,6.96,52.35,52.04,51.94,55.23,55.37,12.71,4.05,3.64,
Left Percent:
50000.00,833.19,1046.60,780.76,794.72,826.71,785.15,753.65,783.71,830.31,289.87,334.48,496.39,781.73,1129.78,725.57,372.10,222.41,144.97,95.68,40.78,27.96,20.89,14.99,12.08,9.21,7.65,6.27,5.12,4.20,3.77,3.18,2.83,2.65,2.47,2.11,2.24,2.24,2.28,2.30,2.34,2.37,2.40,2.43,2.45,2.52,2.56,2.53,2.63,2.86,2.94,3.11,2.42,2.10,2.23,2.45,3.35,5.48,5.70,4.53,3.76,
Right Percent:
50000.00,800.49,1027.82,768.62,781.39,810.60,770.38,739.05,768.20,814.19,282.32,326.73,485.35,766.79,1114.33,1450.76,1821.13,1937.85,1817.85,1408.05,848.42,618.31,458.23,337.50,270.30,203.82,169.67,135.61,106.45,78.04,62.37,51.58,44.97,41.44,37.50,28.79,31.11,30.59,28.03,25.89,21.05,19.51,18.94,17.94,17.73,29.42,35.62,36.63,39.44,42.59,42.62,35.32,50.71,33.06,42.34,47.78,57.23,62.90,61.52,61.57,69.78,
Left Percent:
50000.00,34.54,17.84,18.10,16.74,16.45,16.75,17.02,16.81,16.46,13.43,8.87,8.08,7.15,6.53,6.04,5.66,5.35,5.09,4.82,4.54,4.24,3.74,3.44,3.23,3.00,2.79,2.57,2.33,2.16,1.97,1.75,1.60,1.53,1.44,1.38,1.39,1.35,1.34,1.35,1.39,1.42,1.43,1.44,1.47,1.56,1.60,1.60,1.59,1.58,1.54,1.42,1.24,1.29,1.25,1.29,1.50,1.55,1.53,1.47,1.38,
Right Percent:
50000.00,417.48,334.31,315.11,301.01,296.65,292.10,289.97,284.02,282.73,127.62,99.98,109.69,72.10,41.36,32.21,26.66,22.68,19.19,16.25,14.00,11.61,8.11,6.70,5.71,4.79,4.09,3.66,3.11,2.71,2.35,2.19,2.26,2.38,2.64,2.40,2.63,2.45,2.41,2.51,2.71,2.63,2.59,2.64,2.71,2.65,2.52,2.34,2.26,2.24,2.22,2.17,2.68,7.25,6.62,13.53,29.34,31.96,33.98,34.48,35.33,
Left Percent:
50000.00,23.22,16.61,17.65,18.30,17.76,14.86,12.51,13.02,12.52,10.07,7.57,7.62,6.66,6.02,5.64,5.34,5.07,4.79,4.51,4.28,4.02,3.73,3.43,3.16,2.91,2.67,2.44,2.17,1.93,1.73,1.58,1.42,1.33,1.26,1.19,1.11,1.13,1.09,1.11,1.11,1.12,1.14,1.16,1.17,1.18,1.21,1.28,1.42,1.61,1.53,1.39,1.33,1.52,1.61,1.74,2.33,2.46,2.87,2.96,2.82,
Right Percent:
50000.00,648.58,592.36,536.69,532.73,533.25,343.17,76.39,82.69,67.29,27.38,12.07,11.61,10.12,9.17,8.71,8.41,8.10,8.01,7.37,6.55,6.00,5.37,4.75,4.34,3.94,3.58,3.25,2.96,2.70,2.45,2.24,2.04,1.90,1.79,1.70,1.59,1.62,1.57,1.60,1.60,1.61,1.65,1.68,1.72,1.75,1.83,1.92,2.12,2.38,2.59,2.84,3.14,5.27,6.30,10.47,80.79,80.66,75.72,82.87,116.87,
Left Percent:
50000.00,
Right Percent:
50000.00,
Left Percent:
50000.00,11.77,9.66,9.78,9.60,9.66,9.72,9.86,9.98,9.77,8.17,7.04,6.88,6.34,5.98,5.57,5.43,5.26,5.11,4.89,4.65,4.15,3.93,3.72,3.48,3.24,2.99,2.72,2.45,2.28,2.05,1.82,1.58,1.48,1.41,1.25,1.24,1.21,1.20,1.25,1.24,1.25,1.26,1.36,1.42,1.44,1.49,1.54,1.66,1.77,1.80,1.74,1.58,1.85,1.73,1.93,2.73,3.31,3.32,3.14,3.08,
Right Percent:
50000.00,435.57,369.44,353.15,343.50,335.38,324.48,315.85,310.92,301.81,182.75,159.92,177.53,159.02,111.41,56.01,41.81,32.24,26.49,21.38,17.19,11.55,9.62,8.36,6.89,5.88,5.11,4.58,4.37,4.33,4.13,3.94,3.97,3.06,2.50,1.91,1.90,1.84,1.85,2.00,2.02,2.11,2.20,2.60,2.98,3.34,4.09,4.34,4.26,4.00,3.57,3.09,4.09,11.84,46.33,48.20,42.27,4.28,1.71,1.24,1.26,
Left Percent:
50000.00,743.24,1021.99,765.05,814.86,808.67,766.33,749.80,778.85,793.60,289.84,86.39,26.44,20.31,15.58,13.55,11.30,9.72,8.58,7.89,7.06,6.20,5.59,5.14,4.85,4.59,4.24,3.79,3.38,3.08,2.83,2.76,2.77,2.78,2.79,2.00,2.43,2.41,2.44,2.45,2.46,2.50,2.68,2.74,2.80,2.83,2.86,2.94,2.61,2.18,2.04,1.92,1.61,1.62,1.48,1.47,1.29,1.32,1.24,1.12,1.03,
Right Percent:
50000.00,734.52,1017.11,762.58,810.28,804.18,762.47,745.53,774.19,789.11,287.75,293.44,346.75,383.25,360.81,338.53,279.73,237.45,205.39,169.56,140.12,113.16,67.23,53.55,35.58,23.39,15.76,10.77,7.93,5.85,3.82,3.08,2.55,2.30,2.18,1.97,2.45,2.31,2.27,2.22,2.16,2.09,2.16,2.11,2.09,2.07,2.17,2.49,2.96,3.49,4.81,4.51,10.11,23.65,24.52,25.46,26.54,26.80,26.28,21.51,20.00,
Left Percent:
50000.00,21.57,17.07,16.52,16.39,16.78,17.02,17.76,17.13,16.64,13.89,11.35,10.52,9.99,9.17,8.96,8.69,7.80,6.71,6.44,6.23,5.73,5.15,4.74,4.32,3.96,3.59,3.27,2.95,2.61,2.16,1.89,1.74,1.64,1.52,1.45,1.40,1.37,1.36,1.37,1.39,1.40,1.40,1.42,1.49,1.52,1.54,1.73,1.86,2.00,2.10,2.18,1.97,2.34,2.38,2.30,2.28,2.80,3.54,3.65,3.65,
Right Percent:
50000.00,231.96,197.77,186.78,183.61,182.86,179.89,179.34,173.44,172.51,114.36,106.90,111.38,111.53,107.90,106.01,103.06,95.63,55.90,41.36,35.20,24.34,15.31,12.11,9.27,7.34,5.89,4.96,4.27,3.56,2.72,2.42,2.31,2.20,2.11,2.28,2.15,2.08,2.05,2.03,2.04,2.02,2.00,2.04,2.12,2.15,2.17,2.37,2.56,2.76,2.88,2.89,3.57,11.38,26.93,28.56,32.71,40.29,46.44,49.30,68.82,
Left Percent:
50000.00,56.62,32.63,34.99,31.68,33.25,31.65,28.76,26.00,23.09,22.06,15.08,14.35,13.05,11.73,10.44,9.87,9.39,8.96,8.40,7.78,7.22,6.01,5.47,5.02,4.60,4.15,3.69,3.31,3.07,2.74,2.34,2.10,1.98,2.28,1.78,1.70,1.66,1.67,1.66,1.69,1.69,1.70,1.76,1.82,1.82,1.90,2.07,2.14,2.27,2.38,2.11,1.81,2.12,1.99,2.08,1.97,1.88,2.20,2.23,1.94,
Right Percent:
50000.00,386.09,293.14,286.34,269.80,267.67,265.10,261.20,258.38,255.31,144.21,129.61,138.13,139.25,135.93,130.17,126.65,122.68,118.26,112.43,105.22,98.17,86.20,80.15,76.72,55.12,29.31,17.60,11.38,8.69,6.02,3.85,3.06,2.81,2.89,2.77,2.44,2.38,2.36,2.35,2.38,2.36,2.37,2.53,2.67,2.61,2.79,3.62,4.04,4.95,4.98,3.88,4.64,31.73,28.30,28.16,31.85,39.39,45.09,47.48,49.72,
Left Percent:
50000.00,102.90,51.12,33.66,28.28,27.59,27.78,27.55,26.96,28.54,23.74,9.56,8.02,6.99,6.23,5.71,5.36,4.87,4.56,4.25,4.01,3.74,3.52,3.28,3.08,2.89,2.75,2.67,2.60,2.37,2.23,1.92,1.76,1.65,1.57,1.51,1.42,1.22,1.28,1.28,1.30,1.31,1.34,1.36,1.40,1.48,1.59,1.67,1.72,1.78,1.63,1.38,1.35,1.50,1.29,1.25,1.27,1.33,1.31,1.18,1.10,
Right Percent:
50000.00,751.36,912.45,692.05,688.02,684.81,654.06,662.39,665.25,708.35,270.52,92.83,37.25,19.67,13.48,10.17,8.23,6.41,5.74,4.87,4.39,4.18,4.03,3.97,3.93,3.77,3.62,3.70,3.76,2.95,2.32,1.86,1.63,1.49,1.38,1.28,1.24,1.20,1.16,1.16,1.18,1.19,1.22,1.26,1.30,1.37,1.47,1.67,1.93,2.36,3.35,4.15,5.66,51.70,57.97,57.20,55.31,46.00,3.83,2.06,2.07,
Left Percent:
50000.00,518.49,414.49,245.08,194.34,180.60,172.23,164.45,161.07,164.30,164.80,46.43,21.15,16.26,12.53,11.21,9.09,7.52,6.53,5.72,4.94,4.39,3.51,3.03,2.76,2.58,2.56,2.64,2.71,2.86,3.03,2.93,2.57,2.37,2.18,2.03,1.90,1.64,1.63,1.65,1.66,1.70,1.79,1.84,1.87,1.93,2.04,2.22,2.41,2.35,1.74,1.38,1.28,1.38,1.11,0.92,0.85,0.96,0.90,0.78,0.71,
Right Percent:
50000.00,367.91,278.92,269.79,227.69,169.59,134.32,118.62,103.81,99.63,51.17,17.19,14.91,11.45,9.14,7.96,6.96,6.13,5.48,4.92,4.28,4.05,3.50,3.24,3.10,2.96,2.95,3.23,3.51,2.71,2.04,1.63,1.37,1.26,1.16,1.08,1.02,0.97,0.95,0.95,0.96,0.98,1.03,1.07,1.08,1.13,1.20,1.33,1.53,1.88,2.63,3.70,4.25,9.97,32.03,40.10,41.21,10.41,2.17,1.52,1.53,
Left Percent:
50000.00,57.36,33.63,35.60,34.13,30.98,28.53,26.78,24.81,22.84,18.57,16.66,15.15,13.03,11.53,10.15,9.55,8.87,8.21,7.50,6.64,5.31,4.85,4.39,3.92,3.51,3.17,2.84,2.56,2.29,2.05,1.84,1.64,1.51,1.41,1.33,1.21,1.24,1.19,1.23,1.22,1.23,1.23,1.27,1.28,1.29,1.37,1.45,1.62,1.77,1.71,1.61,1.50,1.76,1.84,1.99,2.11,2.27,2.63,2.54,2.31,
Right Percent:
50000.00,564.74,386.63,383.65,361.54,349.12,343.51,339.59,325.86,316.70,169.06,81.50,35.86,19.94,13.83,10.63,8.96,7.32,6.22,5.58,5.22,5.42,5.26,4.98,4.82,4.71,4.47,3.74,3.10,2.59,2.23,1.95,1.72,1.55,1.40,1.30,1.17,1.20,1.16,1.20,1.21,1.24,1.25,1.30,1.34,1.37,1.47,1.60,1.85,2.18,2.47,2.87,3.42,6.21,16.23,27.10,9.69,2.43,1.41,1.14,1.11,
Left Percent:
50000.00,19.17,14.44,16.01,16.29,15.38,15.36,15.96,15.90,15.45,11.08,8.79,8.27,7.45,6.92,6.54,6.09,5.68,5.33,5.07,4.82,4.52,4.24,3.91,3.58,3.31,2.98,2.68,2.41,2.15,1.96,1.78,1.68,1.60,1.53,1.40,1.45,1.40,1.40,1.38,1.39,1.41,1.43,1.44,1.46,1.48,1.57,1.64,1.69,1.74,1.67,1.56,1.47,1.70,1.54,1.72,2.42,2.88,2.51,2.38,2.29,
Right Percent:
50000.00,481.85,368.90,398.49,402.25,355.55,331.71,325.14,308.26,242.82,46.90,19.77,22.18,15.01,11.85,10.17,8.79,7.60,6.83,6.02,5.39,4.77,4.27,3.78,3.35,3.13,3.11,3.17,2.87,2.75,2.71,2.39,2.12,1.93,1.77,1.47,1.60,1.56,1.56,1.53,1.54,1.58,1.61,1.65,1.69,1.74,1.94,2.21,2.57,2.83,2.83,2.93,3.88,6.28,5.97,12.03,36.76,51.17,38.23,17.36,17.20,
Left Percent:
50000.00,28.47,19.39,21.57,21.92,20.30,18.88,18.22,17.35,16.31,12.17,9.65,8.78,7.64,6.87,6.39,5.90,5.39,4.89,4.45,4.18,3.79,3.61,3.30,2.99,2.71,2.47,2.24,2.01,1.82,1.67,1.53,1.43,1.32,1.25,1.18,1.14,1.10,1.08,1.05,1.05,1.05,1.07,1.10,1.12,1.14,1.18,1.23,1.32,1.35,1.33,1.24,1.18,1.31,1.32,1.59,1.63,1.89,1.93,1.81,1.76,
Right Percent:
50000.00,352.80,257.45,266.77,270.83,217.99,196.73,190.66,178.04,180.07,61.05,16.15,12.40,8.54,6.58,5.45,4.53,4.00,3.79,3.92,4.11,4.32,4.26,4.00,3.90,3.79,3.32,2.74,2.29,1.98,1.71,1.50,1.35,1.24,1.16,1.08,1.03,1.02,0.99,0.97,0.97,0.98,1.00,1.04,1.08,1.11,1.17,1.25,1.36,1.51,1.65,1.73,2.02,4.14,6.05,10.86,12.13,2.11,1.57,1.41,1.38,
Left Percent:
50000.00,18.99,11.89,12.10,12.12,11.43,11.72,12.06,11.96,11.48,9.60,6.06,4.84,4.25,3.78,3.35,3.07,2.80,2.57,2.38,2.22,2.05,1.93,1.83,1.78,1.85,1.93,2.05,2.15,2.18,2.18,2.17,2.17,1.93,1.77,1.60,1.52,1.35,1.36,1.33,1.34,1.34,1.38,1.38,1.41,1.45,1.49,1.57,1.72,1.81,1.55,1.29,1.17,1.21,0.91,0.76,0.63,0.66,0.64,0.58,0.53,
Right Percent:
50000.00,23.16,24.57,25.50,23.39,21.56,21.52,19.90,18.68,17.40,11.78,9.19,7.22,6.00,5.31,4.70,4.21,3.82,3.52,3.29,3.13,2.94,2.86,2.79,2.71,2.65,2.79,3.04,3.18,2.65,1.97,1.66,1.44,1.29,1.20,1.10,1.04,1.03,0.98,0.99,1.00,1.01,1.04,1.06,1.08,1.12,1.16,1.25,1.40,1.67,2.00,2.38,2.78,6.76,5.21,9.92,16.73,6.35,1.83,1.26,1.27,
Left Percent:
50000.00,684.20,994.59,750.97,817.85,806.62,756.63,740.04,759.27,760.46,279.40,113.22,41.59,26.21,18.36,15.85,12.18,9.80,8.35,7.28,6.30,5.57,4.62,4.07,3.79,3.55,3.45,3.19,2.99,2.94,2.99,2.50,2.14,1.90,1.80,1.68,1.51,1.50,1.49,1.53,1.56,1.57,1.60,1.61,1.66,1.72,1.85,1.95,2.14,2.30,1.82,1.56,1.44,1.61,1.33,1.23,1.05,1.08,1.01,0.90,0.83,
Right Percent:
50000.00,565.32,220.70,256.82,328.98,256.25,222.12,202.83,170.41,130.59,50.90,19.19,18.58,13.09,10.33,8.82,7.54,6.53,5.77,5.12,4.61,4.11,3.48,3.17,3.01,2.86,2.81,3.02,2.86,2.88,2.87,2.46,2.14,1.88,1.71,1.61,1.44,1.45,1.42,1.46,1.49,1.50,1.52,1.53,1.59,1.69,1.93,2.18,2.55,2.96,2.89,3.02,3.88,16.83,35.63,50.22,51.86,41.50,3.84,1.88,1.94,
Left Percent:
50000.00,536.49,187.80,143.45,115.15,92.75,88.80,83.36,86.05,70.76,43.43,16.23,11.13,8.87,7.60,6.78,6.19,5.63,5.14,4.79,4.37,4.04,3.77,3.49,3.27,3.18,3.10,3.05,3.08,2.67,2.31,2.05,1.82,1.59,1.48,1.41,1.38,1.28,1.23,1.26,1.31,1.33,1.34,1.37,1.39,1.42,1.47,1.52,1.62,1.79,1.88,1.51,1.45,1.57,1.28,1.13,1.00,1.06,1.02,0.94,0.87,
Right Percent:
50000.00,214.75,107.03,131.34,107.60,101.13,90.12,83.64,81.03,69.74,34.00,16.63,14.93,11.02,9.17,7.74,6.59,5.93,5.14,4.75,4.26,3.88,3.57,3.28,3.11,3.20,2.94,2.73,2.67,2.65,2.64,2.35,1.97,1.67,1.50,1.40,1.31,1.31,1.21,1.26,1.31,1.34,1.36,1.41,1.43,1.49,1.60,1.75,2.02,2.54,2.89,2.88,3.67,7.98,12.63,25.80,33.05,10.76,1.63,1.12,1.13,
Left Percent:
50000.00,675.21,1118.82,809.34,842.88,842.19,799.50,785.32,817.17,849.15,302.50,343.13,481.19,630.94,635.86,555.90,246.51,131.09,89.85,62.54,39.07,27.52,21.77,16.32,14.97,11.49,9.22,7.07,5.29,3.95,3.20,2.84,2.74,2.79,2.96,3.03,2.16,3.27,3.43,3.64,3.73,3.84,3.87,4.09,4.17,4.15,3.68,3.12,2.55,2.51,3.13,3.75,2.92,2.22,2.53,2.47,2.28,2.01,1.57,1.27,1.17,
Right Percent:
50000.00,647.22,1078.12,782.97,814.31,812.88,771.45,757.33,787.88,818.74,291.23,184.56,109.22,44.55,27.08,19.72,14.99,11.33,10.08,8.37,6.82,5.55,5.02,4.52,4.25,3.93,3.41,3.05,2.72,2.55,2.55,2.57,2.58,2.23,2.01,1.83,1.55,1.63,1.62,1.63,1.69,1.71,1.72,1.83,1.93,2.04,2.35,2.59,2.49,2.50,2.66,3.47,7.80,88.93,108.78,99.99,80.27,58.31,6.92,2.50,2.59,
Left Percent:
50000.00,565.58,855.06,705.54,707.71,699.05,657.91,634.96,646.61,604.78,220.89,194.28,210.54,197.64,174.51,158.95,140.85,123.37,110.27,98.55,89.68,78.20,69.78,61.26,56.76,51.27,46.47,41.52,37.57,34.47,30.36,27.35,25.87,22.43,13.82,10.12,4.55,8.73,7.52,7.49,7.24,6.88,8.93,10.95,18.46,23.45,25.03,27.17,28.68,28.82,28.34,27.15,108.01,17.40,58.14,22.20,8.79,4.05,1.88,1.38,1.37,
Right Percent:
50000.00,142.03,157.95,177.20,162.21,138.52,126.45,117.19,111.21,82.00,30.21,16.69,13.61,9.99,8.04,7.04,6.23,5.58,5.16,4.80,4.52,4.20,3.97,3.74,3.71,3.55,3.23,2.94,2.75,2.60,2.41,2.32,2.32,2.31,2.29,2.39,2.15,2.11,2.16,2.18,2.19,2.19,2.22,2.30,2.25,2.26,2.27,2.32,2.39,2.46,2.71,3.31,5.64,387.45,380.99,232.70,147.14,74.24,3.04,1.80,1.90,
Left Percent:
50000.00,163.90,32.88,31.72,28.59,27.04,26.70,26.11,25.44,22.27,14.26,8.29,6.69,5.47,4.75,4.33,3.96,3.74,3.49,3.38,3.30,3.29,3.26,3.28,3.35,3.53,3.21,2.90,2.43,2.07,1.80,1.60,1.46,1.33,1.24,1.17,1.13,1.09,1.07,1.04,1.05,1.06,1.07,1.07,1.08,1.09,1.12,1.13,1.18,1.29,1.38,1.45,1.34,1.46,1.39,1.10,0.88,0.85,0.84,0.78,0.72,
Right Percent:
50000.00,74.43,62.80,60.81,57.49,46.64,43.87,40.44,43.98,37.54,23.43,11.32,9.27,7.24,6.07,5.32,4.61,4.22,3.75,3.66,3.53,3.45,3.43,3.52,3.58,3.71,3.62,2.74,2.13,1.78,1.51,1.34,1.21,1.09,1.00,0.92,0.89,0.82,0.85,0.82,0.84,0.85,0.86,0.86,0.88,0.91,0.95,0.99,1.09,1.23,1.39,1.59,1.79,3.93,6.66,7.53,10.52,4.14,3.33,3.40,3.19,
Left Percent:
50000.00,151.33,32.20,33.41,30.48,27.33,28.15,29.05,27.82,24.05,15.56,7.72,6.05,5.07,4.46,4.15,3.90,3.74,3.49,3.26,3.04,2.86,2.69,2.55,2.46,2.47,2.55,2.71,2.88,2.91,2.30,1.96,1.73,1.58,1.45,1.35,1.18,1.17,1.13,1.19,1.21,1.23,1.26,1.29,1.30,1.30,1.37,1.45,1.58,1.92,1.86,1.43,1.35,1.49,1.11,0.89,0.77,0.84,0.82,0.77,0.71,
Right Percent:
50000.00,90.44,51.58,66.88,63.05,54.86,51.86,56.08,46.73,42.70,21.73,15.17,14.01,10.64,8.89,7.85,6.81,6.29,5.55,5.06,4.63,4.16,3.77,3.49,3.08,2.69,2.54,2.41,2.32,2.39,2.81,2.99,2.42,2.07,1.78,1.62,1.45,1.39,1.35,1.47,1.49,1.52,1.58,1.64,1.68,1.68,1.84,2.11,2.57,3.13,2.86,2.71,3.38,5.81,5.64,10.25,25.64,32.22,9.83,4.62,4.74,
Left Percent:
50000.00,9.43,5.92,6.59,7.38,6.78,6.34,6.36,6.28,5.94,4.57,3.70,3.73,3.08,2.82,2.57,2.38,2.23,2.12,2.04,2.02,2.03,2.03,2.05,2.05,2.11,2.16,2.22,1.97,1.66,1.40,1.22,1.09,0.99,0.92,0.86,0.82,0.74,0.76,0.74,0.73,0.73,0.74,0.74,0.75,0.76,0.78,0.81,0.85,0.93,1.01,1.09,0.98,1.07,0.96,0.78,0.64,0.62,0.60,0.55,0.51,
Right Percent:
50000.00,19.00,20.67,20.08,20.57,18.76,16.31,15.72,14.39,13.72,10.42,8.12,6.97,5.70,4.83,4.22,3.69,3.25,2.97,2.72,2.52,2.45,2.32,2.29,2.23,2.22,2.21,2.20,2.18,2.10,1.79,1.60,1.45,1.33,1.26,1.18,1.14,1.11,1.09,1.05,1.07,1.07,1.09,1.11,1.14,1.17,1.22,1.30,1.41,1.56,1.71,1.85,2.10,3.99,4.42,4.63,5.88,1.88,1.27,1.08,1.06,
Left Percent:
50000.00,7.65,5.38,5.90,6.44,6.08,5.70,5.88,5.76,5.47,4.24,3.14,3.02,2.81,2.70,2.69,2.67,2.69,2.72,2.80,2.84,2.83,2.84,2.82,2.83,2.93,3.01,3.16,3.30,2.95,2.51,2.23,2.04,1.87,1.74,1.64,1.48,1.50,1.48,1.43,1.44,1.46,1.47,1.48,1.52,1.55,1.59,1.63,1.71,1.84,1.95,2.02,1.75,1.74,1.53,1.21,0.97,0.85,0.78,0.73,0.69,
Right Percent:
50000.00,15.57,14.42,15.01,15.19,13.72,12.10,12.09,11.51,10.67,8.11,6.65,5.67,4.96,4.42,4.16,3.93,3.72,3.42,3.11,2.97,2.76,2.65,2.53,2.42,2.44,2.45,2.51,2.53,2.54,2.52,2.26,2.03,1.88,1.76,1.68,1.59,1.61,1.55,1.53,1.55,1.56,1.58,1.61,1.65,1.71,1.81,1.95,2.16,2.43,2.64,2.87,3.22,6.44,5.14,5.53,4.34,1.81,1.01,0.85,0.85,
Left Percent:
50000.00,8.23,5.60,6.30,6.69,6.17,5.72,5.68,5.54,5.22,4.27,3.87,3.77,3.45,3.41,3.42,3.41,3.42,3.50,3.61,3.86,4.03,4.05,3.62,3.20,2.82,2.47,2.17,1.90,1.68,1.50,1.35,1.25,1.16,1.10,1.06,1.00,0.98,0.97,0.95,0.95,0.96,0.97,0.98,0.99,1.02,1.03,1.05,1.08,1.12,1.14,1.12,1.00,1.03,1.18,1.38,1.08,0.85,0.76,0.71,0.68,
Right Percent:
50000.00,11.67,10.40,10.73,11.27,10.48,9.31,8.82,8.51,7.95,6.18,5.05,4.51,3.56,3.30,2.97,2.73,2.49,2.29,2.17,2.19,2.15,2.09,2.05,2.03,2.09,2.16,2.25,2.36,2.40,2.48,2.44,2.32,2.08,1.90,1.80,1.66,1.68,1.62,1.57,1.59,1.60,1.63,1.68,1.73,1.82,1.92,2.08,2.33,2.68,2.85,2.91,3.35,5.91,4.35,3.60,2.62,1.22,0.85,0.77,0.76,
Left Percent:
50000.00,9.22,6.51,7.29,7.88,7.39,6.75,6.70,6.57,6.13,4.91,4.33,4.25,3.91,3.87,3.90,3.88,3.89,3.99,4.10,4.36,4.41,4.16,3.85,3.46,3.02,2.65,2.36,2.06,1.81,1.60,1.45,1.34,1.25,1.19,1.15,1.12,1.05,1.05,1.03,1.03,1.04,1.03,1.05,1.07,1.08,1.10,1.12,1.15,1.19,1.22,1.21,1.08,1.13,1.28,1.41,1.24,0.98,0.88,0.82,0.78,
Right Percent:
50000.00,11.18,9.99,10.14,10.66,10.17,8.78,8.29,7.96,7.38,5.82,4.64,4.11,3.17,2.90,2.56,2.30,2.06,1.91,1.81,1.84,1.95,2.05,2.08,2.11,2.24,2.58,2.83,3.23,3.00,2.48,2.18,1.97,1.80,1.67,1.59,1.50,1.50,1.43,1.38,1.40,1.42,1.44,1.49,1.54,1.60,1.69,1.82,2.05,2.29,2.44,2.56,3.01,6.26,5.22,2.94,1.94,1.01,0.71,0.64,0.64,
Left Percent:
50000.00,11.81,7.23,8.18,8.97,8.23,7.48,7.50,7.33,6.82,5.14,3.83,3.72,3.31,3.12,2.93,2.80,2.70,2.64,2.58,2.55,2.51,2.51,2.49,2.49,2.55,2.61,2.55,2.48,2.26,1.92,1.64,1.45,1.33,1.22,1.24,1.01,1.00,1.00,1.03,1.04,1.06,1.08,1.10,1.11,1.12,1.17,1.23,1.34,1.53,1.63,1.44,1.29,1.27,1.14,1.00,0.77,0.71,0.70,0.66,0.60,
Right Percent:
50000.00,25.23,14.54,17.65,21.42,19.15,16.36,15.90,15.52,14.13,9.19,8.76,9.31,7.86,6.82,6.83,6.29,5.74,5.30,4.85,4.56,4.13,3.99,3.78,3.50,3.11,2.69,2.24,1.98,1.91,2.17,2.47,2.73,2.90,2.46,2.16,1.84,1.73,1.75,1.96,1.96,2.03,2.13,2.20,2.21,2.23,2.60,3.07,3.16,2.63,2.40,2.26,2.87,5.01,5.60,9.26,13.15,5.04,2.24,1.47,1.47,
Left Percent:
50000.00,12.63,9.25,10.34,11.05,9.71,9.23,9.49,9.15,8.54,6.45,4.69,4.34,3.96,3.62,3.48,3.33,3.23,3.16,3.16,3.24,3.34,3.46,3.59,3.83,3.31,2.71,2.19,1.80,1.53,1.31,1.16,1.07,0.99,0.94,0.89,0.89,0.83,0.81,0.79,0.79,0.80,0.80,0.81,0.82,0.84,0.86,0.89,0.93,1.00,1.06,1.09,0.99,1.01,1.32,1.25,0.90,0.81,0.79,0.73,0.68,
Right Percent:
50000.00,27.04,23.43,22.72,23.04,18.80,17.18,16.00,14.94,13.22,9.42,6.73,4.78,4.17,3.42,2.98,2.62,2.33,2.12,1.99,2.04,2.17,2.22,2.32,2.45,2.67,2.77,2.87,2.91,2.83,2.61,2.26,1.98,1.77,1.66,1.52,1.41,1.44,1.37,1.34,1.35,1.37,1.38,1.42,1.46,1.53,1.63,1.75,1.97,2.27,2.54,2.74,3.08,6.61,6.12,4.46,2.31,1.00,0.66,0.57,0.57,
Left Percent:
50000.00,9.54,6.40,7.35,8.02,7.42,6.64,6.58,6.44,6.00,4.80,4.38,4.26,3.85,3.81,3.79,3.64,3.60,3.61,3.69,3.96,4.27,3.84,3.39,2.99,2.71,2.34,1.96,1.64,1.40,1.21,1.07,0.98,0.90,0.84,0.80,0.80,0.75,0.73,0.71,0.71,0.72,0.73,0.74,0.76,0.77,0.79,0.81,0.85,0.92,0.95,0.97,0.89,0.92,1.11,1.38,1.03,0.89,0.81,0.76,0.72,
Right Percent:
50000.00,11.03,9.17,9.60,10.03,9.64,8.52,8.18,7.74,7.28,5.61,4.56,4.13,3.28,3.10,2.83,2.61,2.51,2.48,2.58,2.61,2.53,2.47,2.43,2.44,2.56,2.69,2.76,2.84,2.87,2.40,2.06,1.84,1.65,1.51,1.44,1.32,1.37,1.31,1.27,1.30,1.30,1.33,1.37,1.44,1.49,1.57,1.70,1.88,2.12,2.25,2.31,2.61,5.02,5.57,4.04,3.08,1.45,0.88,0.73,0.73,
Left Percent:
50000.00,101.37,36.31,28.69,27.23,29.81,28.66,25.11,18.41,19.28,16.54,9.82,8.18,7.56,6.96,6.37,5.95,5.35,5.04,4.64,4.33,4.05,3.72,3.41,3.10,2.86,2.53,2.27,2.07,1.88,1.71,1.58,1.51,1.45,1.38,1.45,1.40,1.40,1.42,1.44,1.47,1.51,1.53,1.55,1.54,1.63,1.55,1.51,1.41,1.40,1.39,1.43,1.27,1.22,1.25,1.32,1.47,1.82,1.81,1.65,1.54,
Right Percent:
50000.00,831.11,781.10,609.53,606.29,626.85,603.37,544.63,530.79,533.42,201.90,104.62,97.86,65.99,45.03,34.19,27.88,20.81,17.65,15.09,12.85,10.36,8.69,7.32,5.90,4.91,3.92,3.14,2.79,2.38,2.14,2.06,2.05,2.08,2.12,2.35,2.13,2.08,2.07,2.05,2.05,2.04,2.05,2.08,2.09,2.15,2.08,2.02,1.94,1.98,2.14,2.35,3.13,7.71,8.45,20.14,55.97,55.62,53.18,54.40,64.57,
Left Percent:
50000.00,1065.55,1176.79,882.43,850.81,901.51,876.46,817.39,917.29,896.78,291.55,305.06,338.37,346.27,274.47,212.69,130.14,94.82,67.53,48.46,37.15,29.77,22.88,17.65,13.87,10.31,8.47,7.05,5.59,4.69,4.02,3.43,2.95,2.56,2.31,1.98,2.04,2.03,2.01,2.00,1.99,1.97,2.00,2.01,2.05,2.10,2.18,2.50,2.82,3.38,3.71,5.19,5.34,4.21,5.40,6.62,8.12,11.42,9.17,6.64,5.72,
Right Percent:
50000.00,1052.96,1196.78,896.15,862.91,917.23,887.84,827.51,928.40,910.44,126.23,44.12,39.30,32.71,27.68,23.49,18.44,15.94,14.45,12.36,11.00,9.72,8.36,7.33,6.33,5.25,4.52,3.99,3.51,3.08,2.82,2.59,2.39,2.18,2.06,2.03,1.97,1.94,1.93,1.93,1.92,1.91,1.92,1.95,1.98,2.02,2.07,2.24,2.47,2.60,2.78,3.03,5.35,13.63,47.31,249.01,124.08,96.63,88.54,101.97,159.87,
Left Percent:
50000.00,1023.48,476.97,497.26,687.70,770.85,694.04,485.79,429.42,47.95,17.97,12.02,11.74,10.15,8.76,8.05,7.57,7.08,6.68,6.24,5.91,5.66,5.37,5.14,5.01,4.90,4.34,3.74,3.25,2.82,2.44,1.97,1.76,1.57,1.44,1.29,1.23,1.20,1.18,1.19,1.26,1.26,1.27,1.28,1.30,1.47,1.56,1.69,1.86,2.08,2.22,2.18,1.83,1.84,1.75,1.47,1.41,1.59,2.09,2.18,1.75,
Right Percent:
50000.00,1019.53,1121.09,856.86,843.97,864.17,836.58,842.13,837.77,538.79,134.38,50.03,45.35,34.30,27.56,23.59,20.50,17.59,15.44,12.62,11.11,9.85,8.60,7.57,6.59,5.84,5.15,4.66,4.26,3.93,3.25,2.55,2.28,2.06,1.90,1.82,1.75,1.72,1.70,1.70,1.76,1.78,1.79,1.82,1.86,2.04,2.19,2.34,2.62,3.07,3.59,3.69,4.05,6.07,11.81,25.92,93.33,89.79,80.08,89.74,128.73,
Left Percent:
50000.00,13.76,9.18,10.67,11.61,10.43,9.26,9.02,8.78,8.08,6.57,6.43,6.18,5.60,5.44,5.39,5.32,5.34,5.41,5.57,4.70,3.88,3.29,3.31,2.88,2.54,2.20,1.91,1.68,1.46,1.31,1.19,1.11,1.04,0.98,0.94,0.92,0.89,0.87,0.86,0.86,0.87,0.89,0.90,0.91,0.93,0.94,0.96,0.98,1.01,1.01,0.98,0.89,0.95,1.03,1.26,1.42,1.11,0.99,0.93,0.89,
Right Percent:
50000.00,13.07,10.69,11.15,11.69,11.27,9.67,9.25,8.80,8.24,6.21,4.92,4.40,3.44,3.08,2.75,2.45,2.27,2.09,1.99,2.00,2.15,2.12,2.09,2.07,2.09,2.15,2.23,2.28,2.27,1.91,1.64,1.46,1.31,1.20,1.14,1.05,1.08,1.04,1.01,1.02,1.03,1.07,1.10,1.13,1.18,1.25,1.33,1.46,1.64,1.73,1.82,2.04,4.47,4.69,3.65,2.86,1.50,1.02,0.84,0.84,
Left Percent:
50000.00,4.55,3.02,3.23,3.38,3.32,3.20,3.14,3.12,3.07,2.83,2.62,2.77,2.63,2.61,2.60,2.51,2.47,2.45,2.41,2.55,2.56,2.59,2.66,2.53,2.27,2.08,1.88,1.69,1.42,1.20,1.00,0.88,0.77,0.71,0.67,0.63,0.62,0.59,0.59,0.57,0.58,0.59,0.60,0.61,0.62,0.64,0.68,0.75,0.85,0.90,0.98,0.99,1.06,1.09,1.25,0.98,0.88,0.84,0.79,0.75,
Right Percent:
50000.00,43.61,30.36,32.16,33.71,32.78,31.10,30.12,30.05,29.49,23.59,10.94,9.05,6.38,5.36,4.36,3.67,3.18,2.75,2.21,1.88,1.66,1.52,1.38,1.27,1.20,1.16,1.14,1.12,1.05,1.04,1.09,1.16,1.19,1.20,1.20,1.23,1.21,1.20,1.20,1.21,1.22,1.22,1.23,1.24,1.25,1.27,1.28,1.28,1.23,1.20,1.17,1.15,1.27,1.53,2.11,1.97,1.18,0.92,0.79,0.86,
Left Percent:
50000.00,10.01,7.00,7.87,8.30,7.88,7.32,7.09,6.93,6.52,5.51,5.08,4.94,4.34,4.16,3.96,3.82,3.74,3.70,3.72,3.80,3.72,3.62,3.51,3.38,3.33,2.94,2.55,2.16,1.88,1.62,1.46,1.33,1.23,1.15,1.10,1.07,1.02,1.00,0.97,0.98,0.98,0.99,1.00,1.03,1.05,1.07,1.10,1.14,1.22,1.26,1.27,1.16,1.19,1.39,1.23,1.06,0.97,0.94,0.87,0.81,
Right Percent:
50000.00,13.88,11.26,11.86,12.46,11.38,10.49,9.79,9.41,8.81,6.65,5.38,4.75,3.84,3.28,2.89,2.64,2.42,2.26,2.14,2.07,2.04,2.05,2.07,2.08,2.25,2.44,2.64,2.92,2.44,2.05,1.80,1.60,1.45,1.33,1.27,1.17,1.20,1.15,1.12,1.14,1.14,1.16,1.19,1.24,1.29,1.36,1.47,1.64,1.87,1.99,2.10,2.39,4.83,6.20,3.49,2.71,1.26,0.89,0.82,0.81,
Left Percent:
50000.00,860.90,1131.07,863.77,828.41,815.94,759.14,747.15,744.59,763.66,265.09,248.34,288.20,293.42,283.24,273.04,261.94,246.98,224.34,192.16,172.58,164.65,145.21,133.77,119.96,110.94,101.31,90.65,78.47,72.03,65.35,58.44,54.42,50.66,45.04,43.62,43.96,43.46,43.26,43.21,43.17,42.97,43.88,44.78,45.62,47.15,50.47,54.37,54.83,53.92,49.22,39.40,136.06,207.26,374.60,255.47,136.85,37.96,4.67,2.44,2.20,
Right Percent:
50000.00,850.85,425.73,304.79,152.86,103.29,80.15,73.90,68.79,61.79,25.81,14.20,12.23,10.37,8.96,8.13,7.54,7.03,6.45,5.59,5.13,4.83,4.31,4.00,3.65,3.38,3.10,2.80,2.47,2.32,2.18,2.05,1.94,1.84,1.74,1.75,1.68,1.66,1.66,1.66,1.67,1.67,1.70,1.74,1.78,1.82,1.88,1.98,2.02,2.13,2.38,2.89,4.05,18.95,178.07,252.58,135.04,88.24,75.22,72.89,97.48,
Left Percent:
50000.00,290.52,283.34,237.96,225.68,218.31,204.34,198.22,192.78,193.60,134.73,114.03,115.95,115.32,113.18,108.90,104.53,92.84,80.52,66.87,46.88,33.49,22.26,14.61,10.19,8.19,7.36,6.78,5.70,3.31,2.47,2.04,1.70,1.38,1.27,1.14,1.09,0.95,0.97,0.96,0.98,0.99,1.00,1.00,1.03,1.08,1.17,1.35,1.67,2.58,3.85,3.20,2.70,2.39,2.35,2.35,2.46,3.44,3.09,2.68,2.44,
Right Percent:
50000.00,41.93,39.13,26.41,22.77,20.91,18.03,17.82,17.53,17.62,18.84,12.04,10.21,9.50,9.03,8.37,7.78,7.19,6.67,6.25,5.89,5.55,5.23,4.92,4.60,4.29,3.94,3.52,3.07,2.57,2.33,2.13,1.94,1.79,1.70,1.57,1.50,1.42,1.44,1.45,1.47,1.49,1.51,1.53,1.58,1.65,1.75,1.91,2.08,2.38,3.02,4.29,5.48,14.40,20.29,95.94,79.78,12.72,7.76,6.31,7.16,
Left Percent:
50000.00,10.01,8.19,8.66,9.23,8.54,8.56,8.59,8.53,8.35,6.79,6.13,6.21,5.81,5.52,5.40,5.30,5.24,5.37,5.31,5.31,5.41,5.39,5.25,5.15,4.82,4.48,4.02,3.57,3.24,2.91,2.56,2.32,2.16,2.08,1.86,1.84,1.80,1.78,1.81,1.79,1.82,1.86,1.89,1.91,1.94,2.08,2.15,2.32,2.54,2.65,2.48,2.04,2.22,2.08,2.00,1.60,1.88,2.35,2.46,2.12,
Right Percent:
50000.00,120.04,99.12,104.26,112.13,102.29,104.44,104.83,104.85,103.26,69.65,60.24,61.02,56.93,51.74,49.19,46.94,44.67,41.56,40.01,38.18,36.34,34.61,32.55,30.49,28.09,26.25,24.47,22.62,20.98,19.37,17.62,16.28,15.44,15.22,14.01,13.99,14.02,14.05,14.08,14.06,14.22,14.20,14.21,14.34,14.55,15.12,15.55,16.29,17.25,17.67,14.39,12.24,13.01,12.36,12.83,16.02,22.30,28.95,31.58,29.79,
Left Percent:
50000.00,32.65,28.18,21.93,19.09,19.69,20.78,21.51,21.80,22.80,19.98,10.98,9.09,8.37,7.86,7.05,6.63,6.26,5.94,5.47,4.73,4.45,4.15,3.74,3.48,3.23,2.99,2.70,2.39,2.09,1.92,1.81,1.67,1.57,1.50,1.47,1.53,1.42,1.42,1.44,1.45,1.48,1.49,1.51,1.53,1.53,1.55,1.58,1.60,1.54,1.59,1.53,1.40,1.32,1.34,1.39,1.60,2.15,2.40,2.18,1.95,
Right Percent:
50000.00,584.85,876.08,715.67,662.52,683.54,673.30,668.08,692.07,727.43,278.69,299.75,370.64,440.89,464.18,469.84,459.56,411.18,314.91,191.45,63.32,40.08,26.31,16.92,11.66,9.34,8.43,7.31,7.21,5.36,3.87,2.93,2.37,2.08,1.81,1.66,1.63,1.55,1.54,1.54,1.58,1.60,1.62,1.71,1.80,1.91,2.17,2.62,3.27,4.33,6.60,8.97,99.43,57.82,83.46,83.31,21.65,1.49,0.81,0.65,0.64,
Left Percent:
50000.00,18.43,15.83,16.43,16.11,15.37,14.01,13.14,10.24,10.01,8.53,6.83,6.62,5.68,5.28,5.01,4.78,4.57,4.30,4.09,3.91,3.67,3.43,3.17,2.92,2.73,2.54,2.34,2.13,1.97,1.81,1.67,1.58,1.51,1.44,1.36,1.29,1.29,1.29,1.30,1.42,1.41,1.44,1.45,1.46,1.49,1.50,1.50,1.53,1.54,1.49,1.31,1.23,1.42,1.30,1.41,1.82,2.25,2.19,2.14,2.01,
Right Percent:
50000.00,759.47,658.09,605.05,593.86,580.40,572.49,409.20,44.82,42.36,15.28,9.90,9.77,8.01,7.31,6.82,6.43,6.07,5.82,5.51,5.17,4.85,4.38,3.94,3.53,3.22,2.98,2.76,2.58,2.49,2.41,2.42,2.41,2.34,2.30,2.21,2.12,2.11,2.10,2.11,2.20,2.18,2.21,2.25,2.29,2.38,2.43,2.51,2.36,2.20,2.27,2.38,2.67,3.57,3.64,4.87,20.77,79.74,72.35,75.83,98.78,
Left Percent:
50000.00,833.16,845.50,718.13,669.70,616.61,407.83,382.16,406.19,442.55,256.76,46.45,24.19,20.41,17.82,14.95,12.25,10.24,8.64,7.62,6.69,6.08,5.45,4.88,4.47,4.13,3.77,3.40,3.23,3.13,2.77,2.49,2.33,2.22,2.12,2.05,1.98,1.90,1.99,2.02,2.07,2.11,2.19,2.22,2.28,2.31,2.34,2.36,2.43,2.37,2.53,3.48,3.51,3.70,5.74,5.72,4.77,3.93,2.27,1.75,1.84,
Right Percent:
50000.00,24.05,17.05,14.60,12.29,11.52,11.11,10.90,10.72,10.67,10.25,7.12,6.45,5.93,5.60,5.27,4.92,4.59,4.27,4.02,3.76,3.55,3.34,3.12,2.92,2.76,2.53,2.23,2.05,1.85,1.69,1.54,1.44,1.36,1.27,1.20,1.15,1.05,1.09,1.10,1.12,1.12,1.14,1.19,1.23,1.30,1.38,1.49,1.63,1.80,2.27,3.13,4.15,11.98,85.57,156.03,85.62,10.07,4.83,4.34,5.23,
Left Percent:
50000.00,10.64,7.25,8.11,8.36,7.69,7.34,7.25,7.01,6.48,5.19,4.41,4.43,4.04,3.89,3.86,3.79,3.84,3.93,4.04,4.02,4.04,4.07,3.83,3.37,2.93,2.55,2.23,1.94,1.71,1.53,1.38,1.27,1.18,1.12,1.07,1.00,1.01,1.00,0.98,0.98,0.99,1.00,1.01,1.03,1.05,1.07,1.09,1.13,1.17,1.19,1.17,1.05,1.07,1.24,1.40,1.10,0.87,0.81,0.75,0.71,
Right Percent:
50000.00,33.44,24.73,25.78,27.93,21.04,18.48,17.18,17.57,15.55,10.63,6.49,5.16,4.25,3.56,3.17,2.85,2.66,2.61,2.65,2.58,2.63,2.57,2.59,2.63,2.88,3.14,3.32,3.04,2.48,2.04,1.74,1.53,1.37,1.26,1.19,1.11,1.14,1.10,1.09,1.09,1.10,1.12,1.15,1.18,1.24,1.32,1.43,1.59,1.79,1.95,2.05,2.32,4.69,6.77,3.73,3.41,1.61,1.13,0.94,0.94,
Left Percent:
50000.00,544.61,911.76,707.57,790.99,785.66,733.47,605.31,736.94,789.22,270.78,230.74,272.00,258.48,242.05,218.75,192.13,142.93,105.29,52.23,22.82,11.55,7.91,5.73,4.32,3.51,2.86,2.28,1.97,1.81,1.73,1.70,1.70,1.74,1.75,1.60,1.55,1.53,1.52,1.51,1.51,1.53,1.58,1.75,1.80,1.84,1.83,1.74,1.62,1.51,1.36,1.20,1.10,1.11,1.02,0.92,0.98,1.38,2.07,2.05,1.57,
Right Percent:
50000.00,530.94,925.17,717.40,798.07,790.15,737.12,598.31,590.59,524.24,83.68,32.36,25.84,17.82,14.81,12.60,10.93,9.24,8.36,7.38,6.45,5.65,5.19,4.72,4.28,3.86,3.45,3.06,2.76,2.59,2.31,2.06,1.91,1.80,1.63,1.60,1.53,1.52,1.50,1.50,1.50,1.51,1.55,1.71,1.76,1.81,1.83,1.88,2.02,2.24,2.41,2.52,2.90,3.93,5.87,11.17,59.59,68.81,74.84,81.05,92.39,
Left Percent:
50000.00,627.56,1062.26,748.54,775.16,803.89,762.10,740.58,763.99,798.20,274.88,260.40,458.74,707.80,919.90,911.62,951.72,1024.64,1069.45,1035.26,969.06,834.59,824.39,757.33,602.39,503.57,390.72,331.93,271.52,179.66,140.12,107.41,94.58,83.37,70.76,91.51,77.96,67.78,67.19,65.37,62.95,59.02,58.27,57.83,57.10,57.62,65.13,90.57,98.15,92.98,67.95,41.09,149.93,262.23,265.38,246.21,159.91,97.56,89.37,102.07,167.34,
Right Percent:
50000.00,642.59,1095.23,781.71,802.51,831.26,788.14,766.04,789.36,817.88,149.47,51.25,225.36,233.39,150.32,85.23,76.75,74.01,73.46,69.25,64.24,60.43,56.54,51.59,39.64,31.69,22.90,18.78,15.04,9.94,7.86,6.21,5.59,5.07,4.50,5.72,4.95,4.39,4.35,4.25,4.13,3.94,3.89,3.86,3.81,3.80,4.14,5.47,6.31,7.29,7.71,6.31,9.15,87.77,32.03,226.27,164.64,100.16,91.68,105.59,173.53,
Left Percent:
50000.00,384.76,459.16,368.21,310.78,308.20,308.83,278.28,271.20,261.16,167.06,100.40,111.59,101.87,91.01,77.19,71.01,64.29,58.69,53.59,50.04,47.19,44.50,41.21,37.86,34.61,31.30,28.77,26.29,23.81,22.56,20.66,19.28,18.18,16.92,15.64,15.43,15.40,15.51,15.59,15.75,15.77,16.08,16.51,17.67,19.06,20.09,21.46,22.61,22.93,22.49,23.32,88.52,89.48,337.36,249.67,147.23,29.54,15.31,10.58,10.03,
Right Percent:
50000.00,45.21,40.41,36.50,27.56,26.61,26.69,23.38,22.38,20.79,16.94,8.51,8.61,7.24,6.32,5.51,5.18,4.87,4.63,4.49,4.38,4.20,4.00,3.77,3.56,3.41,3.19,3.01,2.92,3.11,3.41,3.62,3.72,3.80,3.70,3.11,3.02,2.94,2.99,3.01,3.06,3.07,3.15,3.27,3.75,3.87,3.79,3.70,3.68,3.36,2.96,3.62,6.73,52.81,336.01,248.32,84.13,2.97,1.23,0.95,0.93,
Left Percent:
50000.00,706.44,994.51,726.41,685.48,666.37,619.89,606.82,604.49,624.88,263.11,239.25,280.56,306.88,314.97,308.73,294.72,265.30,257.75,195.76,157.23,147.29,141.11,111.44,106.13,94.76,94.94,73.77,53.88,36.61,17.35,11.56,6.85,4.59,3.85,3.25,2.84,2.05,2.41,2.57,2.65,2.76,2.72,2.94,3.18,3.73,4.08,4.87,9.03,14.34,31.60,47.13,19.38,6.98,9.03,4.79,2.35,1.56,1.01,0.85,0.81,
Right Percent:
50000.00,77.90,90.74,58.61,49.51,48.51,44.98,43.55,42.38,41.45,29.69,20.07,18.67,17.68,18.49,16.25,13.08,11.05,10.19,8.79,7.97,6.98,6.33,5.81,5.30,4.88,4.43,3.95,3.55,3.19,2.80,2.51,2.28,2.06,1.89,1.75,1.62,1.45,1.54,1.57,1.59,1.64,1.64,1.71,1.80,1.96,2.14,2.33,2.58,2.98,3.81,5.21,10.87,25.86,264.47,169.10,89.27,11.14,6.01,4.84,5.55,
Left Percent:
50000.00,23.84,11.14,15.86,17.28,15.59,16.14,17.10,16.03,14.36,8.25,7.20,6.05,4.72,4.09,3.81,3.79,4.10,4.58,4.62,4.69,4.80,4.88,4.27,3.57,2.99,2.58,2.20,1.89,1.61,1.42,1.26,1.15,1.06,0.98,0.91,0.87,0.82,0.81,0.80,0.81,0.82,0.82,0.82,0.84,0.85,0.86,0.88,0.92,0.98,1.02,1.05,0.96,1.07,1.25,1.36,1.13,1.13,1.10,1.05,0.98,
Right Percent:
50000.00,25.46,43.34,34.60,29.10,28.37,27.22,26.70,26.40,27.06,21.98,16.44,16.88,15.96,15.70,15.37,14.22,11.94,10.01,8.61,7.45,6.57,5.94,5.18,4.63,4.13,3.69,3.29,2.88,2.55,2.26,2.04,1.86,1.68,1.53,1.39,1.32,1.17,1.23,1.23,1.26,1.28,1.27,1.29,1.32,1.36,1.38,1.45,1.55,1.71,1.87,2.10,2.16,3.77,5.72,11.12,19.11,7.27,4.45,3.37,3.41,
Left Percent:
50000.00,523.65,134.51,71.35,64.09,43.36,28.05,31.17,31.64,35.70,34.59,13.73,10.23,8.87,8.18,7.48,6.91,6.44,5.93,5.35,4.92,4.42,4.05,3.69,3.34,3.04,2.62,2.42,2.21,2.00,1.76,1.59,1.48,1.39,1.34,1.21,1.24,1.23,1.25,1.26,1.28,1.29,1.33,1.39,1.38,1.40,1.41,1.40,1.42,1.51,1.50,1.57,1.45,1.46,1.52,1.62,1.78,2.11,2.05,1.82,1.65,
Right Percent:
50000.00,1112.82,1171.06,919.35,892.71,815.43,861.99,787.71,795.78,858.63,200.98,21.72,16.45,12.17,10.66,9.64,8.55,7.78,6.98,6.32,5.73,5.04,4.71,4.31,3.97,3.66,3.05,2.76,2.48,2.31,2.20,2.16,2.13,2.11,2.03,1.85,1.96,1.95,1.96,1.97,1.98,1.98,1.98,2.05,2.07,2.12,2.14,2.13,2.06,2.04,2.17,2.53,2.89,5.45,8.71,62.01,96.17,80.14,77.25,83.65,117.11,
Left Percent:
50000.00,788.14,673.10,472.76,400.45,388.92,364.04,357.72,358.58,366.21,210.69,151.89,146.39,143.03,134.54,128.84,121.39,115.65,108.29,100.54,95.15,88.94,79.51,74.37,70.03,65.38,60.60,55.93,49.86,43.60,39.65,35.41,32.90,30.74,28.11,20.25,26.13,25.62,25.90,26.00,26.14,26.15,26.48,27.07,27.81,30.42,31.99,33.40,35.14,36.93,36.12,34.09,84.86,130.43,359.40,258.30,118.29,87.39,43.34,11.15,10.06,
Right Percent:
50000.00,52.69,39.23,29.86,25.44,24.60,23.41,22.91,22.63,22.57,18.21,12.12,10.68,9.66,8.73,8.18,7.65,7.27,6.84,6.41,6.08,5.71,5.22,4.91,4.63,4.30,3.92,3.54,3.08,2.63,2.38,2.13,1.98,1.85,1.71,1.48,1.59,1.56,1.57,1.58,1.58,1.58,1.60,1.63,1.68,1.82,1.91,2.00,2.17,2.48,3.07,3.79,5.30,7.20,58.91,264.27,120.64,88.97,42.85,69.09,163.75,
Left Percent:
50000.00,10.36,9.73,10.16,10.40,10.25,10.52,10.88,10.98,10.59,8.33,7.11,6.55,6.04,5.63,5.26,4.97,4.68,4.44,4.21,4.07,3.85,3.68,3.48,3.26,3.03,2.83,2.62,2.41,2.18,2.07,1.94,1.83,1.76,1.65,1.47,1.44,1.40,1.40,1.38,1.40,1.47,1.56,1.55,1.55,1.57,1.61,1.68,1.74,1.77,1.70,1.52,1.39,1.53,1.38,1.49,1.87,2.52,2.71,2.60,2.47,
Right Percent:
50000.00,265.07,223.09,226.10,226.36,215.32,206.80,203.99,199.30,192.13,126.33,118.48,123.44,116.52,103.40,93.70,86.75,81.69,77.33,73.92,71.50,68.41,66.19,62.71,59.44,59.37,40.23,28.94,19.19,12.33,10.78,7.84,6.38,5.18,4.30,4.25,3.77,3.68,3.78,3.57,3.58,3.85,4.70,4.19,4.09,4.12,4.86,6.11,8.89,13.49,9.88,4.58,9.87,25.81,24.63,24.11,25.84,29.31,31.06,31.26,31.16,
Left Percent:
50000.00,715.62,1009.20,715.96,801.81,791.30,769.57,723.63,744.61,791.13,277.10,325.94,406.60,701.01,1016.86,1475.13,2154.17,2799.26,3340.57,3345.74,3205.94,2338.40,1974.89,1694.69,1603.20,1866.05,1712.88,1852.67,2156.06,1902.12,977.35,672.88,593.25,279.01,49.77,63.59,13.99,19.73,13.05,12.13,11.07,10.84,11.06,11.60,12.64,16.32,40.95,35.22,68.87,167.28,108.29,57.54,124.10,9.02,17.68,11.56,9.09,5.06,2.72,1.95,1.76,
Right Percent:
50000.00,711.58,439.56,704.98,805.35,793.17,748.61,717.00,714.79,688.04,114.51,234.91,293.48,465.06,394.69,505.22,613.26,935.05,1133.02,1149.17,1282.85,1221.00,1264.46,1137.98,524.40,381.30,294.25,222.06,176.93,111.13,38.64,25.77,22.29,18.75,15.56,15.09,45.34,17.08,12.63,9.71,8.68,7.95,7.66,7.44,7.19,9.73,13.91,16.55,28.55,54.44,31.44,15.30,54.26,208.56,127.60,175.95,131.85,72.26,52.19,44.95,49.02,
Left Percent:
50000.00,14.79,11.90,11.59,11.30,10.91,11.03,11.04,11.11,11.35,9.92,7.79,6.91,6.28,5.90,5.50,5.19,4.92,4.70,4.52,4.29,4.06,3.74,3.44,3.26,3.06,2.89,2.66,2.46,2.30,2.11,1.90,1.80,1.71,1.64,1.56,1.57,1.53,1.52,1.52,1.53,1.54,1.54,1.56,1.58,1.58,1.61,1.67,1.68,1.64,1.63,1.50,1.34,1.32,1.28,1.33,1.55,1.74,1.79,1.71,1.59,
Right Percent:
50000.00,509.36,48.75,160.10,229.96,147.49,116.05,121.95,92.95,63.24,21.38,28.52,66.42,37.55,29.91,33.25,38.10,40.74,46.66,49.76,60.89,62.01,55.20,39.74,32.14,26.48,20.39,16.63,13.73,12.55,10.77,6.76,6.73,6.31,5.93,8.20,11.47,6.32,5.60,5.18,4.92,4.79,4.59,4.38,4.38,4.11,4.38,5.62,6.32,6.09,5.33,2.89,3.53,8.83,3.46,4.56,12.57,66.58,66.23,58.73,55.28,
Left Percent:
50000.00,28.53,12.59,15.21,15.98,14.11,13.63,13.99,12.95,11.73,7.79,7.14,7.46,6.78,6.38,6.08,5.86,5.65,5.50,5.43,5.36,5.40,5.39,5.14,4.24,3.50,2.97,2.55,2.12,1.82,1.63,1.47,1.34,1.21,1.13,1.08,0.97,1.00,0.98,0.98,0.99,1.00,1.01,1.02,1.04,1.06,1.10,1.15,1.23,1.34,1.41,1.42,1.28,1.42,1.69,1.69,1.42,1.42,1.42,1.36,1.24,
Right Percent:
50000.00,152.38,78.53,77.77,53.57,45.20,44.22,38.57,35.36,31.82,22.42,8.30,7.45,5.99,4.97,4.23,3.63,3.24,2.95,2.76,2.64,2.64,2.68,2.84,2.85,2.76,2.68,2.62,2.51,2.40,2.28,2.15,1.89,1.67,1.47,1.39,1.27,1.30,1.25,1.29,1.31,1.33,1.35,1.38,1.43,1.48,1.59,1.74,1.95,2.31,2.49,2.51,3.10,5.60,5.66,8.73,2.85,1.17,0.75,0.66,0.65,
Left Percent:
50000.00,8.72,7.87,7.91,8.11,6.62,6.78,7.17,7.67,7.78,6.77,5.68,5.77,5.50,5.34,5.23,5.10,4.91,4.74,4.54,4.30,4.03,3.72,3.43,3.13,2.89,2.62,2.36,2.12,1.91,1.71,1.55,1.42,1.33,1.26,1.20,1.28,1.10,1.09,1.09,1.10,1.11,1.13,1.12,1.13,1.16,1.20,1.28,1.40,1.58,1.81,1.96,2.07,2.50,3.03,3.95,3.44,3.35,3.82,4.13,4.29,
Right Percent:
50000.00,193.12,81.64,52.29,43.34,26.79,30.15,28.26,30.10,30.90,33.54,17.89,16.54,15.35,14.19,12.93,11.87,11.08,10.25,9.37,8.73,8.22,7.59,7.01,6.44,5.96,5.48,4.93,4.41,3.87,3.24,2.84,2.53,2.32,2.15,1.98,1.64,1.67,1.72,1.77,1.79,1.83,1.88,1.87,1.92,2.02,2.14,2.31,2.61,3.27,4.11,5.09,5.64,9.17,17.26,17.31,94.99,29.97,10.69,27.53,40.36,
Left Percent:
50000.00,759.98,1057.23,804.07,832.97,836.30,812.83,806.43,822.25,843.49,265.29,313.95,292.20,99.44,44.13,27.54,20.71,14.76,11.69,8.75,7.25,6.39,5.53,5.07,4.82,4.93,5.28,5.63,4.55,3.00,2.01,1.84,1.65,1.51,1.44,1.19,1.24,1.21,1.20,1.19,1.22,1.23,1.25,1.28,1.33,1.38,1.42,1.57,1.79,2.23,3.04,2.14,0.76,1.69,2.04,1.09,0.90,0.99,1.00,0.91,
Right Percent:
50000.00,761.82,805.42,357.08,312.80,216.82,200.82,178.91,163.62,147.21,37.64,19.08,17.35,14.29,12.65,11.37,10.53,9.44,9.04,7.76,6.79,6.04,5.23,4.63,4.07,3.67,3.28,2.94,2.58,11.31,2.14,2.06,1.97,1.87,1.79,1.74,1.65,1.64,1.63,1.63,1.66,1.67,1.68,1.73,1.80,1.85,1.90,1.94,2.03,2.12,2.29,2.60,2.97,3.12,5.92,19.57,40.75,42.61,41.86,43.24,
Left Percent:
50000.00,646.30,994.38,720.12,798.21,775.66,719.49,715.01,740.16,769.77,271.76,320.06,380.83,295.43,199.49,119.00,78.63,56.07,37.50,29.63,23.55,19.16,16.21,12.58,11.10,9.49,8.26,6.87,5.75,4.55,3.37,3.03,2.99,3.14,3.20,3.28,2.41,3.68,3.65,3.95,4.04,4.07,4.08,4.28,4.32,3.97,3.70,3.29,2.71,2.59,3.03,3.44,2.56,1.88,2.22,2.19,2.04,1.72,1.35,1.13,1.07,
Right Percent:
50000.00,640.84,999.18,723.16,801.81,778.01,721.40,716.52,742.18,771.72,270.16,225.66,93.38,55.67,27.26,18.24,11.89,9.46,7.02,6.18,5.40,4.43,4.13,3.55,2.98,2.67,2.48,2.26,2.13,2.11,2.28,2.46,2.64,2.72,2.58,2.32,1.94,2.13,2.08,2.06,2.08,2.14,2.13,2.15,2.27,2.47,2.76,2.77,2.76,2.56,2.48,2.95,19.32,47.37,58.60,54.37,51.50,2.01,0.73,0.59,0.59,
Left Percent:
50000.00,8.31,5.93,6.64,6.99,6.52,6.07,6.00,5.93,5.62,4.74,4.42,4.33,4.04,3.98,3.97,3.92,3.85,3.86,3.90,3.95,3.94,3.92,3.88,3.62,3.28,2.97,2.67,2.38,2.19,2.02,1.86,1.74,1.62,1.50,1.31,1.31,1.27,1.27,1.26,1.30,1.31,1.33,1.41,1.45,1.47,1.47,1.51,1.60,1.65,1.62,1.50,1.25,1.27,1.18,1.24,1.11,0.93,0.83,0.78,0.75,
Right Percent:
50000.00,311.64,245.89,248.44,269.80,245.54,239.29,234.68,233.98,228.71,141.23,123.91,130.61,121.92,110.01,101.40,93.55,87.49,83.06,79.88,75.87,62.51,57.35,51.59,43.90,30.71,23.16,17.55,12.63,10.66,9.43,7.35,6.27,6.05,4.61,4.75,4.14,4.03,4.09,3.96,4.10,3.98,4.11,4.74,5.63,5.19,5.31,6.13,8.06,10.13,8.20,5.88,7.45,21.21,21.88,19.55,20.88,25.82,26.87,26.18,22.31,
