Left Percent:
50000.00,27.05,21.70,21.96,17.71,17.18,17.89,18.78,19.48,20.53,18.18,16.13,14.99,16.25,17.39,18.13,20.60,21.84,20.77,23.15,21.67,22.31,18.05,16.70,12.25,11.40,10.11,7.77,6.35,5.46,4.80,4.21,2.70,3.22,3.06,2.93,2.70,2.64,2.59,2.62,2.64,2.60,2.69,2.95,2.93,2.97,3.31,3.79,4.33,5.85,6.85,10.53,22.56,142.41,132.14,116.75,89.08,61.00,55.61,90.47,93.77,113.70,132.28,
Right Percent:
50000.00,44.31,35.47,33.26,27.73,26.29,26.31,26.64,27.06,27.87,25.48,21.09,19.17,19.21,18.87,18.58,18.73,18.36,17.51,17.17,16.05,14.82,13.04,11.85,9.89,9.11,8.20,6.94,6.14,5.48,4.97,4.46,3.35,3.67,3.59,3.49,3.30,3.26,3.22,3.24,3.25,3.23,3.30,3.58,3.68,3.84,4.26,4.93,5.86,8.14,13.38,16.68,9.60,14.24,13.24,11.81,9.91,8.52,7.85,7.89,10.63,8.26,10.61,
Left Percent:
50000.00,21.47,16.86,14.82,14.36,13.71,11.43,11.18,11.45,11.37,10.71,7.60,7.10,6.67,6.45,6.05,5.74,5.47,5.19,4.91,4.62,4.38,4.11,3.85,3.58,3.33,3.07,2.83,2.58,2.34,2.15,1.98,1.85,1.73,1.47,1.59,1.58,1.56,1.55,1.58,1.60,1.62,1.66,1.69,1.74,1.80,1.88,1.98,2.16,2.50,2.82,2.99,3.12,3.47,5.16,10.11,31.93,35.30,47.87,21.29,45.72,50.48,59.74,
Right Percent:
50000.00,24.88,19.29,17.50,16.86,16.22,13.46,13.34,13.66,13.42,12.64,9.79,8.98,8.57,8.46,8.01,7.57,7.38,7.11,6.83,6.47,6.29,5.98,5.63,5.27,4.94,4.48,4.09,3.64,3.23,2.92,2.63,2.45,2.28,1.99,2.10,2.07,2.07,2.05,2.12,2.15,2.20,2.28,2.35,2.42,2.52,2.70,2.93,3.32,4.31,5.23,6.09,4.47,3.51,3.57,4.88,4.31,3.50,3.11,3.01,2.60,2.79,3.28,
Left Percent:
50000.00,19.00,14.61,13.00,12.56,10.30,9.70,9.51,9.60,9.83,8.97,6.52,5.97,5.68,5.51,5.23,4.99,4.81,4.57,4.35,4.14,3.76,3.51,3.28,3.07,2.85,2.67,2.45,2.22,2.04,1.87,1.72,1.58,1.48,1.29,1.25,1.23,1.22,1.22,1.27,1.34,1.37,1.39,1.42,1.47,1.53,1.61,1.72,1.86,2.07,2.38,2.87,3.01,3.40,4.74,10.88,19.04,46.89,69.84,22.13,83.26,92.90,113.45,
Right Percent:
50000.00,34.79,27.45,25.48,24.75,20.31,19.23,19.19,19.47,20.12,18.60,14.89,13.60,13.58,13.53,13.00,12.39,12.14,11.72,11.37,11.00,9.83,9.39,8.73,8.37,7.77,7.25,6.61,5.81,5.35,4.77,4.31,3.94,3.66,3.17,3.05,2.99,2.97,3.02,3.15,3.40,3.47,3.55,3.68,3.82,4.10,4.42,4.91,5.57,6.97,9.54,6.02,4.46,3.83,5.05,6.59,5.99,4.25,3.42,3.20,3.25,3.55,4.24,
Left Percent:
50000.00,25.25,19.51,18.17,17.46,13.38,13.22,13.37,13.46,14.07,12.04,9.29,8.07,7.85,7.43,7.05,6.70,6.08,5.77,5.49,5.20,4.92,4.64,4.34,4.03,3.72,3.42,3.11,2.80,2.57,2.30,2.11,1.80,1.83,1.62,1.58,1.55,1.53,1.51,1.52,1.53,1.57,1.71,1.74,1.79,1.84,1.98,2.11,2.31,2.61,2.97,5.17,6.99,9.16,15.49,36.81,171.59,99.28,94.99,480.37,567.07,684.64,735.82,
Right Percent:
50000.00,37.08,26.50,24.36,23.10,17.69,17.10,17.26,17.20,18.07,14.65,11.11,9.77,9.69,9.28,8.85,8.41,7.62,7.20,6.83,6.47,6.08,5.74,5.38,4.98,4.57,4.18,3.74,3.34,3.05,2.70,2.46,2.09,2.13,1.88,1.83,1.79,1.76,1.73,1.75,1.76,1.81,1.98,2.04,2.10,2.19,2.40,2.63,2.97,3.61,4.47,15.32,110.86,66.30,28.99,45.44,27.31,29.68,34.41,31.52,25.45,26.87,33.83,
Left Percent:
50000.00,19.10,18.15,15.64,14.06,12.74,12.27,12.12,12.16,12.34,12.51,8.08,7.81,7.22,6.98,6.74,6.62,6.46,6.29,6.10,5.88,5.69,5.38,5.12,4.79,4.47,4.09,3.66,3.41,3.21,2.93,2.69,2.47,2.19,2.34,2.36,2.34,2.37,2.40,2.45,2.52,2.61,2.66,2.70,2.84,3.03,3.06,3.28,3.31,3.52,3.81,3.26,3.31,3.30,3.95,6.77,9.97,10.42,11.95,16.59,26.48,49.01,79.93,
Right Percent:
50000.00,36.02,26.49,26.14,19.91,19.98,20.26,20.54,20.29,20.27,19.85,12.66,11.85,10.45,9.80,9.29,8.91,8.51,8.13,7.78,7.44,7.15,6.80,6.49,6.06,5.75,5.38,4.84,4.53,4.28,3.92,3.60,3.33,2.96,3.15,3.20,3.21,3.24,3.31,3.38,3.50,3.63,3.69,3.76,3.96,4.21,4.19,4.42,4.33,4.41,4.60,3.26,2.95,2.69,3.06,2.38,2.27,1.88,1.65,2.13,1.92,2.16,2.68,
Left Percent:
50000.00,18.23,16.52,15.71,12.81,12.59,12.39,12.70,12.93,13.46,12.13,9.38,8.16,7.96,7.60,7.23,6.91,6.66,6.33,6.06,5.71,5.39,4.98,4.57,4.19,3.82,3.50,2.95,2.65,2.36,2.12,1.90,1.80,1.63,1.58,1.53,1.51,1.48,1.49,1.49,1.49,1.54,1.61,1.65,1.74,1.88,1.94,2.05,2.21,2.50,2.76,3.76,4.84,6.86,10.45,231.13,188.21,102.25,99.32,991.62,152.58,14829.87,7328.59,
Right Percent:
50000.00,31.98,22.48,19.40,15.42,14.29,13.50,13.40,13.41,13.62,10.84,7.98,7.18,7.01,6.71,6.47,6.22,5.98,5.73,5.47,5.18,4.95,4.60,4.25,3.94,3.62,3.31,2.80,2.52,2.24,2.02,1.81,1.68,1.57,1.53,1.49,1.47,1.43,1.44,1.45,1.45,1.49,1.57,1.61,1.71,1.87,1.98,2.12,2.35,2.78,3.23,7.99,32.70,132.82,129.33,131.67,115.81,101.74,98.94,989.50,150.84,23552.21,7044.51,
Left Percent:
50000.00,28.25,23.82,25.01,24.66,18.92,19.02,19.72,20.22,20.75,19.89,15.05,13.60,13.76,12.93,12.62,12.10,11.43,10.82,10.01,9.45,8.83,8.32,7.80,7.17,6.70,6.39,5.94,5.58,5.24,4.23,3.77,3.46,2.77,2.91,2.81,2.74,2.71,2.71,2.85,2.86,2.92,3.01,3.13,3.49,3.58,3.79,4.03,4.51,5.32,5.93,3.70,3.24,2.77,3.37,3.95,5.47,4.92,4.84,11.58,7.08,16.31,46.06,
Right Percent:
50000.00,29.14,23.24,22.42,21.48,17.70,17.36,17.80,17.91,18.11,17.39,14.90,13.27,13.65,12.87,12.59,12.07,11.84,11.69,11.35,11.04,10.73,10.38,9.75,9.20,8.46,7.77,7.05,6.18,5.66,4.56,4.09,3.75,3.24,3.21,3.11,3.05,3.04,3.03,3.21,3.22,3.30,3.42,3.61,4.09,4.30,4.66,5.08,5.87,7.39,10.81,13.52,8.20,6.20,6.26,8.32,6.78,5.16,4.34,4.43,3.32,3.73,4.56,
Left Percent:
50000.00,12.47,10.91,10.82,9.77,9.51,9.58,9.64,9.75,9.83,8.94,7.74,7.71,7.67,7.63,7.59,7.53,7.52,7.44,7.30,7.06,6.92,6.20,5.65,5.33,4.82,4.34,3.90,3.62,3.31,3.01,2.63,2.42,2.33,2.25,2.17,2.12,2.09,2.08,2.06,2.05,2.05,2.06,2.11,2.26,2.31,2.42,2.66,2.95,3.39,4.01,5.60,8.34,18.62,53.27,205.83,167.32,101.75,100.92,14.29,348.74,308.11,358.88,
Right Percent:
50000.00,17.20,13.02,12.24,10.83,10.35,10.30,10.27,10.38,10.43,8.89,7.37,7.27,7.17,7.06,6.99,6.92,6.87,6.75,6.62,6.41,6.29,5.70,5.18,4.90,4.46,4.04,3.61,3.36,3.07,2.79,2.44,2.28,2.16,2.11,2.05,2.01,2.00,2.00,1.99,1.98,1.98,2.01,2.08,2.24,2.32,2.47,2.76,3.11,3.64,4.42,9.77,50.25,168.80,34.79,27.79,26.29,27.72,32.49,13.24,33.47,31.57,35.91,
Left Percent:
50000.00,19.93,16.28,15.33,14.94,14.51,14.63,11.46,11.95,11.73,10.28,8.84,7.60,7.13,6.95,6.69,6.55,6.12,5.85,5.57,5.29,5.00,4.52,4.19,3.92,3.63,3.29,2.93,2.60,2.34,2.07,1.86,1.73,1.61,1.60,1.47,1.46,1.42,1.39,1.42,1.44,1.45,1.47,1.49,1.61,1.70,1.81,1.98,2.27,2.73,2.97,4.05,3.47,3.01,3.80,4.87,7.41,7.71,9.00,9.81,26.46,71.27,184.15,
Right Percent:
50000.00,27.37,19.95,17.53,16.62,15.91,15.73,12.73,12.88,12.62,10.49,8.73,7.39,6.81,6.44,6.09,5.83,5.47,5.15,4.87,4.50,4.21,3.81,3.48,3.23,2.97,2.71,2.45,2.20,2.01,1.80,1.63,1.53,1.43,1.20,1.29,1.29,1.27,1.23,1.26,1.27,1.28,1.30,1.33,1.43,1.52,1.64,1.80,2.09,2.62,3.38,6.16,6.57,6.90,5.32,5.19,4.78,3.96,3.50,5.58,3.55,4.05,5.18,
Left Percent:
50000.00,22.79,15.69,14.08,13.21,10.55,10.12,10.04,9.98,10.12,9.21,6.55,5.92,5.57,5.23,4.94,4.70,4.46,4.08,3.89,3.67,3.46,3.25,3.02,2.82,2.61,2.43,2.22,2.03,1.88,1.73,1.59,1.42,1.27,1.23,1.21,1.19,1.19,1.18,1.19,1.20,1.24,1.31,1.34,1.39,1.42,1.51,1.59,1.70,1.86,2.11,2.63,2.87,3.15,4.27,6.01,9.73,20.95,59.74,685.29,20307.57,2412.58,1671.81,
Right Percent:
50000.00,22.40,16.04,15.33,14.28,11.27,10.88,10.95,10.89,11.08,9.77,7.52,6.82,6.85,6.51,6.18,5.93,5.68,5.16,4.97,4.72,4.49,4.23,3.90,3.65,3.35,3.09,2.79,2.50,2.31,2.07,1.90,1.66,1.42,1.42,1.40,1.38,1.39,1.37,1.38,1.37,1.43,1.54,1.57,1.64,1.69,1.86,1.99,2.22,2.55,3.06,7.20,15.51,48.59,58.17,67.20,62.86,101.73,99.59,634.78,20269.81,2491.19,1733.23,
Left Percent:
50000.00,35.07,33.10,25.60,20.43,19.16,18.00,17.43,17.54,18.18,19.26,10.09,9.87,9.29,8.91,8.77,8.83,9.01,8.91,9.07,9.00,8.66,7.97,6.85,5.69,5.33,4.77,4.49,4.00,3.73,3.45,3.26,3.28,2.91,2.91,2.96,3.07,3.16,3.25,3.37,3.44,3.47,3.54,3.58,3.82,4.06,4.31,4.16,4.00,4.04,4.16,3.83,4.70,6.70,8.03,19.40,48.10,61.29,69.82,132.65,93.25,154.47,177.52,
Right Percent:
50000.00,41.35,32.84,29.98,24.44,22.87,22.98,23.12,23.54,24.29,24.22,18.17,17.70,17.49,17.38,17.22,17.24,17.43,17.04,17.16,16.95,16.49,15.61,14.28,12.30,11.69,10.43,9.12,8.21,7.39,6.68,5.96,5.75,4.93,4.90,4.81,4.84,4.89,5.00,5.08,5.03,5.06,5.21,5.33,5.77,6.32,6.88,7.69,8.49,10.31,14.09,4.93,4.36,5.73,8.46,5.98,6.13,5.18,3.74,3.09,3.81,3.44,4.08,
Left Percent:
50000.00,9.01,8.48,8.13,8.47,8.40,8.60,8.63,8.68,8.65,8.24,8.67,9.05,9.19,9.46,9.56,9.86,10.06,10.17,10.41,10.27,10.81,9.57,9.90,9.47,9.27,8.52,7.99,7.83,7.25,6.58,5.88,4.45,5.02,4.92,4.62,4.49,4.47,4.45,4.45,4.32,4.28,4.26,4.26,4.35,4.80,4.93,5.39,6.15,7.26,8.11,12.17,20.79,29.95,14.62,53.10,207.56,108.90,105.17,471.84,3965.06,2977.52,2516.12,
Right Percent:
50000.00,15.46,13.31,11.96,11.17,10.61,10.49,10.42,10.48,10.51,8.92,7.06,6.88,6.52,6.23,6.06,5.88,5.69,5.48,5.27,5.07,4.86,4.41,4.16,3.88,3.62,3.32,3.07,2.88,2.67,2.46,2.23,1.90,1.98,1.95,1.92,1.90,1.89,1.89,1.90,1.90,1.90,1.91,1.95,2.00,2.13,2.23,2.37,2.59,2.91,3.46,4.80,7.02,18.76,38.01,41.84,41.82,80.44,105.55,410.73,120.12,94.71,97.71,
Left Percent:
50000.00,23.08,18.86,18.61,18.29,14.02,14.15,14.73,15.12,15.79,14.02,11.84,10.39,11.18,11.21,11.56,11.87,12.12,12.09,11.68,11.33,11.51,10.33,9.29,8.44,6.54,6.05,5.10,4.55,3.84,3.36,3.06,2.12,2.28,2.19,2.11,2.07,2.00,2.02,2.02,2.09,2.17,2.27,2.30,2.38,2.46,2.75,3.01,3.49,4.63,4.90,6.57,14.51,26.45,33.63,159.97,123.45,73.73,68.66,21.78,88.45,97.14,125.70,
Right Percent:
50000.00,59.90,42.05,43.17,42.65,30.31,31.34,33.44,34.65,36.91,30.92,32.70,26.63,35.12,35.40,39.07,42.21,45.49,43.62,42.99,44.31,49.24,48.81,42.22,37.77,21.98,21.31,14.99,13.24,10.18,8.70,7.85,5.35,5.51,5.36,5.17,5.10,4.97,5.06,5.12,5.39,5.66,6.12,6.32,6.73,7.12,8.63,9.94,14.59,28.52,18.88,8.72,9.22,9.61,8.68,7.48,6.40,4.93,3.87,3.85,3.09,3.32,4.17,
Left Percent:
50000.00,11.37,9.77,9.85,9.04,8.75,8.92,8.96,9.03,9.05,8.07,7.40,7.32,7.13,7.04,6.93,6.84,6.70,6.58,6.50,6.25,6.02,5.62,5.02,4.75,4.45,4.04,3.61,3.37,3.09,2.86,2.61,2.12,2.23,2.17,2.10,2.06,2.03,2.01,2.00,1.99,2.00,2.02,2.09,2.23,2.23,2.36,2.54,2.81,3.14,3.51,5.42,8.49,16.66,20.21,23.95,144.75,83.09,79.07,28.27,74.20,77.26,90.84,
Right Percent:
50000.00,26.73,24.19,24.56,22.68,22.35,23.28,23.90,24.69,25.42,25.20,21.96,19.17,17.40,15.62,14.75,14.00,13.42,13.08,13.10,13.12,13.06,12.61,11.23,9.81,9.42,8.43,7.53,6.67,6.07,5.44,4.97,3.84,4.15,4.13,4.16,4.25,4.33,4.43,4.54,4.67,4.88,5.03,5.21,5.67,6.05,6.34,6.69,7.05,8.06,8.39,7.01,7.22,7.79,7.96,7.71,6.73,5.16,4.29,4.37,3.46,3.55,4.16,
Left Percent:
50000.00,20.30,17.17,15.58,15.03,14.47,11.59,11.62,11.96,11.74,10.87,8.35,7.48,6.91,6.69,6.31,5.93,5.68,5.43,5.14,4.87,4.60,4.28,3.98,3.56,3.29,3.02,2.75,2.51,2.28,2.07,1.90,1.77,1.66,1.56,1.54,1.51,1.46,1.46,1.48,1.49,1.53,1.57,1.60,1.66,1.70,1.78,1.90,2.11,2.46,2.81,3.59,4.15,5.23,7.75,40.59,52.52,36.32,30.88,17.64,37.81,42.03,52.93,
Right Percent:
50000.00,29.46,23.77,20.80,19.80,18.97,15.69,15.43,15.70,15.46,15.29,11.62,10.48,9.87,9.75,9.28,8.71,8.54,8.29,7.99,7.74,7.45,7.04,6.48,5.78,5.33,4.85,4.37,3.92,3.56,3.15,2.87,2.65,2.45,2.33,2.30,2.23,2.13,2.15,2.18,2.21,2.27,2.33,2.39,2.51,2.59,2.81,3.15,3.86,5.03,5.95,8.40,5.62,4.52,4.49,4.49,3.78,2.99,2.54,2.95,2.37,2.63,3.31,
Left Percent:
50000.00,77.38,54.27,10.54,9.54,8.02,7.73,7.78,7.86,7.93,7.52,6.09,5.60,5.30,5.11,4.94,4.72,4.54,4.35,4.15,3.94,3.75,3.22,2.42,2.18,1.92,1.71,1.41,1.78,1.87,1.51,1.56,1.46,1.37,1.30,1.26,1.23,1.23,1.22,1.25,1.24,1.27,1.28,1.31,1.35,1.39,1.47,1.59,1.73,1.93,2.13,2.33,2.46,2.66,4.19,5.96,4.44,3.76,4.08,6.35,9.07,10.45,12.90,
Right Percent:
50000.00,13.06,9.74,63.01,49.70,32.33,29.43,29.51,30.08,31.20,25.51,17.85,14.85,13.59,12.54,11.63,10.92,10.15,9.62,8.77,8.18,7.39,6.80,6.04,5.47,4.97,4.66,4.34,1.24,0.97,1.29,1.25,1.17,1.10,1.04,1.01,0.99,0.98,0.98,1.00,0.99,1.02,1.04,1.07,1.10,1.14,1.23,1.34,1.48,1.69,1.93,2.58,3.07,3.95,17.57,66.38,111.47,78.12,77.05,206.53,241.21,308.47,411.17,
Left Percent:
50000.00,20.76,15.94,13.97,13.45,12.80,10.84,10.53,10.58,10.41,9.62,6.95,6.45,5.97,5.62,5.31,5.05,4.83,4.61,4.39,4.15,3.94,3.71,3.48,3.23,3.01,2.77,2.54,2.31,2.12,1.92,1.77,1.66,1.54,1.46,1.40,1.38,1.39,1.39,1.41,1.40,1.43,1.45,1.49,1.52,1.57,1.71,1.82,1.99,2.24,2.44,2.64,2.78,3.03,5.01,6.97,5.35,4.64,3.77,9.37,8.97,11.31,14.22,
Right Percent:
50000.00,18.59,12.60,10.96,10.35,9.80,8.16,7.90,7.93,7.76,6.55,4.84,4.40,4.06,3.81,3.58,3.39,3.22,3.06,2.89,2.71,2.57,2.41,2.24,2.08,1.93,1.77,1.62,1.47,1.34,1.20,1.11,1.03,0.95,0.89,0.87,0.85,0.86,0.86,0.86,0.86,0.87,0.89,0.92,0.94,0.98,1.10,1.18,1.32,1.55,1.78,2.44,3.05,4.33,19.48,44.87,44.60,69.45,80.30,26.47,202.80,166.94,216.08,
Left Percent:
50000.00,26.41,19.44,17.14,16.48,13.18,12.54,12.28,12.28,12.59,11.37,7.96,7.36,7.00,6.58,6.22,5.94,5.68,5.36,5.07,4.77,4.35,4.08,3.80,3.54,3.31,3.09,2.85,2.61,2.39,2.20,2.04,1.86,1.73,1.51,1.48,1.47,1.46,1.45,1.43,1.53,1.58,1.61,1.66,1.71,1.78,1.86,1.97,2.11,2.33,2.74,3.02,3.22,3.62,5.35,6.19,5.75,4.14,3.89,5.65,8.31,9.54,11.16,
Right Percent:
50000.00,22.35,15.23,13.40,12.76,10.13,9.50,9.39,9.37,9.65,8.52,6.25,5.74,5.62,5.30,5.00,4.81,4.64,4.43,4.25,4.04,3.61,3.41,3.17,2.97,2.80,2.60,2.38,2.14,1.97,1.79,1.68,1.55,1.44,1.28,1.21,1.20,1.19,1.18,1.17,1.27,1.33,1.36,1.42,1.47,1.56,1.65,1.77,1.91,2.16,2.67,4.28,5.96,11.66,52.42,71.01,75.44,90.41,87.43,230.06,266.87,338.74,434.57,
Left Percent:
50000.00,26.25,18.46,16.18,15.47,12.28,11.82,11.60,11.59,11.96,10.79,7.60,6.98,6.63,6.25,5.90,5.63,5.38,5.13,4.87,4.42,4.18,3.93,3.65,3.39,3.14,2.96,2.72,2.48,2.28,2.10,1.93,1.78,1.65,1.47,1.43,1.41,1.40,1.40,1.38,1.43,1.53,1.56,1.60,1.64,1.72,1.79,1.90,2.04,2.26,2.63,2.96,3.14,3.49,4.89,5.90,5.51,4.09,3.90,5.91,8.68,9.82,11.20,
Right Percent:
50000.00,41.24,26.98,23.87,22.44,16.99,16.13,15.99,15.88,16.56,12.93,9.37,8.36,7.91,7.31,6.86,6.51,6.21,5.90,5.58,4.95,4.70,4.39,4.04,3.75,3.41,3.20,2.87,2.59,2.37,2.11,1.94,1.77,1.64,1.50,1.42,1.39,1.37,1.36,1.34,1.40,1.50,1.52,1.58,1.62,1.71,1.81,1.96,2.18,2.50,3.18,5.11,7.09,17.47,36.26,39.11,37.36,50.14,73.19,198.22,135.36,148.82,244.24,
Left Percent:
50000.00,14.43,12.93,12.45,11.34,10.87,10.92,10.85,10.96,10.94,10.71,9.78,9.68,9.52,9.56,9.46,9.33,9.05,8.77,8.46,8.18,7.75,7.29,6.74,6.17,5.40,5.06,4.76,4.44,4.22,1.46,1.28,1.23,1.17,1.09,1.07,1.06,1.04,1.06,1.07,1.09,1.10,1.12,1.16,1.25,1.30,1.34,1.39,1.49,1.61,1.88,2.18,2.31,2.53,3.82,5.65,6.38,5.79,7.17,23.14,75.71,251.52,451.93,
Right Percent:
50000.00,189.39,6.83,6.51,5.70,5.48,5.52,5.51,5.63,5.65,5.25,3.65,3.33,3.09,3.02,2.83,2.64,2.48,2.33,2.17,2.03,1.90,1.75,1.61,1.45,1.32,1.24,1.15,1.08,1.02,0.82,0.93,0.90,0.85,0.80,0.78,0.77,0.76,0.78,0.79,0.80,0.81,0.83,0.88,0.96,1.01,1.05,1.11,1.21,1.34,1.60,2.51,3.06,4.33,14.91,37.77,54.88,81.36,92.69,23.41,1654.43,308.22,332.08,
Left Percent:
50000.00,21.21,16.72,15.57,15.19,11.80,11.66,11.72,11.83,12.24,10.92,8.51,7.70,7.48,7.20,6.81,6.56,6.34,6.03,5.77,5.49,4.95,4.63,4.30,4.03,3.76,3.47,3.17,2.86,2.62,2.37,2.16,1.99,1.85,1.62,1.56,1.52,1.50,1.48,1.61,1.63,1.66,1.70,1.73,1.80,1.88,1.96,2.10,2.32,2.65,3.13,4.14,4.83,6.25,7.58,6.16,8.04,9.42,16.52,157.80,14050.53,2479.25,2368.06,
Right Percent:
50000.00,13.59,9.83,8.79,8.37,6.71,6.45,6.37,6.38,6.55,5.92,4.52,4.11,4.00,3.86,3.65,3.52,3.41,3.26,3.13,2.98,2.72,2.54,2.37,2.24,2.10,1.94,1.78,1.60,1.47,1.32,1.21,1.11,1.03,0.91,0.87,0.86,0.85,0.84,0.92,0.94,0.96,0.99,1.02,1.07,1.13,1.20,1.30,1.46,1.69,2.05,3.69,5.33,11.41,82.92,144.21,157.32,98.10,94.24,538.39,15603.09,2376.84,2281.48,
Left Percent:
50000.00,24.58,19.09,17.80,17.12,13.30,13.22,13.39,13.45,14.15,12.54,9.62,8.70,8.57,8.19,7.83,7.46,7.22,6.92,6.32,6.00,5.70,5.36,5.00,4.66,4.29,3.98,3.67,3.26,2.98,2.69,2.44,2.24,2.02,1.83,1.78,1.74,1.72,1.69,1.73,1.80,1.92,1.95,2.00,2.04,2.15,2.25,2.40,2.62,2.98,3.41,4.75,5.78,5.94,6.38,5.65,14.31,20.05,25.73,133.08,19505.18,2274.03,1956.44,
Right Percent:
50000.00,16.44,11.73,10.63,9.99,7.94,7.67,7.69,7.65,7.95,7.17,5.43,4.92,4.90,4.69,4.48,4.27,4.15,4.00,3.68,3.49,3.33,3.16,2.95,2.77,2.55,2.37,2.19,1.94,1.78,1.59,1.44,1.31,1.10,1.07,1.05,1.03,1.03,1.02,1.05,1.08,1.17,1.20,1.24,1.27,1.36,1.44,1.56,1.72,1.99,2.31,4.43,7.17,18.76,133.02,159.91,159.16,98.05,94.61,550.13,21296.44,2283.64,1963.76,
Left Percent:
50000.00,24.21,19.33,18.70,18.26,13.88,13.92,14.33,14.41,15.31,13.41,11.08,9.70,9.81,9.45,9.19,8.69,8.10,7.66,7.42,7.05,6.72,6.34,5.93,5.52,5.08,4.64,4.18,3.73,3.42,3.04,2.75,2.32,2.35,2.06,1.98,1.93,1.89,1.87,1.88,1.89,1.97,2.16,2.17,2.23,2.32,2.49,2.68,2.98,3.47,3.99,6.45,7.23,7.32,8.85,30.50,182.58,101.54,98.61,559.43,17846.88,2540.82,1548.90,
Right Percent:
50000.00,16.42,12.00,10.97,10.43,8.20,7.93,7.99,7.97,8.34,7.53,5.80,5.17,5.26,5.13,5.01,4.76,4.49,4.24,4.15,3.99,3.85,3.65,3.45,3.24,3.00,2.75,2.48,2.20,2.02,1.79,1.61,1.35,1.30,1.17,1.14,1.12,1.10,1.10,1.11,1.12,1.16,1.34,1.37,1.43,1.51,1.65,1.80,2.01,2.39,2.75,7.01,17.11,143.85,145.34,124.43,128.57,97.88,95.09,533.89,18710.17,2405.81,1482.46,
Left Percent:
50000.00,16.58,13.28,12.36,11.77,9.54,9.31,9.36,9.37,9.65,8.93,6.58,6.10,5.90,5.67,5.43,5.20,5.03,4.82,4.41,4.19,3.99,3.76,3.53,3.29,3.05,2.85,2.63,2.39,2.18,1.98,1.81,1.68,1.57,1.40,1.35,1.33,1.31,1.29,1.32,1.37,1.45,1.48,1.52,1.55,1.63,1.71,1.81,1.95,2.18,2.51,2.96,3.20,3.77,5.63,12.19,35.92,98.38,96.75,679.59,12776.60,2294.44,2191.01,
Right Percent:
50000.00,15.47,11.19,10.17,9.44,7.59,7.27,7.28,7.22,7.39,6.69,4.98,4.54,4.46,4.25,4.04,3.86,3.73,3.58,3.26,3.10,2.96,2.80,2.61,2.45,2.26,2.11,1.94,1.75,1.59,1.43,1.30,1.20,1.12,1.01,0.97,0.95,0.95,0.93,0.95,0.99,1.06,1.09,1.13,1.16,1.24,1.32,1.43,1.57,1.80,2.17,3.89,5.29,10.43,80.09,136.26,123.20,99.00,97.24,599.96,12389.97,2270.60,2166.32,
Left Percent:
50000.00,15.13,12.07,10.58,10.09,9.84,9.55,8.19,8.16,8.01,7.29,5.45,4.95,4.64,4.36,4.06,3.80,3.83,3.64,3.42,3.22,3.02,2.83,2.64,2.49,2.31,2.12,1.93,1.75,1.60,1.44,1.32,1.20,1.13,1.06,1.01,0.94,0.97,0.98,0.99,0.99,0.99,1.00,1.00,1.04,1.06,1.10,1.15,1.23,1.36,1.46,1.51,1.54,1.82,3.07,7.77,6.43,5.49,5.32,9.72,25.67,42.61,76.00,
Right Percent:
50000.00,17.94,13.33,11.44,10.80,10.52,10.14,8.56,8.48,8.31,7.13,5.33,4.75,4.43,4.11,3.81,3.54,3.50,3.33,3.12,2.91,2.72,2.54,2.36,2.21,2.05,1.88,1.72,1.56,1.43,1.29,1.19,1.08,1.02,0.96,0.91,0.87,0.88,0.89,0.89,0.89,0.90,0.91,0.91,0.94,0.97,1.01,1.07,1.15,1.29,1.45,1.65,1.80,2.55,5.95,25.75,29.39,30.94,32.50,17.90,20.65,20.79,25.34,
Left Percent:
50000.00,22.12,16.97,15.73,14.94,11.99,11.72,11.72,11.67,12.12,10.83,8.08,7.34,7.02,6.67,6.31,6.04,5.76,5.49,5.23,4.89,4.49,4.23,3.95,3.70,3.44,3.21,2.95,2.68,2.47,2.25,2.07,1.92,1.78,1.61,1.53,1.50,1.48,1.47,1.58,1.61,1.63,1.68,1.71,1.77,1.84,1.92,2.05,2.23,2.48,2.88,3.55,4.00,4.91,7.68,14.71,54.26,99.01,97.21,648.39,14229.70,2443.45,2331.13,
Right Percent:
50000.00,14.47,10.58,9.64,9.02,7.21,6.96,6.94,6.89,7.16,6.44,4.80,4.38,4.29,4.11,3.88,3.74,3.59,3.43,3.28,3.07,2.82,2.66,2.48,2.33,2.17,2.02,1.86,1.68,1.54,1.39,1.27,1.17,1.08,0.98,0.92,0.91,0.90,0.90,0.98,1.00,1.02,1.05,1.07,1.12,1.17,1.24,1.34,1.49,1.68,1.99,3.19,4.27,8.06,84.73,124.73,138.82,98.89,96.90,640.62,14057.59,2464.14,2350.61,
Left Percent:
50000.00,18.83,15.07,13.56,13.02,12.51,11.49,10.20,10.34,10.15,9.08,7.11,6.35,5.90,5.60,5.28,5.02,4.82,4.60,4.38,4.15,3.89,3.59,3.32,3.11,2.89,2.64,2.40,2.16,1.96,1.77,1.60,1.49,1.40,1.34,1.30,1.26,1.25,1.25,1.25,1.25,1.27,1.28,1.37,1.41,1.46,1.55,1.66,1.84,2.09,2.31,2.79,3.18,3.95,7.83,8.50,11.52,24.52,31.76,20.04,10329.04,2471.85,1882.81,
Right Percent:
50000.00,19.57,13.86,11.87,11.18,10.64,9.91,8.69,8.65,8.47,7.42,5.60,5.01,4.62,4.36,4.09,3.88,3.73,3.56,3.38,3.21,3.01,2.79,2.59,2.44,2.27,2.08,1.90,1.71,1.56,1.41,1.27,1.18,1.11,1.06,1.03,1.01,1.00,1.01,1.01,1.01,1.03,1.04,1.12,1.16,1.21,1.30,1.40,1.56,1.81,2.07,2.67,3.15,4.09,14.75,136.52,141.21,95.59,94.21,20.06,10173.20,2487.52,1892.85,
Left Percent:
50000.00,18.47,34.82,33.11,27.38,24.99,25.20,25.06,25.58,26.17,23.78,17.70,16.19,15.86,15.56,15.25,15.21,14.58,13.88,13.15,12.45,11.59,10.62,9.70,8.52,7.50,6.28,5.55,5.04,4.58,1.06,0.79,1.30,1.25,1.18,1.16,1.14,1.13,1.13,1.13,1.15,1.18,1.27,1.29,1.33,1.37,1.45,1.53,1.64,1.78,2.02,2.46,2.68,3.05,4.97,8.96,15.78,12.91,17.13,33.57,954.17,572.41,806.23,
Right Percent:
50000.00,119.18,7.92,7.38,6.23,5.68,5.61,5.52,5.57,5.59,4.52,3.29,2.90,2.60,2.49,2.32,2.21,2.08,1.97,1.85,1.73,1.62,1.52,1.39,1.28,1.19,1.08,1.00,0.93,0.87,0.68,0.60,0.97,0.94,0.89,0.87,0.86,0.85,0.85,0.85,0.86,0.89,0.98,1.00,1.03,1.07,1.15,1.24,1.35,1.49,1.69,2.67,3.32,5.05,25.87,58.03,67.64,68.36,99.29,31.29,121.13,103.55,122.49,
Left Percent:
50000.00,20.56,16.93,15.11,14.44,14.19,13.63,12.41,11.22,11.00,9.87,7.45,6.67,6.22,5.80,5.39,5.44,5.11,4.77,4.50,4.21,3.95,3.66,3.45,3.20,2.97,2.70,2.46,2.20,2.03,1.80,1.64,1.48,1.38,1.29,1.24,1.22,1.19,1.18,1.18,1.19,1.20,1.24,1.25,1.27,1.31,1.39,1.47,1.59,1.75,1.89,2.09,2.27,2.65,5.47,24.33,134.20,89.13,87.29,121.64,135.16,161.49,225.48,
Right Percent:
50000.00,21.38,16.05,13.69,12.83,12.43,11.85,10.89,9.67,9.40,8.38,6.05,5.40,5.01,4.64,4.29,4.25,4.02,3.75,3.53,3.30,3.10,2.87,2.71,2.53,2.34,2.13,1.94,1.74,1.60,1.43,1.30,1.17,1.09,1.02,0.98,0.95,0.95,0.94,0.94,0.95,0.96,0.99,1.00,1.02,1.06,1.12,1.19,1.29,1.43,1.62,1.85,2.07,2.70,10.54,13.57,13.62,12.41,11.85,14.75,14.85,16.97,21.75,
Left Percent:
50000.00,21.40,15.65,13.99,13.47,11.30,10.42,10.23,10.21,10.36,9.39,6.86,6.26,5.90,5.56,5.24,5.02,4.78,4.57,4.31,4.07,3.86,3.62,3.25,3.03,2.81,2.61,2.40,2.19,2.01,1.85,1.70,1.59,1.48,1.33,1.26,1.24,1.23,1.23,1.30,1.33,1.35,1.37,1.41,1.46,1.52,1.59,1.67,1.82,2.05,2.38,2.74,3.03,3.54,5.38,9.44,13.57,44.93,97.67,21.64,11140.04,2331.65,1795.73,
Right Percent:
50000.00,20.30,13.67,12.04,11.47,9.52,8.63,8.48,8.45,8.61,7.61,5.63,5.13,4.97,4.71,4.44,4.27,4.09,3.93,3.71,3.51,3.35,3.15,2.79,2.62,2.41,2.22,2.05,1.85,1.69,1.55,1.44,1.36,1.27,1.15,1.07,1.05,1.05,1.05,1.12,1.14,1.17,1.20,1.24,1.29,1.36,1.43,1.51,1.67,1.92,2.37,3.61,5.01,9.96,82.26,147.14,157.87,97.55,95.23,20.90,11384.91,2281.37,1745.99,
Left Percent:
50000.00,8.95,7.37,6.82,6.61,6.43,6.36,5.60,5.56,5.49,5.03,3.99,3.69,3.46,3.25,3.07,2.96,2.82,2.70,2.58,2.45,2.31,2.17,2.01,1.89,1.77,1.63,1.50,1.38,1.28,1.18,1.07,1.01,0.94,0.89,0.81,0.83,0.83,0.83,0.83,0.84,0.84,0.85,0.90,0.92,0.95,1.00,1.05,1.14,1.27,1.36,1.51,1.61,1.81,3.28,9.74,18.49,61.40,105.89,25.05,1966.34,660.21,1151.72,
Right Percent:
50000.00,12.42,9.77,8.92,8.52,8.25,8.09,7.05,6.95,6.83,5.96,4.64,4.23,3.95,3.69,3.46,3.32,3.15,3.00,2.84,2.68,2.52,2.35,2.17,2.03,1.90,1.75,1.62,1.50,1.40,1.29,1.17,1.10,1.02,0.97,0.89,0.91,0.90,0.91,0.91,0.92,0.92,0.93,0.98,1.01,1.04,1.09,1.15,1.25,1.39,1.54,1.79,1.99,2.35,4.95,68.78,78.06,97.25,103.30,24.44,135.35,54.00,79.99,
Left Percent:
50000.00,15.43,12.68,11.82,11.25,9.36,9.17,9.17,9.18,9.46,8.76,6.62,6.14,5.94,5.76,5.49,5.31,5.15,4.90,4.62,4.21,3.97,3.71,3.46,3.22,2.98,2.79,2.55,2.31,2.14,1.96,1.80,1.66,1.54,1.38,1.34,1.32,1.31,1.30,1.36,1.41,1.43,1.46,1.49,1.54,1.61,1.68,1.78,1.92,2.14,2.46,3.18,3.38,3.95,6.01,13.23,127.03,101.06,99.86,448.25,10391.74,2808.30,2349.30,
Right Percent:
50000.00,12.47,9.31,8.49,7.91,6.39,6.18,6.18,6.15,6.38,5.94,4.48,4.11,4.06,3.94,3.74,3.61,3.51,3.39,3.25,2.97,2.85,2.72,2.55,2.40,2.24,2.10,1.92,1.71,1.58,1.42,1.30,1.18,1.09,0.96,0.93,0.92,0.91,0.91,0.97,1.02,1.04,1.08,1.11,1.16,1.23,1.32,1.43,1.58,1.82,2.18,3.68,4.68,7.59,54.88,93.56,74.75,103.24,101.92,456.49,10111.89,2874.32,2401.96,
Left Percent:
50000.00,18.54,15.21,13.92,13.35,12.96,12.84,10.56,10.66,10.50,9.41,7.48,6.80,6.37,5.97,5.65,5.29,4.99,4.73,4.45,4.16,3.93,3.87,3.65,3.41,3.17,2.94,2.65,2.39,2.13,1.92,1.74,1.59,1.48,1.38,1.21,1.29,1.28,1.29,1.30,1.33,1.33,1.36,1.40,1.43,1.48,1.56,1.65,1.81,2.02,2.19,2.38,2.53,2.90,6.19,6.81,16.18,22.60,24.53,17.19,179.67,162.65,186.62,
Right Percent:
50000.00,16.23,12.27,10.79,10.16,9.75,9.53,8.22,8.00,7.83,6.71,5.08,4.57,4.20,3.89,3.65,3.46,3.23,3.05,2.85,2.66,2.50,2.42,2.27,2.12,1.97,1.83,1.67,1.52,1.38,1.26,1.15,1.07,1.00,0.94,0.83,0.87,0.87,0.87,0.88,0.89,0.89,0.91,0.93,0.96,1.00,1.05,1.11,1.21,1.35,1.54,1.81,2.04,2.53,8.32,32.96,19.45,16.71,17.70,5.22,13.70,13.71,15.63,
Left Percent:
50000.00,9.72,8.24,7.65,7.47,7.25,6.38,6.32,6.38,6.34,5.97,4.78,4.50,4.30,4.14,3.99,3.87,3.76,3.65,3.53,3.39,3.24,3.04,2.84,2.65,2.45,2.28,2.08,1.89,1.73,1.60,1.48,1.38,1.30,1.14,1.19,1.18,1.17,1.16,1.16,1.19,1.21,1.23,1.26,1.29,1.33,1.38,1.46,1.58,1.82,2.03,2.28,2.46,2.82,4.70,11.53,57.59,97.99,100.85,23.50,407.57,305.95,390.09,
Right Percent:
50000.00,13.48,11.16,10.21,9.83,9.48,8.35,8.20,8.17,8.08,6.96,5.46,5.01,4.65,4.37,4.16,3.98,3.79,3.61,3.42,3.23,3.06,2.87,2.68,2.51,2.33,2.18,2.00,1.83,1.69,1.58,1.46,1.37,1.28,1.13,1.18,1.18,1.17,1.16,1.16,1.18,1.20,1.21,1.25,1.27,1.32,1.37,1.45,1.57,1.82,2.08,2.64,3.10,4.00,10.38,32.90,30.85,38.28,56.58,15.30,33.09,25.86,34.20,
Left Percent:
50000.00,18.70,14.91,13.18,12.69,12.13,10.34,10.12,10.14,9.92,8.74,6.49,5.81,5.26,4.86,4.55,4.31,4.08,3.86,3.63,3.43,3.21,2.99,2.79,2.59,2.41,2.23,2.05,1.88,1.73,1.58,1.46,1.37,1.29,1.22,1.18,1.17,1.16,1.16,1.16,1.16,1.18,1.19,1.21,1.24,1.33,1.39,1.47,1.59,1.77,1.96,2.33,2.57,2.91,5.08,9.53,12.04,12.95,24.43,26.08,7053.43,2548.21,2816.05,
Right Percent:
50000.00,16.30,12.36,10.92,10.46,10.01,8.55,8.35,8.39,8.25,7.66,5.91,5.41,4.99,4.68,4.42,4.20,4.01,3.81,3.61,3.42,3.22,3.02,2.82,2.63,2.45,2.25,2.07,1.88,1.73,1.57,1.45,1.36,1.28,1.21,1.17,1.15,1.14,1.15,1.15,1.15,1.16,1.19,1.21,1.23,1.34,1.41,1.50,1.66,1.89,2.10,2.55,2.87,3.43,8.36,112.89,143.78,102.84,100.69,26.11,6693.78,2504.16,2756.92,
Left Percent:
50000.00,21.25,15.86,14.30,13.80,13.11,10.71,10.62,10.77,10.60,9.60,7.24,6.54,6.10,5.87,5.53,5.27,5.04,4.82,4.59,4.33,4.12,3.84,3.57,3.32,3.06,2.82,2.49,2.26,2.06,1.87,1.73,1.60,1.50,1.44,1.38,1.36,1.35,1.33,1.34,1.35,1.37,1.41,1.44,1.48,1.53,1.59,1.70,1.88,2.24,2.52,3.12,3.63,4.54,7.56,24.94,178.60,103.33,100.24,22.13,10269.17,2459.62,1827.83,
Right Percent:
50000.00,15.10,10.73,9.47,9.06,8.58,7.04,6.91,6.99,6.89,6.44,4.84,4.39,4.17,4.07,3.83,3.67,3.54,3.41,3.27,3.10,2.99,2.80,2.61,2.45,2.26,2.08,1.83,1.64,1.49,1.34,1.25,1.16,1.08,1.05,1.00,0.99,0.99,0.98,0.99,1.00,1.02,1.07,1.10,1.14,1.20,1.26,1.36,1.53,1.93,2.22,3.27,4.31,6.88,86.15,170.84,171.26,99.44,96.33,21.18,9954.26,2388.41,1783.54,
Left Percent:
50000.00,21.40,17.32,15.65,15.26,15.00,14.83,14.63,14.46,14.12,12.57,9.43,8.23,7.52,7.03,6.53,6.15,5.71,5.34,4.92,4.28,3.74,3.42,3.12,2.85,2.62,2.36,2.13,1.90,1.72,1.54,1.41,1.29,1.20,1.12,1.09,1.08,1.07,1.08,1.08,1.09,1.11,1.14,1.16,1.18,1.23,1.36,1.46,1.63,1.87,2.10,2.57,2.91,3.50,5.56,11.02,89.52,104.16,102.01,22.46,7990.63,2474.40,2460.27,
Right Percent:
50000.00,273.32,175.16,149.16,140.32,136.14,132.42,134.74,128.80,130.68,112.70,83.89,56.27,37.31,31.42,25.07,19.54,15.52,13.00,11.02,8.65,6.84,5.94,5.16,4.56,4.06,3.57,3.04,2.57,2.24,1.93,1.74,1.56,1.43,1.33,1.29,1.28,1.26,1.28,1.29,1.29,1.33,1.36,1.40,1.43,1.50,1.72,1.92,2.27,2.82,3.39,5.13,7.18,15.80,44.12,118.78,171.66,102.36,100.22,22.07,8019.38,2448.52,2441.91,
Left Percent:
50000.00,17.60,14.22,13.30,12.63,10.26,9.90,9.97,9.95,10.00,9.09,6.80,6.10,5.82,5.60,5.32,5.06,4.64,4.44,4.21,4.00,3.80,3.58,3.36,3.12,2.90,2.69,2.45,2.23,2.06,1.88,1.73,1.52,1.33,1.33,1.31,1.28,1.27,1.26,1.26,1.27,1.31,1.43,1.46,1.50,1.54,1.65,1.74,1.88,2.08,2.35,3.24,3.78,4.68,6.80,14.48,128.98,101.21,100.12,23.02,9067.77,2494.57,2288.04,
Right Percent:
50000.00,12.71,10.26,9.48,8.98,7.30,7.03,7.09,7.09,7.16,6.73,5.12,4.69,4.64,4.57,4.41,4.23,3.86,3.76,3.62,3.47,3.33,3.18,3.01,2.82,2.62,2.43,2.20,1.97,1.82,1.64,1.48,1.28,1.09,1.11,1.09,1.07,1.07,1.06,1.07,1.07,1.12,1.26,1.29,1.34,1.39,1.55,1.67,1.83,2.11,2.43,4.51,6.36,12.58,90.15,62.47,51.60,101.60,100.58,23.07,8923.41,2495.80,2284.57,
Left Percent:
50000.00,16.64,14.11,12.72,12.29,11.11,9.90,9.72,9.80,9.68,8.91,6.66,6.13,5.73,5.47,5.17,4.94,4.73,4.51,4.26,4.01,3.79,3.55,3.32,3.07,2.84,2.63,2.41,2.16,1.99,1.82,1.68,1.57,1.46,1.30,1.34,1.33,1.31,1.30,1.32,1.34,1.35,1.39,1.41,1.45,1.50,1.56,1.66,1.87,2.09,2.36,2.76,2.99,3.38,5.54,10.16,23.53,26.74,98.31,24.80,9378.58,2264.72,2498.46,
Right Percent:
50000.00,12.89,9.65,8.53,8.14,7.34,6.40,6.29,6.35,6.27,5.83,4.38,4.03,3.84,3.71,3.49,3.34,3.20,3.06,2.91,2.75,2.63,2.47,2.32,2.16,2.00,1.85,1.69,1.50,1.38,1.25,1.15,1.07,0.99,0.86,0.91,0.91,0.90,0.89,0.91,0.92,0.94,0.97,0.99,1.02,1.06,1.12,1.20,1.39,1.60,1.84,2.60,3.21,4.42,21.03,112.93,143.57,99.53,99.20,24.92,8829.22,2266.22,2489.23,
Left Percent:
50000.00,11.80,9.48,8.81,8.54,8.26,7.19,7.11,7.15,7.06,6.52,5.18,4.78,4.48,4.25,4.04,3.86,3.71,3.55,3.39,3.21,3.07,2.90,2.74,2.55,2.38,2.20,2.03,1.86,1.69,1.56,1.41,1.33,1.24,1.09,1.14,1.13,1.12,1.11,1.13,1.14,1.16,1.19,1.21,1.24,1.28,1.33,1.41,1.60,1.79,2.00,2.41,2.73,3.38,6.09,19.93,88.45,103.41,103.25,29.93,5917.85,5232.00,2542.82,
Right Percent:
50000.00,11.28,8.88,8.20,7.96,7.70,6.68,6.62,6.70,6.64,6.27,4.80,4.44,4.18,3.98,3.77,3.62,3.48,3.34,3.19,3.03,2.91,2.76,2.60,2.43,2.27,2.10,1.93,1.76,1.60,1.47,1.33,1.24,1.16,1.01,1.07,1.06,1.05,1.04,1.07,1.09,1.10,1.14,1.16,1.20,1.24,1.31,1.40,1.60,1.81,2.05,2.49,2.80,3.46,8.31,121.13,125.06,106.22,106.18,30.85,5728.91,5081.04,2543.82,
Left Percent:
50000.00,10.13,7.87,7.22,6.95,5.99,5.78,5.70,5.68,5.78,31.43,26.78,27.29,26.48,25.75,25.70,25.33,25.02,24.44,23.85,31.72,8.55,7.60,6.57,5.89,5.36,4.67,4.37,4.39,14.11,3.38,1.30,0.62,0.73,4.74,0.44,0.57,4.26,0.42,0.58,4.72,0.47,0.62,6.30,0.63,1.04,10.00,1.34,0.79,0.85,1.00,1.18,1.57,40.75,3.01,4.66,8.18,14.72,29.17,24.17,6917.43,4334.88,2481.34,
Right Percent:
50000.00,9.20,6.63,5.99,5.75,4.77,4.60,4.56,4.54,4.67,6.92,5.48,5.37,5.13,4.92,4.84,4.72,4.60,4.45,4.29,5.09,1.68,1.60,1.47,1.35,1.27,1.16,1.09,0.95,2.30,1.16,0.87,0.58,0.65,1.34,0.56,0.58,1.24,0.54,0.58,1.32,0.54,0.62,1.58,0.61,0.76,1.99,0.98,0.71,0.81,4.25,5.63,9.43,16.22,6.21,51.95,85.58,92.89,101.18,24.10,2452.56,439.62,493.10,
Left Percent:
50000.00,25.11,23.91,18.73,13.49,12.35,11.53,11.43,11.52,11.79,11.27,7.25,7.86,8.02,8.07,8.33,8.63,8.77,8.80,8.73,8.41,7.93,6.46,5.82,4.96,4.33,3.96,3.65,3.27,2.88,2.47,2.23,2.02,1.92,1.83,1.81,1.80,1.81,1.83,1.88,1.93,1.96,1.99,2.06,2.13,2.20,2.20,2.30,2.44,2.59,2.86,3.00,3.26,3.94,5.14,10.04,21.68,30.32,41.30,238.31,10.13,198.97,238.18,
Right Percent:
50000.00,104.15,106.07,79.79,55.56,49.79,45.86,44.49,45.03,45.67,87.55,68.67,158.03,186.28,200.86,213.90,262.30,323.37,357.41,363.02,356.50,342.54,282.39,255.64,220.80,193.39,178.00,163.43,147.26,127.57,104.73,89.24,76.75,69.74,62.61,60.42,60.33,61.24,63.51,62.89,64.71,65.90,70.89,71.11,69.61,68.11,75.22,84.79,84.68,71.03,49.02,59.57,34.93,33.66,23.72,21.96,13.73,10.41,8.76,8.46,5.47,9.32,10.42,
Left Percent:
50000.00,33.77,26.38,20.98,19.69,15.55,14.87,14.63,14.79,15.50,14.65,8.89,8.51,8.10,7.69,7.33,7.02,6.70,6.37,5.88,5.57,5.28,4.98,4.69,4.38,4.09,3.83,3.54,3.25,2.95,2.69,2.43,2.14,1.93,1.77,1.76,1.73,1.69,1.72,1.74,1.77,1.79,1.89,2.05,2.12,2.21,2.31,2.46,2.65,2.98,3.33,3.39,3.29,3.25,4.71,7.34,10.97,11.51,13.19,22.38,48.61,133.97,452.41,
Right Percent:
50000.00,26.39,18.43,16.42,15.45,13.08,12.37,12.21,12.08,12.25,10.46,7.74,6.99,6.51,6.09,5.76,5.48,5.20,4.92,4.53,4.27,4.03,3.78,3.54,3.31,3.08,2.88,2.65,2.43,2.26,2.08,1.92,1.73,1.59,1.52,1.49,1.46,1.44,1.45,1.45,1.47,1.49,1.54,1.66,1.71,1.78,1.85,1.98,2.15,2.38,2.83,4.12,5.30,6.83,23.12,53.02,36.04,35.99,31.75,6.67,19.77,19.40,22.39,
Left Percent:
50000.00,24.50,22.37,18.40,18.57,18.12,18.51,18.89,19.73,20.34,16.85,13.03,13.16,13.02,12.94,13.16,13.15,13.18,12.98,12.70,12.46,11.59,10.66,8.10,7.57,6.68,5.95,5.00,4.50,4.01,3.62,3.22,2.54,2.60,2.51,2.38,2.32,2.30,2.26,2.25,2.21,2.23,2.26,2.29,2.48,2.52,2.70,2.91,3.31,3.85,4.51,5.48,8.64,8.58,10.55,75.19,46.66,30.09,24.85,29.47,10.49,32.37,37.11,
Right Percent:
50000.00,57.30,51.03,38.97,30.66,28.23,26.52,25.98,25.87,26.21,31.21,18.66,18.69,18.91,19.03,19.96,21.13,22.41,22.64,23.35,24.55,25.28,25.33,19.40,18.56,17.53,15.47,12.92,11.39,9.94,8.79,7.73,5.23,6.07,5.99,5.79,5.79,5.92,6.06,6.22,6.18,6.44,6.70,6.90,8.17,8.68,9.99,11.69,12.58,14.53,16.26,13.64,12.33,13.23,13.59,14.70,9.61,6.78,5.44,5.50,5.14,6.63,7.42,
Left Percent:
50000.00,24.89,20.45,19.03,18.96,15.40,14.65,14.72,15.36,15.41,14.24,10.48,10.29,8.91,8.18,7.83,7.31,6.93,6.52,6.16,5.88,5.52,5.35,4.93,4.63,4.39,4.20,3.99,3.83,3.60,3.33,3.06,2.84,2.64,2.28,2.21,2.17,2.15,2.11,2.13,2.36,2.40,2.45,2.54,2.56,2.75,2.85,2.99,3.15,3.41,3.75,2.99,2.60,2.29,2.81,3.10,3.12,2.47,2.19,4.03,2.44,3.76,7.47,
Right Percent:
50000.00,27.96,21.63,19.53,19.01,15.91,14.75,14.59,14.96,14.99,14.50,11.29,10.33,10.29,9.97,9.27,9.19,8.95,8.76,8.43,8.09,7.97,7.06,6.76,6.47,6.00,5.55,5.03,4.46,4.03,3.60,3.27,2.97,2.76,2.32,2.31,2.29,2.29,2.26,2.30,2.58,2.65,2.72,2.87,2.94,3.22,3.43,3.85,4.42,5.51,5.49,3.99,3.42,2.87,3.19,2.85,2.72,2.13,1.75,2.19,1.67,1.96,2.46,
Left Percent:
50000.00,23.21,21.37,18.99,15.15,14.42,13.55,13.37,13.48,13.90,13.55,8.60,8.53,8.57,8.55,8.63,8.80,8.85,8.86,8.77,8.77,8.39,7.62,6.51,5.74,5.22,4.71,4.11,3.72,3.37,3.03,2.63,2.91,2.30,2.19,2.16,2.15,2.16,2.18,2.20,2.22,2.24,2.26,2.29,2.34,2.50,2.68,2.78,2.97,3.32,3.82,3.59,3.80,4.66,5.57,10.00,22.54,41.12,81.01,804.62,10.58,16653.92,8996.99,
Right Percent:
50000.00,20.84,14.74,12.97,10.50,9.77,9.68,9.64,9.73,9.89,8.65,6.50,6.35,6.07,5.85,5.76,5.68,5.53,5.33,5.18,5.04,4.80,4.46,3.87,3.57,3.28,2.99,2.59,2.38,2.16,1.95,1.70,1.50,1.51,1.46,1.44,1.43,1.43,1.43,1.44,1.45,1.46,1.47,1.51,1.57,1.73,1.85,2.02,2.32,2.69,3.43,7.10,14.42,89.98,103.89,138.09,153.75,102.76,97.48,798.84,10.37,26494.09,10605.72,
Left Percent:
50000.00,21.72,18.13,18.08,14.67,14.10,14.45,14.71,14.91,15.40,13.31,10.32,8.90,9.06,8.83,8.77,8.64,8.45,8.28,8.09,7.79,7.48,6.77,6.23,5.78,5.23,4.29,3.82,3.37,3.00,2.62,2.39,2.21,2.10,1.96,1.87,1.83,1.80,1.80,1.82,1.83,1.84,1.86,1.93,2.05,2.16,2.46,2.55,2.83,3.17,3.52,5.41,8.93,11.95,16.09,24.52,20.15,13.76,11.24,13.06,17.28,17.55,19.42,
Right Percent:
50000.00,24.59,20.55,19.93,16.83,16.08,16.28,16.60,16.87,17.44,16.22,14.73,13.25,14.83,14.34,13.17,12.37,11.52,10.79,10.17,9.64,9.08,8.74,8.26,7.65,7.20,6.88,6.12,5.71,5.32,4.98,4.59,4.30,3.87,4.02,3.76,3.69,3.67,3.68,3.77,3.80,3.83,3.87,4.14,4.56,4.95,5.76,5.92,5.66,5.69,6.04,4.37,4.18,2.91,2.51,1.94,1.73,1.42,1.22,1.40,2.05,2.04,2.17,
Left Percent:
50000.00,28.57,21.41,19.40,18.43,14.68,14.16,14.14,14.18,14.44,12.81,9.07,8.34,7.78,7.38,7.17,6.92,6.61,6.34,6.04,5.72,5.39,5.05,4.72,4.37,4.07,3.79,3.47,3.11,2.74,2.51,2.33,2.12,1.96,1.83,1.79,1.75,1.76,1.77,1.77,1.78,1.82,1.91,1.95,2.01,2.19,2.28,2.38,2.53,2.72,3.11,3.49,3.60,3.78,5.14,8.68,14.13,11.67,16.53,128.74,100.94,110.02,142.32,
Right Percent:
50000.00,85.45,63.78,46.27,42.52,32.57,29.33,28.02,27.66,27.92,37.77,19.48,18.62,18.12,17.80,17.93,17.69,17.38,17.46,17.65,17.63,17.77,17.45,17.39,16.74,16.20,15.39,13.62,11.15,8.87,7.87,7.18,6.29,6.89,5.11,5.03,4.91,5.09,5.35,5.44,5.60,6.05,6.96,7.23,7.74,9.75,10.85,11.25,11.21,11.46,12.37,12.96,9.97,9.28,9.48,8.66,8.16,6.30,5.30,5.40,5.43,5.82,6.87,
Left Percent:
50000.00,36.06,26.70,20.59,16.75,16.33,16.45,18.67,19.60,20.48,17.43,17.34,15.33,14.75,13.95,13.34,12.80,12.15,11.60,10.77,10.07,9.47,8.69,7.96,7.22,6.81,5.89,5.57,5.03,4.53,4.21,3.58,3.70,3.71,3.50,3.33,3.24,3.22,3.17,3.13,3.20,3.26,3.25,3.31,3.47,3.49,3.85,4.25,4.79,5.64,6.47,6.59,20.46,65.26,64.85,203.88,158.44,87.96,67.34,92.49,11.24,107.31,148.27,
Right Percent:
50000.00,26.60,18.54,143.71,88.15,79.83,75.16,98.65,98.06,104.04,83.34,52.10,42.22,40.86,40.74,38.73,38.13,35.69,33.78,31.78,29.68,26.70,22.97,19.56,16.55,13.41,11.24,9.63,8.08,6.76,5.40,5.33,1.64,1.66,1.77,1.78,1.77,1.76,1.74,1.76,1.76,1.75,1.76,1.80,1.82,1.92,1.97,2.08,2.26,2.55,3.12,4.58,6.64,9.54,22.75,51.91,28.62,23.97,15.29,13.12,7.44,15.73,21.32,
Left Percent:
50000.00,25.07,19.94,18.52,18.16,13.85,13.98,14.16,14.35,15.15,13.51,10.42,9.60,9.51,9.18,8.65,8.39,8.17,7.90,7.16,6.85,6.55,6.20,5.77,5.37,4.91,4.56,4.14,3.69,3.38,3.06,2.77,2.54,2.40,2.07,2.00,1.96,1.93,1.91,1.91,1.93,1.99,2.22,2.25,2.31,2.36,2.54,2.70,2.94,3.28,3.75,3.54,2.80,2.26,2.64,2.73,4.63,4.44,4.85,5.34,16.13,24.68,55.46,
Right Percent:
50000.00,41.75,33.52,35.99,36.64,23.91,26.49,26.52,25.81,25.37,30.07,14.28,13.41,11.54,10.63,9.99,9.37,8.81,8.34,7.86,7.35,6.99,6.64,6.35,5.96,5.66,5.38,5.02,4.74,4.33,4.11,3.81,3.58,3.28,3.10,3.10,3.13,3.15,3.21,3.35,3.45,3.54,3.68,3.95,4.09,4.26,4.28,4.33,4.26,4.28,4.48,3.60,3.12,2.77,3.51,2.88,2.68,2.11,1.78,2.17,1.95,2.17,2.65,
Left Percent:
50000.00,21.37,18.21,17.44,14.26,13.98,13.71,13.99,14.25,14.73,13.04,10.50,9.58,10.02,9.89,9.67,9.63,9.63,9.55,9.42,9.02,8.62,8.19,7.65,7.13,6.36,5.77,4.85,4.08,3.62,3.10,2.68,2.51,2.41,2.18,2.09,2.03,2.02,2.01,2.00,2.00,2.08,2.22,2.24,2.34,2.64,2.72,2.94,3.28,3.94,4.28,7.65,17.63,66.48,102.29,97.63,79.80,55.91,50.96,88.10,125.08,119.57,136.74,
Right Percent:
50000.00,32.82,24.45,22.20,18.51,17.65,16.95,16.98,17.10,17.37,13.61,10.27,9.28,9.02,8.50,8.08,7.64,7.24,6.83,6.42,5.98,5.59,5.13,4.67,4.29,3.92,3.59,3.21,2.84,2.59,2.33,2.11,1.98,1.92,1.79,1.74,1.70,1.69,1.68,1.67,1.68,1.71,1.78,1.82,1.91,2.10,2.21,2.38,2.68,3.20,4.07,11.36,13.11,9.15,7.62,6.79,5.98,5.57,5.75,6.39,6.86,7.36,8.86,
Left Percent:
50000.00,19.32,15.75,14.49,11.96,11.40,11.14,11.12,11.12,11.26,9.80,7.16,6.41,5.93,5.60,5.37,5.12,4.88,4.65,4.40,4.17,3.93,3.68,3.44,3.19,2.97,2.76,2.54,2.23,2.07,1.90,1.78,1.63,1.46,1.44,1.42,1.39,1.40,1.40,1.41,1.42,1.43,1.49,1.53,1.57,1.68,1.76,1.85,1.96,2.13,2.40,3.02,3.34,3.55,4.90,7.30,10.72,7.47,7.91,23.29,48.41,80.84,91.27,
Right Percent:
50000.00,47.87,31.40,31.15,23.80,24.37,24.24,24.54,24.74,25.18,16.89,15.13,13.99,14.23,13.82,13.51,12.46,11.77,10.84,9.94,9.35,8.84,8.28,7.59,7.14,6.56,5.96,5.34,4.31,3.97,3.62,3.39,3.13,3.12,2.80,2.75,2.68,2.64,2.60,2.54,2.52,2.51,2.59,2.68,2.75,3.11,3.42,3.79,4.39,5.20,6.39,16.98,19.56,21.73,19.99,19.06,17.86,16.54,15.47,15.71,13.38,13.71,15.42,
Left Percent:
50000.00,9.32,8.38,8.32,7.33,7.27,7.22,7.30,7.35,7.45,6.94,6.00,5.60,5.66,5.58,5.57,5.53,5.47,5.42,5.33,5.21,5.06,4.83,4.53,4.33,4.05,3.57,3.25,2.93,2.68,2.38,2.22,2.07,2.01,1.83,1.77,1.73,1.72,1.72,1.73,1.73,1.75,1.77,1.79,1.91,1.98,2.28,2.38,2.59,2.87,3.14,4.13,5.41,9.65,16.01,255.72,197.61,110.93,105.84,553.80,12885.07,10039.63,5879.62,
Right Percent:
50000.00,14.04,11.90,11.30,9.56,9.02,8.79,8.76,8.72,8.75,7.50,5.74,5.19,4.98,4.77,4.65,4.51,4.37,4.24,4.10,3.95,3.79,3.60,3.39,3.21,3.01,2.70,2.45,2.23,2.04,1.84,1.71,1.60,1.55,1.45,1.42,1.39,1.39,1.40,1.40,1.41,1.44,1.45,1.48,1.57,1.65,1.88,1.98,2.15,2.36,2.63,3.33,4.24,8.05,29.32,111.74,151.38,115.01,109.85,568.76,32056.83,17052.08,6550.56,
Left Percent:
50000.00,11.49,11.73,10.51,9.33,9.03,8.92,9.04,9.04,9.28,8.98,6.75,7.21,7.25,7.31,7.49,7.63,7.80,7.70,7.96,7.49,6.84,6.59,6.21,5.73,5.34,5.10,4.85,4.52,4.18,3.73,3.36,2.64,2.98,2.83,2.82,2.81,2.83,2.85,2.87,2.95,3.06,3.15,3.15,3.20,3.27,3.48,3.71,3.85,4.15,4.52,3.79,3.65,3.86,4.57,6.45,9.73,12.57,18.59,99.33,106.80,110.76,126.46,
Right Percent:
50000.00,36.18,32.18,25.07,20.97,19.79,19.18,19.08,18.71,18.71,20.27,11.92,11.60,10.74,10.11,9.71,9.36,9.09,8.79,8.55,8.11,7.28,6.87,6.40,5.86,5.41,5.09,4.76,4.41,4.06,3.66,3.32,2.78,2.99,2.94,2.99,3.03,3.07,3.12,3.18,3.30,3.45,3.55,3.62,3.72,3.86,4.06,4.24,4.27,4.46,5.05,4.45,4.12,3.30,3.27,2.90,2.62,2.00,1.67,1.78,2.31,2.35,2.55,
Left Percent:
50000.00,28.05,24.93,24.48,20.48,20.18,20.36,20.98,21.73,22.84,20.44,16.87,16.91,18.22,18.54,19.21,20.07,20.79,21.53,22.24,20.77,20.40,18.24,15.26,12.99,11.96,10.07,8.74,7.60,6.66,5.95,5.29,3.98,4.16,3.97,3.67,3.61,3.53,3.51,3.54,3.60,3.57,3.70,4.03,4.09,4.18,4.62,5.22,5.89,7.58,9.31,15.17,8.16,9.47,10.87,19.26,108.32,104.57,101.70,414.25,25265.25,6285.02,3910.06,
Right Percent:
50000.00,10.47,8.10,7.26,6.04,5.75,5.61,5.61,5.68,5.80,5.23,3.98,3.85,3.84,3.72,3.68,3.64,3.59,3.54,3.48,3.37,3.24,3.01,2.72,2.41,2.25,1.99,1.77,1.59,1.42,1.30,1.17,0.93,0.97,0.95,0.91,0.90,0.90,0.90,0.91,0.92,0.92,0.96,1.04,1.07,1.12,1.22,1.37,1.52,1.82,2.18,4.21,8.34,41.71,144.34,104.70,108.01,107.12,104.19,426.18,27353.46,6361.71,4037.25,
Left Percent:
50000.00,27.15,22.47,21.48,20.88,19.91,16.30,16.05,16.57,16.45,14.98,10.77,10.12,9.60,9.28,8.79,8.51,8.17,7.85,7.48,7.03,6.67,6.23,5.59,5.17,4.76,4.42,4.04,3.66,3.33,3.06,2.80,2.60,2.42,2.06,2.05,2.01,1.99,1.98,2.11,2.12,2.18,2.20,2.24,2.33,2.41,2.55,2.72,2.96,3.24,3.73,3.90,3.15,2.57,3.15,3.03,3.59,3.31,3.32,5.22,4.81,7.17,14.77,
Right Percent:
50000.00,25.71,18.28,15.60,14.78,13.92,11.53,11.20,11.25,11.07,9.69,7.00,6.31,5.89,5.57,5.22,5.01,4.77,4.55,4.32,4.05,3.85,3.61,3.26,3.03,2.80,2.60,2.38,2.16,1.97,1.81,1.66,1.54,1.43,1.28,1.25,1.23,1.22,1.21,1.29,1.30,1.34,1.36,1.39,1.46,1.53,1.62,1.73,1.94,2.22,2.80,3.93,4.96,7.17,71.63,95.20,95.28,66.78,61.57,16.98,52.65,71.71,115.74,
Left Percent:
50000.00,37.27,28.99,27.53,20.19,20.24,20.35,21.03,21.55,22.53,20.21,13.50,12.89,10.86,9.98,9.36,8.95,8.42,7.91,7.49,6.97,6.53,6.12,5.84,5.35,5.05,4.81,4.54,4.06,3.86,3.64,3.36,3.17,2.59,2.92,2.91,2.95,2.96,3.03,3.06,3.10,3.11,3.28,3.43,3.53,3.73,3.78,4.03,3.99,4.18,4.85,3.23,2.98,2.56,3.09,3.61,5.75,5.29,5.01,3.55,4.93,6.86,12.05,
Right Percent:
50000.00,73.08,59.12,49.09,37.21,32.20,30.38,29.65,29.32,29.61,34.44,18.44,17.00,16.23,15.69,15.47,15.68,15.43,15.38,15.17,15.21,15.19,15.05,14.64,14.02,13.47,12.50,10.16,8.62,7.74,6.69,6.01,5.29,3.93,4.57,4.51,4.45,4.46,4.62,4.68,4.90,5.02,5.39,5.99,6.31,6.88,8.94,9.49,9.96,10.53,10.41,10.52,9.05,8.05,8.82,8.29,7.44,5.80,4.90,4.88,4.10,4.59,5.77,
Left Percent:
50000.00,24.19,17.08,14.75,13.97,12.43,11.37,10.95,10.93,10.78,9.48,6.73,6.15,5.54,5.09,4.82,4.55,4.31,4.07,3.83,3.60,3.38,3.18,2.97,2.75,2.55,2.37,2.19,2.02,1.87,1.72,1.58,1.48,1.39,1.33,1.28,1.26,1.26,1.26,1.26,1.27,1.29,1.31,1.34,1.38,1.42,1.47,1.55,1.69,1.87,2.08,2.25,2.35,2.53,3.87,5.21,5.53,4.15,2.86,2.85,3.46,4.34,5.21,
Right Percent:
50000.00,25.36,19.03,16.98,16.42,14.03,13.09,12.86,13.19,13.07,12.74,9.47,8.94,8.53,8.10,7.66,7.39,7.12,6.88,6.62,6.32,6.11,5.83,5.54,5.20,4.83,4.43,4.06,3.65,3.30,2.96,2.66,2.47,2.30,2.21,2.15,2.09,2.11,2.09,2.13,2.14,2.21,2.31,2.36,2.42,2.52,2.68,2.92,3.43,4.04,4.49,3.40,3.01,2.72,3.13,2.66,2.38,1.98,1.72,2.37,1.94,2.21,2.54,
Left Percent:
50000.00,16.67,16.12,14.59,12.60,12.18,11.97,12.06,12.31,12.69,11.59,8.65,8.49,8.29,8.10,7.98,7.93,7.82,7.68,7.40,7.26,7.08,6.60,5.94,5.35,5.01,4.60,4.13,3.77,3.46,3.15,2.82,2.88,2.45,2.37,2.30,2.27,2.28,2.28,2.30,2.31,2.33,2.35,2.38,2.47,2.61,2.73,2.88,3.12,3.45,3.91,3.68,3.84,4.28,4.94,7.24,9.76,9.53,10.19,18.56,25.86,55.48,174.47,
Right Percent:
50000.00,37.30,24.58,21.66,17.34,16.25,16.13,16.15,16.59,17.01,13.79,10.60,10.49,10.31,10.10,9.94,10.02,10.01,9.86,9.58,9.54,9.14,8.41,6.80,6.39,5.69,5.10,4.23,3.88,3.45,3.09,2.63,2.22,2.27,2.21,2.12,2.09,2.09,2.12,2.13,2.07,2.09,2.11,2.16,2.32,2.59,2.79,3.23,3.85,4.86,6.86,50.52,45.81,46.47,41.21,37.61,32.90,42.14,56.97,107.39,71.40,66.40,73.22,
Left Percent:
50000.00,22.90,18.10,16.81,16.46,15.86,12.71,12.31,12.91,12.62,11.01,8.61,8.03,7.46,7.10,6.65,6.41,6.11,5.83,5.54,5.23,4.90,4.51,4.20,3.91,3.64,3.32,3.02,2.73,2.48,2.22,1.97,1.83,1.70,1.63,1.47,1.49,1.52,1.48,1.49,1.50,1.50,1.53,1.55,1.58,1.75,1.88,2.03,2.21,2.46,2.60,2.76,2.59,2.31,2.93,3.09,3.53,2.76,2.39,3.87,2.84,4.37,9.20,
Right Percent:
50000.00,30.99,20.66,17.60,16.59,15.66,13.74,12.54,12.50,12.22,10.68,7.83,7.04,6.43,6.01,5.64,5.37,5.07,4.81,4.55,4.28,4.01,3.71,3.46,3.23,3.01,2.76,2.52,2.28,2.08,1.89,1.71,1.60,1.50,1.43,1.30,1.34,1.35,1.35,1.36,1.37,1.37,1.39,1.42,1.47,1.61,1.72,1.84,2.04,2.35,2.70,3.50,4.22,5.92,22.70,18.49,14.20,15.39,11.86,5.97,10.61,14.37,19.89,
