Left Percent:
50000.00,851.00,1149.98,762.03,650.42,678.27,640.11,625.20,580.15,265.23,168.99,40.12,25.24,20.83,17.24,14.87,12.92,11.57,9.96,9.08,8.28,7.54,6.74,5.72,5.01,4.49,3.96,3.56,3.38,3.14,2.98,3.01,2.88,2.59,2.35,2.08,1.99,1.96,1.93,1.95,1.98,1.99,1.99,2.06,2.10,2.21,2.42,2.64,2.70,2.37,2.11,2.00,1.78,1.76,1.72,1.71,1.85,2.24,2.31,2.00,1.88,
Right Percent:
50000.00,848.70,1151.97,822.43,819.52,854.92,832.75,831.46,851.82,753.21,133.05,48.19,39.35,28.40,21.70,17.84,14.87,12.80,10.70,9.33,8.32,7.26,6.36,5.57,4.89,4.35,3.97,3.73,3.33,3.04,2.93,2.99,3.16,3.18,3.05,2.57,2.69,2.67,2.67,2.70,2.76,2.79,2.81,2.96,3.04,3.08,3.00,2.85,2.75,2.74,3.06,3.26,4.83,21.65,50.85,63.90,60.95,62.51,20.86,4.15,4.03,
Left Percent:
50000.00,42.29,24.86,26.57,25.46,25.05,25.48,25.95,25.73,24.49,17.08,9.63,6.77,5.69,4.88,4.54,4.00,3.63,3.38,3.15,2.93,2.75,2.55,2.40,2.43,2.40,2.46,2.57,2.60,2.53,2.44,2.36,2.28,2.12,1.95,1.83,1.60,1.60,1.52,1.52,1.54,1.58,1.71,1.76,1.84,1.87,1.96,2.10,2.10,1.93,1.83,1.49,1.38,1.39,1.16,0.96,0.80,0.82,0.81,0.75,0.68,
Right Percent:
50000.00,183.53,82.13,99.95,117.87,78.77,67.03,66.16,59.18,52.98,29.78,14.94,14.55,11.54,9.47,8.41,7.07,6.29,5.69,5.13,4.63,4.21,3.64,3.21,3.01,2.83,2.69,2.57,2.70,3.05,3.45,2.84,2.22,2.01,1.85,1.72,1.69,1.65,1.58,1.59,1.60,1.64,1.76,1.83,1.92,1.98,2.11,2.31,2.70,3.49,3.08,2.75,3.08,5.60,7.44,16.19,43.80,38.40,8.96,4.09,4.27,
Left Percent:
50000.00,25.46,17.29,18.29,17.39,17.14,17.20,17.05,16.39,16.16,12.03,9.96,9.40,8.47,7.51,7.22,6.94,6.66,6.39,5.59,5.13,4.95,4.64,4.29,3.97,3.68,3.40,3.07,2.81,2.59,2.36,2.06,1.86,1.73,1.92,1.49,1.41,1.38,1.38,1.37,1.37,1.37,1.40,1.46,1.50,1.49,1.65,1.83,1.91,1.95,1.90,1.77,1.53,1.78,1.66,1.81,2.12,2.24,2.92,3.12,2.60,
Right Percent:
50000.00,340.68,269.09,260.83,253.41,249.80,246.82,242.79,237.18,234.66,140.39,133.31,142.62,119.75,50.00,43.11,37.35,32.45,27.61,17.62,12.91,11.95,10.09,8.38,6.81,5.57,4.59,3.72,3.19,2.79,2.45,2.04,1.87,1.84,1.62,2.02,1.93,1.92,1.91,1.89,1.87,1.83,1.82,1.86,1.86,1.85,1.86,2.03,2.11,2.26,2.21,2.07,2.31,6.44,8.89,21.75,35.65,44.73,51.94,56.19,61.06,
Left Percent:
50000.00,757.12,1074.58,785.23,831.24,795.62,737.59,714.79,763.88,781.53,269.92,185.00,172.97,156.76,142.18,131.57,115.86,101.97,94.55,83.70,77.90,68.89,66.04,63.00,49.75,34.90,25.23,16.81,11.20,6.88,5.32,4.85,5.35,5.51,5.22,4.46,3.87,2.82,3.40,3.52,3.56,3.71,3.46,3.71,4.05,4.59,5.31,6.60,4.82,4.30,6.50,10.06,6.99,4.04,5.62,4.84,3.50,2.89,1.77,1.33,1.27,
Right Percent:
50000.00,746.91,1071.45,785.97,357.70,194.24,151.24,120.87,162.20,144.52,52.97,17.36,12.70,10.33,9.37,8.78,8.37,7.89,7.80,7.36,7.37,7.25,7.07,6.92,6.61,6.33,5.77,4.94,4.23,3.49,2.88,2.40,2.09,1.86,1.68,1.56,1.45,1.29,1.39,1.42,1.44,1.46,1.48,1.54,1.63,1.74,1.93,2.21,2.58,3.18,4.79,5.96,6.93,143.58,281.04,214.16,128.15,19.71,5.52,10.12,8.60,
Left Percent:
50000.00,835.51,975.75,770.53,790.78,839.02,785.23,752.76,787.63,814.37,219.53,30.27,15.35,11.53,9.32,8.16,7.45,6.77,6.29,5.85,5.42,5.05,4.84,4.85,4.79,4.72,4.66,4.64,4.39,3.89,3.42,2.82,2.48,2.29,2.15,1.82,1.85,1.82,1.82,1.81,1.84,1.87,1.88,1.90,2.02,2.06,2.14,2.32,2.45,2.68,2.49,2.00,1.82,1.83,1.67,1.38,1.11,1.20,1.26,1.18,1.05,
Right Percent:
50000.00,836.10,185.25,487.08,659.89,534.49,393.11,406.67,273.41,204.60,51.99,42.72,57.42,49.65,39.77,32.42,29.68,26.85,24.39,21.98,20.10,17.22,14.90,13.77,11.75,10.59,8.89,7.05,5.66,4.86,4.05,2.98,2.71,2.62,2.61,2.88,2.70,2.58,2.54,2.50,2.52,2.57,2.51,2.52,2.68,2.68,2.61,2.85,3.28,3.61,3.96,3.43,4.15,10.80,12.87,21.28,35.57,40.99,42.07,41.93,42.95,
Left Percent:
50000.00,32.72,24.74,24.52,23.55,21.85,20.41,18.86,17.97,16.79,14.58,12.75,12.29,10.78,10.06,9.47,8.98,8.57,8.28,7.96,7.55,6.65,6.06,5.27,4.64,4.16,3.63,3.14,2.73,2.42,2.10,1.84,1.58,1.47,1.41,1.34,1.23,1.24,1.23,1.23,1.23,1.29,1.34,1.38,1.39,1.43,1.47,1.53,1.66,1.88,2.12,2.14,2.14,2.73,2.69,2.30,2.23,2.93,3.76,3.85,3.62,
Right Percent:
50000.00,269.64,195.28,192.30,193.98,194.43,189.14,184.67,183.64,153.98,98.12,42.98,29.59,17.01,11.80,9.64,8.12,7.11,6.45,6.01,5.69,5.29,5.04,4.63,4.37,4.19,4.11,4.24,4.21,4.08,3.11,2.50,1.97,1.76,1.61,1.49,1.38,1.37,1.38,1.39,1.42,1.49,1.57,1.64,1.68,1.80,1.90,2.09,2.47,3.38,3.63,3.26,3.86,6.35,23.85,25.91,30.57,9.94,1.98,1.22,1.29,
Left Percent:
50000.00,15.65,12.34,12.58,12.77,12.85,12.98,12.51,12.14,10.02,8.50,7.25,7.02,6.13,5.64,5.33,5.06,4.78,4.58,4.35,4.15,3.92,3.68,3.42,3.15,2.93,2.71,2.46,2.23,2.01,1.81,1.63,1.50,1.41,1.33,1.38,1.24,1.19,1.18,1.19,1.19,1.22,1.23,1.24,1.27,1.28,1.33,1.39,1.50,1.61,1.53,1.39,1.31,1.50,1.49,1.53,1.80,2.12,2.39,2.46,2.31,
Right Percent:
50000.00,547.55,476.22,442.03,434.30,425.07,412.27,396.65,389.52,355.10,189.25,64.12,50.43,23.19,16.77,13.23,11.04,9.26,8.11,7.20,6.54,5.89,5.37,4.94,4.55,4.21,3.96,3.80,3.60,3.44,3.13,2.79,2.55,2.37,2.23,1.95,2.10,1.99,2.01,2.02,2.01,2.06,2.09,2.12,2.18,2.25,2.34,2.48,2.73,3.07,3.13,3.16,3.72,4.91,8.25,36.97,67.43,69.37,67.08,71.95,94.58,
Left Percent:
50000.00,11.55,7.50,8.94,9.77,8.75,8.24,8.35,8.10,7.67,5.49,3.91,3.49,3.15,2.91,2.82,2.73,2.70,2.63,2.59,2.55,2.55,2.53,2.50,2.53,2.63,2.67,2.45,1.95,1.61,1.37,1.20,1.07,0.91,0.84,0.79,0.70,0.71,0.70,0.70,0.70,0.71,0.72,0.73,0.74,0.76,0.79,0.83,0.89,0.99,1.07,1.15,0.98,0.97,1.20,1.01,0.80,0.77,0.75,0.69,0.63,
Right Percent:
50000.00,19.39,14.59,15.21,16.55,14.02,12.49,11.95,11.53,11.13,8.21,5.88,5.37,4.64,4.02,3.64,3.28,3.01,2.81,2.61,2.44,2.30,2.22,2.16,2.24,2.57,2.81,3.07,3.13,3.13,2.86,2.54,2.25,2.02,1.82,1.72,1.63,1.61,1.54,1.62,1.63,1.65,1.67,1.71,1.76,1.82,1.96,2.14,2.46,2.83,3.10,3.33,3.81,7.74,4.25,6.02,5.87,1.72,0.94,0.79,0.79,
Left Percent:
50000.00,25.51,17.39,17.38,16.65,15.68,15.17,14.85,14.41,13.95,11.66,9.40,8.76,7.96,7.51,6.97,6.63,6.35,6.11,5.86,5.57,5.11,4.82,4.62,4.41,4.18,3.99,3.58,3.22,2.95,2.63,2.20,1.91,1.76,1.64,1.53,1.42,1.40,1.39,1.42,1.43,1.43,1.44,1.45,1.53,1.64,1.70,1.80,1.98,2.12,2.05,1.83,1.76,1.83,1.76,1.71,1.92,2.17,2.36,2.28,2.06,
Right Percent:
50000.00,557.60,551.51,504.40,472.89,472.17,465.34,458.94,458.48,461.80,227.20,231.36,271.83,300.95,309.22,302.43,245.55,152.56,78.39,42.67,29.65,16.65,12.07,9.98,8.02,7.40,7.06,6.65,5.98,4.22,3.07,2.27,1.78,1.58,1.39,1.26,1.16,1.14,1.13,1.18,1.19,1.21,1.22,1.25,1.35,1.55,1.67,1.89,2.23,3.01,4.95,5.60,8.94,71.19,69.23,66.29,20.96,1.91,0.94,0.75,0.75,
Left Percent:
50000.00,31.40,22.74,23.67,21.89,19.75,18.68,17.41,16.33,15.65,12.88,9.98,9.70,8.35,7.56,7.15,6.77,6.40,6.09,5.67,5.36,5.05,4.68,4.14,3.71,3.35,3.00,2.69,2.39,2.16,1.96,1.77,1.64,1.55,1.46,1.44,1.33,1.29,1.27,1.27,1.27,1.30,1.31,1.31,1.36,1.35,1.40,1.48,1.59,1.74,1.71,1.62,1.53,1.66,1.65,1.74,1.60,1.50,1.55,1.51,1.39,
Right Percent:
50000.00,785.93,680.51,637.14,638.12,631.42,620.29,602.67,595.65,593.03,42.25,16.70,15.82,11.18,9.00,7.89,7.02,6.29,5.69,5.09,4.66,4.26,3.92,3.57,3.50,3.40,3.43,3.56,3.54,3.35,3.19,2.91,2.61,2.41,2.23,1.98,2.07,2.00,1.98,1.98,1.98,2.04,2.06,2.09,2.18,2.21,2.32,2.48,2.82,3.03,3.22,3.45,3.86,4.71,3.63,5.97,21.19,63.13,70.75,76.57,90.54,
Left Percent:
50000.00,36.70,23.56,23.21,21.13,20.75,19.45,18.53,17.44,16.61,13.91,11.37,10.38,9.19,8.40,7.91,7.47,7.13,6.82,6.51,5.54,5.02,4.66,4.27,3.92,3.57,3.21,2.89,2.57,2.33,2.07,1.72,1.59,1.47,1.39,1.26,1.29,1.25,1.24,1.25,1.27,1.32,1.33,1.34,1.35,1.42,1.53,1.56,1.61,1.72,1.80,1.67,1.48,1.60,1.58,1.76,1.73,2.30,2.51,2.43,2.24,
Right Percent:
50000.00,347.65,280.66,258.46,242.06,240.14,239.14,236.87,235.63,235.49,140.00,123.31,126.97,126.42,120.26,116.00,112.18,108.04,103.17,98.31,81.97,64.13,47.74,26.70,15.78,9.78,6.28,4.43,3.60,3.37,3.17,2.51,2.36,2.30,2.35,2.35,2.47,2.37,2.35,2.36,2.35,2.35,2.32,2.33,2.38,2.34,2.47,2.52,2.71,3.10,2.90,2.67,3.68,22.86,24.35,24.91,25.66,31.85,5.47,2.43,2.24,
Left Percent:
50000.00,659.97,1038.43,759.99,837.00,818.29,785.26,751.63,772.06,816.16,285.91,329.17,423.77,465.68,464.31,404.18,331.52,298.87,255.69,227.70,201.26,176.76,156.02,134.59,114.57,100.72,88.03,74.46,64.88,57.52,48.17,41.59,37.97,34.50,22.29,8.95,7.75,8.89,10.96,12.51,14.78,16.72,18.93,19.72,21.74,32.87,36.94,40.01,44.35,45.10,43.57,38.41,118.29,12.91,31.68,17.89,8.50,4.13,2.08,1.49,1.40,
Right Percent:
50000.00,638.32,1017.69,744.42,818.68,798.80,767.40,734.69,734.91,730.93,175.50,115.92,60.88,31.01,22.46,16.54,12.53,10.61,8.85,7.75,6.91,6.07,5.44,4.71,3.98,3.54,3.15,2.79,2.61,2.57,2.82,3.18,3.66,3.89,3.31,3.12,2.84,2.61,2.61,2.58,2.57,2.57,2.59,2.98,3.26,3.65,3.92,3.66,3.33,2.99,2.71,3.21,12.68,253.39,307.28,196.50,123.98,14.34,1.71,1.07,1.12,
Left Percent:
50000.00,992.48,1105.61,834.59,849.35,857.37,814.72,798.77,830.37,860.23,294.45,293.37,323.04,197.32,74.12,46.16,31.70,13.93,9.91,8.43,6.78,5.53,4.98,4.56,4.48,4.35,4.32,4.35,3.27,2.51,1.97,1.50,1.26,1.15,1.06,1.22,0.90,0.88,0.87,0.88,0.87,0.88,0.89,0.98,0.99,1.03,1.09,1.18,1.37,1.76,2.35,1.86,1.66,1.60,1.44,1.18,1.22,2.03,2.76,2.76,2.14,
Right Percent:
50000.00,986.90,1100.58,831.27,845.49,853.32,811.14,795.26,826.56,856.23,181.56,48.07,35.35,23.86,18.02,15.40,13.30,10.27,8.76,8.09,7.43,6.41,5.92,5.39,4.90,4.52,4.25,4.03,3.79,3.57,3.00,2.50,2.16,2.01,1.87,1.62,1.69,1.63,1.63,1.66,1.66,1.67,1.71,1.84,1.92,1.99,2.10,2.25,2.51,3.00,3.38,3.35,3.96,5.58,10.12,34.85,87.19,90.59,85.32,97.11,135.45,
Left Percent:
50000.00,29.87,20.13,19.07,18.68,18.43,18.01,17.90,17.75,14.38,12.09,9.95,9.48,8.70,7.98,7.57,7.28,6.94,6.62,6.26,5.89,5.66,5.35,5.07,4.82,4.59,4.35,4.10,3.72,3.38,2.99,2.65,2.48,2.33,2.18,1.76,1.81,1.74,1.71,1.68,1.67,1.65,1.63,1.71,1.84,1.91,1.96,2.18,2.39,2.56,2.31,2.05,1.90,2.00,1.94,1.97,2.48,3.96,5.47,5.71,4.91,
Right Percent:
50000.00,323.50,257.06,225.15,221.91,229.60,232.14,240.43,245.59,201.30,80.67,69.81,107.89,89.54,64.75,57.66,51.05,45.40,40.39,35.10,29.04,24.84,20.83,17.12,13.08,10.46,8.45,6.25,4.71,4.01,3.25,2.68,2.45,2.27,2.17,2.12,1.95,1.87,1.83,1.82,1.81,1.81,1.80,1.86,2.11,2.13,2.16,2.29,2.64,3.00,3.21,3.00,3.65,8.69,10.04,19.92,37.95,50.20,59.32,66.89,81.55,
Left Percent:
50000.00,876.66,1074.14,778.26,758.88,722.31,691.79,668.76,678.94,683.43,252.86,163.75,34.25,16.05,11.41,9.27,8.29,7.53,7.06,6.68,6.17,5.97,5.76,5.15,4.08,3.35,2.81,2.33,1.98,1.72,1.45,1.28,1.15,1.05,0.96,0.90,0.87,0.81,0.78,0.79,0.80,0.82,0.81,0.83,0.85,0.86,0.89,0.96,1.01,1.14,1.22,1.32,1.22,1.26,1.49,1.20,0.97,1.07,1.11,1.05,0.94,
Right Percent:
50000.00,832.97,358.84,128.29,80.97,60.76,56.19,51.62,49.43,47.12,28.97,13.52,12.00,10.93,10.35,10.16,10.34,9.44,8.60,7.84,7.00,6.43,5.93,5.41,4.90,4.36,3.90,3.42,3.05,2.74,2.41,2.14,1.94,1.80,1.67,1.58,1.44,1.44,1.39,1.43,1.44,1.49,1.50,1.54,1.58,1.61,1.69,1.80,1.94,2.20,2.44,2.76,3.06,5.06,7.59,7.56,12.50,8.01,5.76,6.46,7.36,
Left Percent:
50000.00,34.54,13.47,13.55,14.37,14.62,15.03,14.86,14.16,13.51,8.58,6.03,6.13,5.75,5.42,5.42,5.30,5.09,4.90,4.79,4.65,4.56,4.49,4.48,4.66,4.75,3.81,3.14,2.65,2.27,1.98,1.74,1.55,1.41,1.30,1.21,1.10,1.11,1.06,1.08,1.08,1.10,1.12,1.13,1.15,1.19,1.23,1.31,1.49,1.71,1.82,1.89,1.72,2.13,1.96,1.54,1.40,1.44,1.66,1.62,1.38,
Right Percent:
50000.00,397.90,124.49,117.61,87.98,80.82,73.48,63.50,54.47,57.98,32.98,9.97,8.68,6.88,5.72,4.98,4.29,3.96,3.67,3.43,3.26,3.07,2.83,2.61,2.40,2.25,2.18,2.15,2.12,2.09,2.03,1.93,1.85,1.77,1.68,1.63,1.52,1.52,1.46,1.49,1.51,1.55,1.60,1.63,1.68,1.76,1.85,1.95,2.09,2.18,2.18,2.09,2.62,3.97,6.24,10.15,3.93,1.52,0.95,0.73,0.73,
Left Percent:
50000.00,15.65,10.17,11.87,12.63,11.52,10.43,10.35,10.05,9.26,7.29,6.42,6.22,5.62,5.37,5.29,5.21,5.22,5.37,5.51,5.07,4.45,3.88,3.89,3.42,3.00,2.57,2.23,1.95,1.63,1.43,1.26,1.14,1.04,0.98,0.92,0.95,0.85,0.83,0.81,0.80,0.81,0.84,0.85,0.86,0.88,0.91,0.94,1.00,1.09,1.13,1.13,1.03,1.09,1.22,1.46,1.38,1.13,1.06,0.99,0.94,
Right Percent:
50000.00,11.51,10.33,10.65,10.82,10.42,9.20,8.82,8.44,7.93,6.31,5.11,4.65,3.84,3.66,3.44,3.05,2.84,2.65,2.56,2.43,2.43,2.51,2.44,2.44,2.56,2.72,2.92,2.58,2.02,1.68,1.45,1.28,1.15,1.07,1.00,0.91,0.95,0.91,0.89,0.90,0.91,0.95,0.97,1.00,1.04,1.10,1.16,1.27,1.42,1.51,1.61,1.78,3.54,5.02,4.39,2.59,1.60,1.01,0.83,0.82,
Left Percent:
50000.00,8.37,5.87,6.60,7.13,6.57,6.25,6.33,6.22,5.92,4.56,3.38,2.99,2.75,2.52,2.41,2.31,2.24,2.19,2.20,2.20,2.22,2.23,2.23,2.26,2.36,2.46,2.64,2.64,2.19,1.84,1.61,1.39,1.28,1.18,1.11,0.99,1.00,0.99,0.96,0.96,0.97,0.98,0.99,1.01,1.04,1.07,1.10,1.17,1.27,1.36,1.44,1.25,1.23,1.22,0.96,0.77,0.68,0.65,0.60,0.55,
Right Percent:
50000.00,19.41,17.34,17.67,18.84,15.83,14.26,14.57,13.58,12.59,9.10,7.00,5.62,4.81,3.99,3.52,3.16,2.84,2.59,2.40,2.32,2.31,2.34,2.40,2.49,2.44,2.44,2.46,2.46,2.45,2.40,2.15,1.94,1.79,1.66,1.59,1.49,1.51,1.47,1.43,1.46,1.47,1.49,1.52,1.56,1.62,1.73,1.85,2.05,2.29,2.50,2.71,3.04,6.11,4.86,4.75,5.37,1.66,1.05,0.89,0.89,
Left Percent:
50000.00,29.31,19.60,22.06,21.40,19.75,18.45,16.87,15.91,14.85,13.75,11.17,10.82,8.78,8.13,7.41,6.78,6.32,5.82,5.46,5.09,4.78,4.39,4.02,3.70,3.36,2.99,2.60,2.28,2.00,1.77,1.59,1.47,1.39,1.32,1.36,1.24,1.20,1.18,1.20,1.20,1.21,1.22,1.24,1.25,1.27,1.33,1.39,1.45,1.51,1.49,1.42,1.28,1.44,1.37,1.51,1.77,1.77,1.55,1.45,1.40,
Right Percent:
50000.00,108.24,34.50,52.54,66.76,50.32,42.95,36.90,34.21,29.62,14.30,11.31,10.49,7.39,6.69,5.87,5.16,4.60,4.09,3.71,3.44,3.23,3.06,2.96,2.73,2.45,2.32,2.53,2.51,2.60,2.69,2.70,2.63,2.59,2.43,2.16,2.28,2.11,2.07,2.15,2.15,2.14,2.17,2.23,2.29,2.39,2.74,2.99,3.11,3.09,3.00,3.01,3.97,4.17,4.49,8.21,5.82,2.25,1.20,0.93,0.94,
Left Percent:
50000.00,10.20,6.34,7.31,7.96,6.74,6.62,6.79,6.58,6.25,4.51,3.41,3.44,3.17,3.07,3.07,3.16,3.29,3.30,3.32,3.27,3.23,3.17,3.12,3.06,3.08,2.89,2.52,2.16,1.85,1.62,1.42,1.30,1.18,1.11,1.05,1.02,0.97,0.96,0.93,0.93,0.93,0.94,0.95,0.97,0.99,1.02,1.05,1.10,1.17,1.24,1.28,1.15,1.18,1.35,1.14,0.98,0.82,0.75,0.70,0.67,
Right Percent:
50000.00,24.58,21.78,21.04,19.18,18.14,16.07,15.30,14.66,14.74,10.72,6.18,5.43,4.74,4.31,3.87,3.68,3.78,3.83,3.97,3.97,3.95,3.90,3.90,3.85,3.86,3.37,2.86,2.42,2.08,1.78,1.55,1.40,1.27,1.20,1.12,1.05,1.08,1.05,1.01,1.02,1.04,1.05,1.08,1.10,1.14,1.20,1.27,1.39,1.53,1.66,1.76,1.96,3.55,5.29,5.59,4.80,2.58,1.86,1.79,1.75,
Left Percent:
50000.00,6.46,4.82,5.03,5.27,4.85,5.00,5.14,5.08,4.91,3.94,2.84,2.70,2.36,2.25,2.15,2.09,2.07,2.07,2.09,2.12,2.13,2.16,2.18,2.21,2.33,2.48,2.63,2.77,2.90,2.63,2.34,2.12,1.93,1.75,1.66,1.44,1.48,1.48,1.44,1.45,1.46,1.47,1.49,1.53,1.57,1.62,1.67,1.75,1.87,1.97,1.82,1.56,1.44,1.23,1.01,0.85,0.72,0.66,0.62,0.58,
Right Percent:
50000.00,16.81,15.38,16.47,16.26,16.35,14.10,13.86,13.22,12.31,9.11,7.80,6.96,5.90,5.09,4.58,4.08,3.70,3.35,2.98,2.78,2.51,2.35,2.24,2.10,2.06,2.14,2.37,2.63,2.87,2.39,2.09,1.86,1.68,1.49,1.42,1.34,1.35,1.32,1.31,1.34,1.35,1.36,1.41,1.44,1.49,1.58,1.71,1.93,2.21,2.44,2.62,3.70,4.78,4.75,8.05,9.70,2.22,1.01,0.78,0.79,
Left Percent:
50000.00,51.50,19.43,19.94,20.78,20.39,20.36,19.85,18.41,17.25,11.68,9.61,9.19,8.49,7.84,7.44,7.16,6.89,6.66,6.47,6.21,6.04,5.86,5.72,5.26,4.66,4.17,3.62,3.17,2.86,2.56,2.29,2.06,1.87,1.70,1.80,1.48,1.41,1.36,1.36,1.36,1.39,1.56,1.62,1.65,1.70,1.80,1.95,2.03,2.15,2.16,2.02,1.76,1.99,1.88,1.94,1.76,1.76,1.95,1.93,1.68,
Right Percent:
50000.00,523.24,357.82,328.74,338.87,339.54,350.23,346.86,329.16,292.54,107.14,30.51,23.88,17.17,12.96,9.58,8.42,7.26,6.48,5.75,5.04,4.60,4.25,3.75,3.21,2.80,2.56,2.56,2.67,3.00,3.53,3.07,2.44,2.08,1.88,1.62,1.65,1.62,1.58,1.60,1.62,1.68,1.90,2.00,2.06,2.21,2.34,2.58,3.06,3.50,2.85,2.40,2.79,4.26,15.22,16.10,6.68,2.03,1.08,0.83,0.82,
Left Percent:
50000.00,6.88,5.17,5.60,6.05,5.76,5.52,5.58,5.56,5.39,4.38,3.28,3.16,2.77,2.63,2.46,2.36,2.28,2.21,2.18,2.14,2.07,1.99,1.94,1.91,1.91,1.91,1.93,1.94,1.96,1.98,2.00,2.00,1.80,1.66,1.55,1.36,1.40,1.36,1.35,1.37,1.39,1.41,1.44,1.46,1.49,1.55,1.62,1.74,1.69,1.49,1.23,1.13,1.15,0.95,0.83,0.73,0.75,0.74,0.69,0.63,
Right Percent:
50000.00,20.96,15.70,16.84,19.15,17.02,14.61,13.73,13.10,11.98,8.06,6.92,6.37,5.19,4.27,3.81,3.42,3.11,2.82,2.54,2.41,2.24,2.16,2.12,2.07,2.18,2.04,2.17,2.48,2.87,3.07,2.59,2.09,1.84,1.65,1.54,1.46,1.42,1.36,1.41,1.43,1.47,1.49,1.55,1.59,1.63,1.79,2.01,2.36,2.87,3.28,3.62,4.37,9.01,4.19,8.50,9.12,2.65,1.20,0.90,0.91,
Left Percent:
50000.00,7.03,4.90,5.41,5.92,5.54,5.26,5.30,5.26,5.02,4.02,3.33,3.23,2.93,2.81,2.71,2.65,2.56,2.51,2.47,2.44,2.41,2.37,2.33,2.30,2.33,2.34,2.38,2.34,2.27,1.94,1.72,1.55,1.43,1.32,1.25,1.13,1.15,1.15,1.11,1.12,1.13,1.14,1.16,1.18,1.21,1.25,1.29,1.36,1.46,1.54,1.41,1.27,1.29,1.13,0.95,0.82,0.77,0.74,0.69,0.64,
Right Percent:
50000.00,17.04,14.33,15.64,17.28,15.21,13.96,13.48,12.98,11.82,8.14,6.84,6.18,5.08,4.34,3.91,3.57,3.21,2.99,2.74,2.62,2.52,2.48,2.49,2.41,2.33,2.45,2.76,3.03,3.10,2.90,2.52,2.24,2.07,1.89,1.81,1.71,1.68,1.66,1.65,1.67,1.68,1.71,1.74,1.79,1.86,1.99,2.16,2.45,2.80,3.03,3.19,3.57,8.46,4.61,5.11,7.18,2.15,1.03,0.79,0.80,
Left Percent:
50000.00,28.94,12.75,13.23,13.98,14.07,13.94,13.47,12.69,11.97,8.58,7.81,7.71,7.16,6.65,6.39,6.15,5.93,5.73,5.59,5.42,5.30,5.16,5.12,5.21,5.29,4.53,3.87,3.21,2.84,2.43,2.11,1.79,1.66,1.58,1.35,1.36,1.32,1.36,1.35,1.35,1.37,1.44,1.57,1.59,1.62,1.66,1.73,1.88,2.15,2.33,2.31,1.88,2.33,2.19,1.71,1.61,1.60,1.85,1.83,1.55,
Right Percent:
50000.00,301.04,102.01,109.27,112.36,108.46,103.58,90.77,80.46,70.39,30.10,14.55,15.51,12.94,10.70,8.60,7.78,7.06,6.49,5.87,5.20,4.74,4.38,3.90,3.38,2.94,2.58,2.29,2.11,2.12,2.27,2.31,2.39,2.49,2.61,1.92,2.03,1.94,2.17,2.19,2.23,2.30,2.49,2.66,2.65,2.60,2.57,2.51,2.47,2.21,1.94,1.87,2.09,3.66,8.01,12.71,18.02,7.45,2.37,1.47,1.45,
Left Percent:
50000.00,6.73,4.65,5.34,5.79,5.48,5.18,5.21,5.17,4.92,3.93,3.48,3.36,3.03,2.94,2.86,2.80,2.78,2.78,2.80,2.86,2.84,2.76,2.68,2.61,2.57,2.54,2.50,2.45,2.22,1.87,1.64,1.47,1.35,1.25,1.18,1.06,1.08,1.07,1.04,1.05,1.05,1.07,1.08,1.10,1.13,1.17,1.21,1.29,1.41,1.49,1.47,1.29,1.26,1.18,1.04,0.95,0.82,0.78,0.72,0.67,
Right Percent:
50000.00,19.96,15.03,16.58,18.58,16.40,14.77,14.40,13.71,12.60,8.77,7.32,6.65,5.46,4.73,4.22,3.80,3.49,3.20,2.91,2.76,2.62,2.56,2.53,2.61,2.45,2.36,2.35,2.37,2.39,2.36,2.35,2.34,2.24,2.11,1.96,1.83,1.81,1.80,1.77,1.80,1.81,1.84,1.88,1.93,2.01,2.16,2.37,2.60,2.74,2.78,2.86,3.68,7.83,4.54,5.48,7.51,2.68,1.33,1.06,1.06,
Left Percent:
50000.00,8.26,5.73,6.32,6.99,6.34,6.10,6.17,6.10,5.83,4.54,3.42,3.30,2.96,2.81,2.67,2.57,2.48,2.42,2.37,2.35,2.31,2.28,2.22,2.18,2.19,2.19,2.24,2.12,1.81,1.57,1.40,1.27,1.18,1.10,1.05,0.96,0.98,0.97,0.94,0.95,0.96,0.97,0.98,1.00,1.02,1.04,1.07,1.12,1.19,1.23,1.21,1.05,1.02,1.05,0.90,0.78,0.74,0.73,0.67,0.62,
Right Percent:
50000.00,14.76,11.07,12.30,13.99,12.07,10.87,10.63,10.30,9.41,6.50,5.47,5.00,4.15,3.57,3.25,3.02,2.82,2.67,2.56,2.56,2.61,2.69,2.75,2.86,2.63,2.50,2.46,2.46,2.46,2.43,2.37,2.12,1.93,1.77,1.67,1.58,1.56,1.54,1.53,1.53,1.56,1.58,1.61,1.65,1.71,1.83,1.99,2.29,2.63,2.77,2.90,3.42,7.72,4.74,4.59,5.93,2.24,1.18,1.01,1.02,
Left Percent:
50000.00,833.57,1107.53,848.21,849.75,841.57,811.34,801.15,822.71,847.26,261.13,348.24,446.82,546.33,577.71,552.00,525.74,486.11,423.06,354.53,306.74,281.11,245.18,219.37,189.92,166.18,143.44,115.22,102.03,86.54,47.51,19.45,15.20,7.88,6.42,3.53,4.18,3.99,3.83,3.76,3.69,3.75,3.65,3.70,3.89,4.56,5.00,6.77,14.20,23.07,55.41,44.65,184.25,30.27,27.67,29.97,37.82,76.79,73.11,67.41,43.56,
Right Percent:
50000.00,832.06,1119.45,857.73,858.35,849.74,819.31,808.00,829.82,854.90,216.18,41.30,35.44,26.18,20.27,17.22,15.22,13.42,11.64,9.77,8.68,7.91,7.03,6.35,5.55,4.90,4.28,3.56,3.21,2.83,2.50,2.29,2.14,2.00,1.90,1.81,1.75,1.73,1.72,1.71,1.71,1.70,1.71,1.74,1.77,1.85,2.00,2.06,2.18,2.39,2.64,3.16,5.80,32.35,307.71,232.16,119.01,89.17,81.43,99.05,171.52,
Left Percent:
50000.00,4.22,2.84,3.05,3.18,3.09,2.98,2.91,2.89,2.85,2.57,2.34,2.39,2.32,2.27,2.26,2.18,2.15,2.13,2.10,2.21,2.22,2.22,2.27,2.32,2.41,2.51,2.37,2.09,1.76,1.48,1.24,1.08,0.95,0.87,0.82,0.77,0.75,0.72,0.71,0.69,0.71,0.72,0.73,0.75,0.76,0.79,0.84,0.92,1.04,1.11,1.20,1.21,1.39,1.37,1.06,0.86,0.75,0.74,0.70,0.66,
Right Percent:
50000.00,38.12,27.22,29.45,30.63,29.63,28.21,27.29,26.37,25.41,19.71,10.27,8.76,6.16,5.54,4.61,3.87,3.36,2.90,2.35,1.98,1.73,1.58,1.43,1.32,1.19,1.09,1.00,0.92,0.88,0.89,0.93,0.97,0.97,0.98,0.98,1.01,0.99,0.98,0.99,0.99,1.00,1.00,1.01,1.02,1.02,1.03,1.04,1.05,1.04,1.01,0.99,0.97,1.05,1.51,2.01,2.01,1.21,1.01,0.95,1.00,
Left Percent:
50000.00,7.72,5.45,6.09,6.44,6.12,5.63,5.53,5.40,5.08,4.38,4.05,3.99,3.64,3.59,3.57,3.45,3.38,3.35,3.36,3.46,3.53,3.55,3.25,2.89,2.57,2.29,2.03,1.81,1.61,1.44,1.30,1.18,1.08,1.00,0.96,0.92,0.87,0.86,0.83,0.83,0.84,0.84,0.86,0.87,0.90,0.92,0.95,1.00,1.08,1.11,1.08,0.96,0.97,1.07,1.24,0.96,0.87,0.82,0.76,0.72,
Right Percent:
50000.00,18.72,14.83,15.43,16.64,15.37,12.94,12.20,11.59,10.74,7.91,6.24,5.51,4.15,3.76,3.25,2.90,2.59,2.32,2.09,1.92,1.84,1.80,1.80,1.81,1.93,2.06,2.24,2.48,2.65,2.45,2.08,1.81,1.61,1.46,1.40,1.29,1.31,1.25,1.21,1.24,1.25,1.27,1.30,1.34,1.41,1.49,1.62,1.82,2.09,2.25,2.35,2.66,5.68,4.56,3.20,2.50,1.08,0.69,0.59,0.59,
Left Percent:
50000.00,7.49,5.31,5.97,6.35,5.93,5.50,5.41,5.29,4.97,4.19,4.35,4.32,3.95,3.79,3.65,3.52,3.46,3.46,3.50,3.67,3.78,3.88,3.66,3.35,3.09,2.84,2.60,2.37,2.12,1.84,1.64,1.50,1.38,1.29,1.21,1.16,1.12,1.10,1.07,1.08,1.08,1.09,1.11,1.13,1.16,1.19,1.22,1.28,1.36,1.43,1.38,1.21,1.24,1.26,1.33,1.00,0.88,0.84,0.78,0.73,
Right Percent:
50000.00,15.11,12.41,12.74,13.71,12.50,10.92,10.45,9.98,9.29,7.10,5.70,5.08,3.92,3.61,3.18,2.81,2.51,2.29,2.08,1.93,1.87,1.83,1.84,1.92,2.09,2.15,2.19,2.22,2.20,1.79,1.54,1.36,1.24,1.15,1.07,1.02,1.03,0.99,0.98,0.99,0.99,1.01,1.03,1.07,1.12,1.17,1.26,1.42,1.61,1.73,1.79,2.07,4.18,4.22,3.33,2.60,1.12,0.74,0.66,0.66,
Left Percent:
50000.00,982.24,1169.96,876.15,130.52,124.06,105.18,112.36,114.07,108.23,76.02,17.39,12.23,10.28,9.06,8.16,7.42,6.77,6.03,5.54,5.34,5.08,4.81,4.29,3.88,3.54,3.20,2.77,2.56,2.37,2.23,2.15,2.05,1.91,1.74,1.62,1.54,1.47,1.37,1.40,1.41,1.42,1.42,1.46,1.52,1.61,1.71,1.89,1.84,1.70,1.84,1.78,1.80,1.96,1.88,1.90,1.98,2.34,2.02,1.66,1.60,
Right Percent:
50000.00,957.81,1152.96,868.89,945.17,427.05,190.31,154.09,127.66,124.71,65.51,20.63,18.37,16.50,15.32,14.75,14.26,14.55,13.81,12.31,10.68,9.49,8.42,7.43,6.68,6.05,5.14,4.03,3.51,2.99,2.61,2.31,2.12,1.93,1.78,1.67,1.58,1.27,1.48,1.51,1.55,1.56,1.57,1.64,1.72,1.84,1.97,2.16,2.42,2.85,4.67,7.75,8.52,24.63,135.22,129.56,86.09,36.93,6.64,12.02,13.61,
Left Percent:
50000.00,7.53,5.23,5.90,6.31,5.86,5.42,5.35,5.23,4.92,4.06,4.02,3.97,3.62,3.46,3.34,3.24,3.20,3.21,3.26,3.44,3.57,3.66,3.60,3.17,2.64,2.23,1.90,1.61,1.39,1.22,1.09,1.00,0.90,0.84,0.79,0.76,0.75,0.72,0.70,0.70,0.71,0.71,0.74,0.75,0.78,0.80,0.82,0.86,0.91,0.94,0.94,0.85,0.87,1.07,1.30,0.92,0.81,0.77,0.71,0.66,
Right Percent:
50000.00,14.90,12.00,12.72,13.65,12.70,11.03,10.47,10.03,9.30,6.97,5.59,4.97,3.85,3.52,3.11,2.81,2.57,2.37,2.23,2.07,1.99,1.96,1.97,2.05,2.26,2.49,2.66,2.73,2.73,2.55,2.17,1.91,1.74,1.59,1.48,1.38,1.43,1.38,1.33,1.36,1.37,1.40,1.43,1.47,1.54,1.63,1.77,2.00,2.26,2.42,2.52,2.83,6.33,5.18,3.63,2.35,1.11,0.76,0.68,0.68,
Left Percent:
50000.00,9.24,6.47,7.45,8.00,7.28,6.82,6.77,6.66,6.19,4.75,3.76,3.63,3.22,3.09,2.96,2.88,2.85,2.87,2.95,3.15,3.31,3.44,3.62,3.16,2.64,2.24,1.95,1.66,1.44,1.25,1.12,1.02,0.95,0.88,0.84,0.83,0.77,0.76,0.73,0.74,0.74,0.75,0.76,0.78,0.79,0.81,0.84,0.87,0.93,0.97,0.98,0.88,0.91,1.13,1.23,0.84,0.74,0.70,0.65,0.61,
Right Percent:
50000.00,15.22,12.19,12.92,13.57,12.06,11.40,10.77,10.29,9.54,7.28,5.85,5.16,4.22,3.61,3.17,2.90,2.65,2.47,2.37,2.48,2.65,2.72,2.72,2.77,2.87,3.01,3.14,3.18,2.67,2.26,2.02,1.82,1.65,1.53,1.46,1.35,1.39,1.33,1.29,1.31,1.32,1.34,1.37,1.42,1.48,1.55,1.68,1.86,2.11,2.24,2.39,2.71,5.55,6.80,3.79,2.73,1.25,0.82,0.69,0.69,
Left Percent:
50000.00,641.22,1033.41,718.25,783.29,781.92,750.66,734.88,761.40,828.85,299.60,278.18,468.44,665.25,606.71,407.66,276.32,202.08,162.92,134.31,104.10,84.32,63.18,43.99,32.29,25.14,20.20,15.62,10.42,7.98,6.05,5.02,4.37,3.81,3.63,2.94,3.05,3.02,2.97,2.96,2.95,2.91,2.93,2.95,2.97,3.00,3.22,3.46,3.88,4.84,6.74,8.07,5.90,3.68,5.34,7.51,15.51,37.49,37.45,30.34,26.21,
Right Percent:
50000.00,636.17,852.68,712.06,787.88,785.94,731.18,686.26,665.88,495.02,157.50,190.99,422.91,573.78,500.99,531.14,660.04,747.09,801.58,1014.33,1394.50,1369.60,1135.16,836.11,701.24,623.12,529.85,450.54,311.62,258.32,187.51,120.29,93.08,61.92,47.06,80.15,90.50,69.00,61.13,42.14,30.61,23.77,19.98,18.71,16.16,14.79,21.01,93.77,95.43,90.82,39.95,11.51,19.44,91.48,26.18,20.35,11.37,4.23,2.16,1.48,1.37,
Left Percent:
50000.00,1016.25,1146.40,894.35,887.95,901.38,877.24,819.68,855.03,827.23,260.67,245.78,310.69,359.52,377.22,374.41,340.55,101.08,55.53,27.69,19.39,13.82,10.05,7.70,6.10,5.16,4.22,3.73,3.36,2.86,2.44,2.18,2.03,1.92,1.85,1.49,1.80,1.79,1.83,1.86,1.90,1.92,1.98,2.00,2.12,2.10,2.06,1.99,1.93,2.00,1.98,1.90,1.72,1.95,1.78,1.80,1.89,2.29,2.13,1.76,1.54,
Right Percent:
50000.00,999.79,1134.20,883.22,877.07,890.14,866.00,808.20,106.87,94.02,25.37,14.72,13.85,12.47,11.25,10.32,9.70,8.64,8.41,7.60,6.97,6.39,5.82,5.23,4.69,4.24,3.73,3.25,2.92,2.62,2.42,2.29,2.21,2.05,1.92,1.71,1.73,1.69,1.70,1.69,1.70,1.69,1.71,1.77,1.89,1.93,2.03,2.13,2.20,2.31,2.54,3.05,3.72,5.52,8.71,71.40,121.92,89.85,86.88,99.17,144.97,
Left Percent:
50000.00,5.63,4.16,4.64,4.93,4.87,4.55,4.42,4.36,4.16,3.42,2.90,2.87,2.65,2.60,2.53,2.47,2.41,2.38,2.35,2.38,2.37,2.36,2.35,2.33,2.40,2.47,2.21,1.90,1.65,1.44,1.30,1.20,1.12,1.06,1.00,0.94,0.94,0.93,0.92,0.92,0.94,0.94,0.95,0.96,0.98,1.00,1.03,1.08,1.14,1.16,1.13,0.97,0.99,1.09,0.97,0.77,0.69,0.67,0.62,0.57,
Right Percent:
50000.00,28.35,18.16,21.50,25.27,23.83,19.22,16.68,16.07,14.50,9.28,7.49,6.87,5.07,4.62,4.01,3.68,3.28,2.94,2.63,2.40,2.22,2.11,2.05,2.01,1.91,1.77,1.74,1.78,1.83,1.82,1.82,1.78,1.74,1.71,1.61,1.55,1.46,1.46,1.50,1.48,1.53,1.56,1.58,1.62,1.69,1.83,1.94,2.05,2.12,2.16,2.20,2.82,4.88,3.56,5.16,5.23,1.76,0.97,0.79,0.79,
Left Percent:
50000.00,9.81,9.38,9.67,9.87,9.91,10.13,10.36,10.38,10.33,8.35,7.44,6.99,6.64,6.18,5.89,5.62,5.22,5.00,4.81,4.60,4.39,4.18,3.95,3.70,3.45,3.23,2.95,2.74,2.58,2.39,2.21,2.05,1.89,1.80,1.66,1.57,1.53,1.53,1.49,1.48,1.53,1.59,1.61,1.59,1.72,1.83,1.86,1.95,2.01,2.01,1.75,1.57,1.79,1.73,1.73,1.91,2.38,3.14,3.31,2.83,
Right Percent:
50000.00,642.80,532.68,508.40,508.34,481.28,449.88,433.76,421.46,409.41,236.49,221.86,256.98,264.82,261.25,257.61,253.45,239.76,230.62,221.56,211.77,199.92,189.01,178.95,169.31,159.38,151.62,129.21,92.65,83.21,50.99,24.77,14.60,7.21,6.39,7.25,5.80,5.55,5.62,5.17,5.13,5.67,5.87,6.63,5.80,7.85,16.69,16.25,28.45,38.10,21.43,6.57,11.18,73.86,67.51,64.35,68.74,68.79,58.83,11.68,9.39,
Left Percent:
50000.00,12.95,8.61,9.58,9.86,9.14,8.68,8.61,8.49,7.95,6.48,5.89,5.87,5.33,5.05,4.87,4.65,4.53,4.47,4.57,4.70,4.51,4.27,3.96,3.56,3.13,2.76,2.43,2.14,1.91,1.70,1.54,1.42,1.33,1.25,1.20,1.15,1.13,1.12,1.10,1.11,1.12,1.13,1.14,1.16,1.18,1.21,1.22,1.26,1.30,1.32,1.29,1.15,1.18,1.33,1.47,1.23,1.15,1.08,1.01,0.94,
Right Percent:
50000.00,40.58,27.32,29.15,32.54,23.95,20.67,19.37,20.12,17.63,11.82,7.10,5.51,4.43,3.65,3.20,2.83,2.57,2.43,2.50,2.64,2.61,2.62,2.63,2.64,2.84,2.94,2.94,2.92,2.63,2.12,1.79,1.55,1.39,1.28,1.20,1.10,1.15,1.11,1.09,1.10,1.11,1.13,1.16,1.19,1.24,1.33,1.44,1.61,1.83,1.96,2.06,2.30,4.70,6.14,3.69,3.56,1.44,0.89,0.76,0.76,
Left Percent:
50000.00,17.55,11.75,12.55,13.34,12.67,11.81,11.57,11.15,10.68,8.49,5.41,4.89,4.16,3.77,3.37,3.11,2.91,2.73,2.54,2.37,2.25,2.13,2.04,1.97,2.01,2.10,2.24,2.37,2.50,2.40,2.13,1.78,1.58,1.44,1.33,1.36,1.17,1.17,1.14,1.14,1.16,1.17,1.18,1.20,1.23,1.28,1.33,1.44,1.63,1.79,1.41,1.29,1.30,0.95,0.77,0.68,0.71,0.70,0.64,0.58,
Right Percent:
50000.00,16.09,15.18,14.95,17.22,14.34,12.15,11.77,10.80,9.96,7.80,6.37,5.67,4.40,3.89,3.44,3.06,2.73,2.51,2.29,2.16,2.07,2.01,1.99,2.00,1.96,1.96,2.07,2.19,2.31,2.36,2.36,2.32,2.12,1.95,1.80,1.68,1.71,1.62,1.62,1.64,1.68,1.71,1.77,1.82,1.89,2.03,2.23,2.56,2.78,2.86,2.84,3.75,6.75,4.63,8.59,6.00,1.44,0.88,0.80,0.79,
Left Percent:
50000.00,6.05,4.56,4.93,5.28,4.99,4.66,4.69,4.65,4.49,3.67,3.10,3.03,2.80,2.74,2.72,2.69,2.68,2.70,2.69,2.65,2.60,2.53,2.48,2.41,2.40,2.37,2.33,2.20,1.87,1.61,1.43,1.30,1.20,1.13,1.06,0.98,0.98,0.98,0.96,0.97,0.98,0.99,0.99,1.00,1.03,1.06,1.10,1.17,1.26,1.31,1.30,1.11,1.12,1.10,0.95,0.84,0.76,0.70,0.65,0.62,
Right Percent:
50000.00,33.27,18.77,21.78,23.11,20.55,19.64,16.83,16.00,14.49,9.80,8.67,7.99,5.84,5.38,4.70,4.23,3.79,3.50,3.23,3.07,2.96,2.70,2.54,2.30,2.06,1.93,1.90,1.94,1.98,1.99,1.96,1.92,1.88,1.85,1.83,1.89,1.79,1.77,1.83,1.82,1.84,1.86,1.90,1.93,1.98,2.06,2.10,2.21,2.29,2.31,2.35,3.02,5.34,3.72,5.60,5.53,2.00,1.06,0.83,0.83,
Left Percent:
50000.00,9.66,6.40,7.12,7.37,6.78,6.44,6.34,6.17,5.77,4.84,4.04,3.99,3.61,3.42,3.34,3.26,3.27,3.30,3.45,3.55,3.75,3.89,3.73,3.15,2.70,2.34,2.01,1.73,1.51,1.33,1.19,1.09,1.02,0.96,0.91,0.90,0.85,0.84,0.82,0.82,0.83,0.83,0.84,0.86,0.88,0.90,0.92,0.96,1.02,1.05,1.06,0.96,0.97,1.17,1.30,0.92,0.77,0.72,0.67,0.63,
Right Percent:
50000.00,41.37,31.95,32.25,34.40,26.32,22.64,21.50,21.94,19.40,13.46,7.72,6.40,5.10,4.19,3.60,3.15,2.78,2.49,2.30,2.26,2.33,2.38,2.48,2.65,3.00,3.16,3.19,2.82,2.36,1.99,1.73,1.55,1.42,1.31,1.25,1.17,1.23,1.18,1.17,1.17,1.19,1.20,1.23,1.26,1.30,1.37,1.48,1.64,1.84,1.98,2.05,2.33,4.94,6.90,3.90,3.10,1.16,0.74,0.66,0.65,
