Left Percent:
50000.00,38.92,32.65,32.80,23.29,23.34,21.91,21.60,21.83,22.49,22.18,13.00,12.34,11.70,11.17,10.59,10.35,9.90,9.42,9.02,8.52,8.08,7.67,7.24,6.70,6.32,5.60,5.22,4.77,4.33,3.88,3.55,3.32,2.98,2.89,2.85,2.80,2.81,2.83,2.87,2.91,3.00,3.19,3.30,3.42,3.57,3.74,3.93,4.08,4.55,4.90,4.04,4.81,6.86,8.84,24.48,116.74,100.26,95.76,487.19,24182.54,7723.41,3759.05,
Right Percent:
50000.00,34.01,23.82,21.34,16.41,15.33,14.89,14.88,14.93,15.23,13.02,9.44,8.20,7.74,7.34,7.06,6.79,6.40,6.05,5.76,5.48,5.14,4.76,4.40,4.04,3.61,3.22,2.95,2.63,2.35,2.15,1.99,1.83,1.64,1.60,1.57,1.53,1.52,1.51,1.52,1.53,1.57,1.63,1.68,1.75,1.83,1.98,2.12,2.35,2.81,3.25,5.21,11.86,210.88,239.35,237.16,183.69,100.51,96.01,492.05,34565.87,8276.36,3880.75,
Left Percent:
50000.00,21.17,18.10,17.58,14.29,14.46,14.19,14.55,14.72,15.21,14.05,12.09,10.75,10.98,10.58,10.32,9.86,9.49,9.25,8.83,8.43,8.07,7.51,6.94,6.37,5.72,5.16,4.21,3.73,3.23,2.89,2.53,2.46,2.13,2.06,1.98,1.94,1.88,1.91,1.90,1.90,1.97,2.10,2.13,2.29,2.50,2.59,2.78,3.11,3.73,4.13,8.69,14.95,15.18,14.38,32.70,187.36,102.19,100.09,20.76,3794.10,1955.39,2094.71,
Right Percent:
50000.00,30.04,19.94,17.35,13.59,12.92,12.22,12.18,12.15,12.33,10.04,7.57,6.67,6.42,6.05,5.75,5.47,5.20,4.98,4.72,4.47,4.24,3.95,3.65,3.39,3.12,2.88,2.53,2.27,2.05,1.87,1.69,1.56,1.47,1.45,1.41,1.39,1.37,1.38,1.38,1.39,1.42,1.49,1.52,1.61,1.74,1.83,1.94,2.12,2.44,2.83,5.29,11.51,84.44,112.31,177.79,161.87,105.50,103.52,21.38,3938.97,2002.53,2138.11,
Left Percent:
50000.00,9.57,8.29,7.83,7.68,7.15,6.61,6.53,6.64,6.63,6.25,5.20,4.85,4.71,4.57,4.35,4.24,4.13,3.98,3.83,3.63,3.40,3.24,3.06,2.91,2.74,2.59,2.39,2.18,2.03,1.85,1.71,1.58,1.48,1.33,1.27,1.25,1.22,1.24,1.27,1.35,1.37,1.40,1.45,1.47,1.55,1.62,1.72,1.86,2.08,2.34,3.23,3.95,5.01,7.47,8.33,15.02,22.87,34.76,25.44,157.37,154.14,185.92,
Right Percent:
50000.00,14.42,12.25,11.63,11.35,10.68,9.79,9.70,9.78,9.76,8.54,7.34,6.75,6.55,6.31,5.98,5.82,5.63,5.38,5.14,4.85,4.51,4.26,4.00,3.79,3.55,3.34,3.09,2.81,2.63,2.39,2.21,2.05,1.91,1.76,1.68,1.65,1.61,1.62,1.65,1.75,1.77,1.80,1.87,1.91,2.02,2.14,2.31,2.55,2.98,3.62,7.13,13.72,14.51,9.11,14.88,13.31,12.92,12.01,14.93,6.79,6.54,7.75,
Left Percent:
50000.00,17.50,73.36,9.32,7.11,7.21,7.13,7.26,7.28,7.44,6.63,5.36,4.75,4.72,4.61,4.56,4.18,3.96,4.32,4.21,4.00,3.72,3.51,3.20,2.97,2.76,2.52,2.28,1.84,1.65,2.14,2.58,2.37,3.05,2.35,2.31,2.25,2.19,2.42,2.44,2.52,2.61,2.64,2.60,2.61,2.92,2.90,2.91,2.86,3.10,3.43,3.87,7.30,15.31,128.64,226.43,179.80,101.36,96.06,292.86,82.63,250.62,542.99,
Right Percent:
50000.00,14.92,10.11,122.16,67.65,70.78,67.07,69.25,68.77,72.54,57.70,36.38,28.71,28.99,27.64,26.72,25.61,24.46,23.24,21.69,19.82,17.89,15.67,13.42,11.72,10.39,8.44,7.06,6.05,5.31,5.29,3.88,3.03,2.96,3.10,2.33,2.74,2.64,2.49,2.68,2.75,2.94,3.19,3.51,3.62,4.77,5.65,6.49,7.89,9.23,11.55,36.83,87.35,137.42,37.01,69.39,51.46,83.82,96.16,45.82,12.94,33.62,66.12,
Left Percent:
50000.00,27.76,18.69,44.17,35.74,33.76,34.65,34.67,35.65,36.89,31.97,25.51,24.64,24.25,24.20,23.81,24.42,24.22,23.42,23.15,22.93,21.77,20.24,18.91,15.56,13.62,12.06,9.90,8.15,6.85,6.19,5.42,4.86,1.30,1.33,1.31,1.29,1.29,1.29,1.31,1.38,1.49,1.54,1.61,1.66,1.79,1.87,1.95,2.07,2.29,2.54,3.25,3.80,4.28,5.98,8.02,21.64,45.93,81.29,25.40,317.09,303.22,326.58,
Right Percent:
50000.00,305.41,11.58,9.28,7.91,7.57,7.78,7.75,7.90,8.07,7.07,5.88,5.68,5.54,5.44,5.31,5.30,5.12,4.93,4.74,4.52,4.21,3.76,3.48,3.14,2.91,2.68,2.46,2.29,2.03,1.91,1.77,1.60,1.20,1.16,1.12,1.09,1.08,1.06,1.04,1.03,1.89,1.99,2.09,2.17,2.42,2.57,2.73,3.02,3.50,3.86,8.76,18.34,39.14,29.39,31.48,27.43,29.62,34.23,25.68,28.07,26.76,31.16,
Left Percent:
50000.00,19.00,15.81,15.53,14.98,11.12,11.27,11.83,12.19,12.94,11.49,8.46,7.31,6.97,6.65,6.29,5.79,5.45,5.21,4.92,4.65,4.39,4.13,3.84,3.55,3.27,3.01,2.75,2.50,2.29,2.07,1.78,1.65,1.53,1.43,1.40,1.37,1.37,1.39,1.39,1.41,1.43,1.47,1.60,1.63,1.67,1.78,1.89,2.03,2.27,2.58,3.64,4.41,5.42,8.13,226.30,189.85,103.04,99.55,20.65,4382.62,3352.84,1542.60,
Right Percent:
50000.00,35.45,23.95,22.43,20.99,16.40,15.92,16.19,16.19,16.82,14.26,10.67,9.28,9.02,8.67,8.23,7.61,7.15,6.89,6.51,6.20,5.88,5.57,5.21,4.84,4.44,4.07,3.66,3.26,2.98,2.67,2.26,2.07,1.95,1.79,1.74,1.70,1.70,1.73,1.74,1.76,1.78,1.84,2.05,2.09,2.17,2.37,2.60,2.89,3.50,4.34,10.52,57.06,101.85,57.96,91.35,62.92,95.70,95.54,19.85,4155.70,3158.21,1457.23,
Left Percent:
50000.00,11.66,10.84,11.56,10.02,10.49,10.66,10.89,10.98,11.13,10.34,10.92,10.08,10.50,10.56,10.52,10.68,10.66,10.62,10.54,10.28,10.13,9.48,8.80,8.29,7.59,6.50,5.80,5.23,4.74,4.27,3.74,3.42,3.28,3.03,2.88,2.80,2.76,2.78,2.80,2.83,2.83,2.86,3.01,3.17,3.31,3.86,4.00,4.47,5.06,5.60,4.42,3.90,3.54,4.31,4.94,7.61,7.53,8.62,24.04,26.67,120.16,237.80,
Right Percent:
50000.00,10.48,8.48,8.17,6.87,6.76,6.72,6.78,6.81,6.93,6.06,5.19,4.76,4.86,4.83,4.78,4.85,4.85,4.86,4.83,4.70,4.61,4.38,4.12,3.93,3.67,3.22,2.93,2.67,2.45,2.22,1.94,1.77,1.72,1.60,1.54,1.50,1.50,1.53,1.56,1.58,1.60,1.63,1.74,1.84,1.95,2.27,2.39,2.65,2.96,3.23,7.48,31.27,56.65,44.84,37.56,36.15,35.49,38.96,40.58,42.55,39.95,49.70,
Left Percent:
50000.00,35.45,27.89,31.67,21.91,24.05,25.25,26.06,25.89,26.42,24.83,13.62,12.88,11.63,10.89,10.41,10.03,9.67,9.07,8.58,8.13,7.70,7.32,7.01,6.43,5.85,5.44,5.09,4.63,4.25,3.90,3.65,3.41,3.16,3.17,3.19,3.25,3.31,3.35,3.41,3.45,3.46,3.57,3.72,3.98,4.07,4.26,4.35,4.44,4.68,5.57,4.16,3.86,4.09,5.30,10.94,20.52,19.04,20.34,22.50,65.80,134.18,285.15,
Right Percent:
50000.00,305.07,172.65,239.78,116.13,157.08,150.77,152.75,156.85,167.11,186.40,120.95,111.23,121.78,126.42,123.42,123.68,122.30,120.74,117.76,114.72,107.32,96.08,85.37,73.52,62.67,56.28,48.30,40.59,35.10,31.31,27.69,27.92,22.36,21.70,21.30,21.35,21.32,21.01,21.00,21.10,20.97,20.73,20.56,20.88,21.12,23.40,25.85,30.38,41.23,42.95,39.74,27.11,19.96,13.85,13.94,10.10,8.77,7.61,7.99,5.08,5.40,6.50,
Left Percent:
50000.00,11.72,10.46,9.20,9.49,9.56,9.59,9.73,9.91,9.82,9.32,8.93,9.54,9.94,10.48,11.04,11.67,12.27,12.72,12.94,10.35,10.58,9.39,8.57,7.76,7.60,7.20,6.72,6.09,5.31,4.42,4.17,3.34,3.35,3.13,2.97,2.89,2.86,2.81,2.80,2.69,2.87,2.90,2.83,2.78,2.83,3.28,3.57,3.96,4.52,5.35,7.54,9.18,20.33,73.61,125.88,94.39,58.24,50.85,68.94,62.66,63.04,72.89,
Right Percent:
50000.00,23.74,22.23,21.00,23.50,24.62,25.02,25.66,26.33,26.44,25.99,21.42,21.31,20.00,19.33,18.96,18.30,17.94,17.50,17.26,15.59,14.65,14.17,13.05,12.01,11.95,11.58,10.99,10.03,8.91,7.62,7.03,5.66,6.29,6.21,6.35,6.50,6.73,6.96,7.25,7.76,8.15,8.78,8.99,9.16,9.45,9.72,10.27,10.06,10.37,11.13,15.96,16.14,15.90,17.90,17.23,12.86,9.50,7.73,7.44,8.18,8.34,9.26,
Left Percent:
50000.00,22.80,16.49,14.94,14.18,11.29,10.97,10.95,10.99,11.20,10.01,7.35,6.85,6.50,6.19,5.82,5.51,5.20,4.91,4.63,4.34,4.08,3.82,3.58,3.33,3.09,2.87,2.66,2.45,2.23,2.01,1.86,1.75,1.50,1.50,1.47,1.45,1.43,1.40,1.43,1.49,1.52,1.55,1.59,1.72,1.79,1.86,1.91,2.01,2.15,2.44,2.82,2.94,3.01,4.13,5.92,6.34,7.33,9.12,18.90,37.34,37.27,32.74,
Right Percent:
50000.00,150.55,97.78,66.41,59.93,46.57,41.55,38.63,37.77,37.56,66.55,26.63,26.29,24.31,23.81,22.97,23.23,23.46,24.95,25.27,24.94,25.28,25.57,25.20,24.71,23.08,21.77,19.40,17.07,14.17,11.05,9.90,9.11,11.54,7.55,7.62,7.92,8.18,8.51,9.19,10.07,11.22,11.86,12.07,13.57,15.16,15.15,14.95,14.14,13.61,14.50,11.03,8.06,7.24,7.50,8.30,7.62,6.03,5.14,4.48,4.19,4.48,5.49,
Left Percent:
50000.00,25.44,27.89,24.50,21.98,21.19,20.42,20.33,20.26,21.09,22.40,15.12,15.10,14.25,13.55,13.21,13.01,12.67,12.34,11.79,11.58,11.40,10.92,11.04,9.34,9.26,8.88,9.31,8.29,8.11,7.60,6.59,4.38,5.06,4.77,4.55,4.30,4.18,4.08,4.03,4.09,4.00,4.19,4.56,4.69,4.72,5.23,5.98,7.51,8.84,9.97,5.09,4.74,5.97,6.67,9.74,17.48,30.57,61.08,22.88,348.63,372.74,424.91,
Right Percent:
50000.00,50.29,37.92,34.84,28.41,27.13,26.98,27.25,27.99,28.78,25.85,19.81,18.43,18.56,17.96,17.65,17.27,16.92,16.28,15.47,14.87,13.77,12.54,9.88,9.42,8.53,7.33,5.96,5.51,4.83,4.34,3.87,3.29,3.19,3.08,2.98,2.82,2.81,2.79,2.78,2.81,2.79,2.90,3.12,3.31,3.44,3.80,4.41,5.53,7.60,11.48,26.85,20.65,31.28,19.33,22.12,19.34,17.97,17.05,14.33,10.80,10.30,11.40,
Left Percent:
50000.00,19.86,16.58,15.28,14.80,14.44,14.20,11.28,11.65,11.43,10.12,7.77,7.08,6.63,6.22,5.91,5.54,5.21,4.91,4.62,4.32,4.10,4.10,3.81,3.55,3.30,3.06,2.75,2.48,2.21,1.99,1.80,1.64,1.52,1.42,1.30,1.33,1.32,1.33,1.37,1.36,1.37,1.40,1.43,1.47,1.52,1.61,1.71,1.89,2.15,2.33,2.48,2.64,3.11,4.65,5.86,11.44,19.66,23.70,116.36,225.35,279.88,369.46,
Right Percent:
50000.00,24.11,17.45,15.09,14.21,13.64,13.18,11.05,10.76,10.43,8.92,6.72,5.95,5.47,5.06,4.75,4.44,4.17,3.91,3.67,3.41,3.22,3.11,2.87,2.65,2.45,2.26,2.06,1.88,1.69,1.55,1.43,1.31,1.22,1.14,1.08,1.08,1.07,1.07,1.09,1.09,1.09,1.11,1.14,1.17,1.22,1.28,1.38,1.52,1.77,2.13,2.73,3.34,4.57,15.41,14.72,13.21,10.28,9.16,12.83,11.03,12.60,18.27,
Left Percent:
50000.00,9.85,10.56,10.20,8.87,8.55,8.48,8.43,8.44,8.61,8.61,6.74,7.07,7.11,7.11,7.31,7.45,7.59,7.52,7.51,7.22,6.77,6.53,6.16,5.69,5.40,5.19,4.98,4.69,4.38,3.91,3.59,2.76,3.29,3.24,3.31,3.30,3.32,3.36,3.42,3.48,3.60,3.75,3.83,3.90,3.95,3.90,4.10,4.04,4.16,4.26,3.65,3.57,4.05,4.81,6.73,11.00,19.30,40.98,938.67,6628.38,2790.53,4186.23,
Right Percent:
50000.00,46.23,35.08,29.29,29.78,29.85,29.39,30.10,30.68,30.26,24.02,16.97,15.49,14.31,13.62,13.10,12.64,12.28,11.64,11.06,9.90,8.89,8.09,7.07,6.31,5.73,5.32,4.84,4.42,3.92,3.37,3.09,3.11,2.66,2.58,2.51,2.47,2.47,2.46,2.45,2.45,2.52,2.55,2.58,2.65,2.77,3.23,3.56,4.07,4.76,5.91,102.11,106.68,109.13,39.01,41.83,38.88,62.94,98.50,338.30,273.68,120.90,145.13,
Left Percent:
50000.00,26.80,24.13,23.14,22.86,21.98,17.51,17.89,18.83,18.55,17.28,12.94,12.37,11.45,10.62,9.90,9.58,8.95,8.46,7.96,7.52,7.17,6.71,6.27,5.78,5.36,4.90,4.55,4.23,3.90,3.67,3.40,3.17,2.96,2.39,2.74,2.69,2.63,2.63,2.65,2.64,2.74,2.79,2.91,3.02,3.09,3.28,3.59,3.77,4.09,4.95,3.51,2.89,2.51,3.32,4.71,8.56,8.39,9.13,10.76,23.77,44.70,153.53,
Right Percent:
50000.00,18.70,14.60,13.22,12.66,12.10,10.20,10.09,10.24,10.04,9.20,7.11,6.40,5.99,5.84,5.52,5.18,5.02,4.81,4.59,4.39,4.21,3.98,3.72,3.51,3.19,2.91,2.67,2.43,2.21,2.01,1.84,1.70,1.59,1.55,1.49,1.47,1.44,1.46,1.47,1.48,1.54,1.57,1.64,1.72,1.78,1.89,2.03,2.30,2.71,3.29,5.03,7.27,12.29,8.81,9.17,9.38,7.78,7.12,11.43,5.93,6.57,7.93,
Left Percent:
50000.00,24.19,18.72,17.69,17.28,15.10,12.94,13.11,13.57,13.21,11.87,9.47,8.39,7.87,7.87,7.56,7.25,6.85,6.57,6.31,6.06,5.74,5.35,5.00,4.46,4.13,3.78,3.43,3.07,2.78,2.51,2.28,2.10,1.99,1.88,1.83,1.77,1.72,1.73,1.75,1.77,1.79,1.84,1.88,1.95,2.00,2.11,2.29,2.63,3.09,3.71,5.57,7.76,7.98,7.23,12.21,32.02,80.28,89.59,23.12,575.22,532.56,636.43,
Right Percent:
50000.00,28.67,19.30,16.96,15.88,14.51,12.13,11.93,11.99,11.67,9.51,7.13,6.21,5.72,5.43,5.11,4.81,4.58,4.33,4.05,3.82,3.57,3.35,3.08,2.79,2.58,2.38,2.19,1.99,1.83,1.68,1.55,1.44,1.34,1.29,1.27,1.24,1.21,1.22,1.23,1.24,1.25,1.28,1.32,1.38,1.43,1.50,1.62,1.82,2.11,2.64,4.61,7.41,14.18,9.73,20.30,16.41,12.97,10.94,7.54,7.75,8.25,10.12,
Left Percent:
50000.00,25.14,20.56,20.00,19.44,14.63,14.65,15.38,15.66,16.39,14.98,12.73,11.04,11.51,10.83,10.66,10.18,9.91,9.97,9.65,9.12,8.64,8.22,7.62,7.02,6.36,5.70,5.07,4.38,3.60,3.08,2.78,2.57,2.34,2.13,2.04,1.97,1.91,1.91,2.02,2.01,2.04,2.08,2.22,2.43,2.49,2.61,2.80,3.13,3.72,4.47,4.59,4.02,3.72,4.75,16.93,26.26,27.55,35.81,124.73,918.61,2779.98,1345.79,
Right Percent:
50000.00,26.29,21.47,19.62,18.25,14.49,13.82,13.90,13.83,14.04,12.85,9.76,8.50,8.22,7.55,7.20,6.83,6.52,6.33,6.02,5.68,5.39,5.11,4.75,4.41,4.06,3.73,3.39,3.01,2.61,2.29,2.09,1.94,1.78,1.66,1.61,1.57,1.55,1.55,1.61,1.62,1.67,1.70,1.80,1.99,2.08,2.20,2.36,2.61,3.06,3.71,8.46,21.24,216.05,84.04,78.48,79.94,101.22,97.90,598.39,2192.18,2840.95,1374.16,
Left Percent:
50000.00,22.95,18.16,16.37,15.77,15.13,15.05,12.21,12.36,12.16,10.86,8.54,7.57,7.01,6.70,6.32,5.92,5.64,5.37,5.10,4.78,4.44,4.19,3.91,3.66,3.39,3.14,2.94,2.66,2.38,2.14,1.92,1.78,1.66,1.55,1.51,1.46,1.45,1.45,1.46,1.42,1.51,1.55,1.59,1.64,1.69,1.80,1.93,2.13,2.42,2.69,3.02,3.25,3.75,6.48,6.85,15.88,29.61,43.83,249.01,176.61,213.93,316.15,
Right Percent:
50000.00,29.24,19.49,16.82,15.85,15.08,14.83,11.82,11.84,11.52,9.22,7.19,6.22,5.70,5.38,5.03,4.69,4.44,4.18,3.93,3.64,3.35,3.13,2.88,2.67,2.45,2.25,2.10,1.90,1.72,1.56,1.40,1.30,1.21,1.14,1.12,1.07,1.06,1.05,1.06,1.03,1.08,1.11,1.14,1.18,1.23,1.32,1.44,1.62,1.94,2.47,3.98,4.75,6.24,7.62,6.91,6.58,5.67,5.04,4.75,4.65,5.20,6.73,
Left Percent:
50000.00,18.71,14.68,12.96,12.47,11.91,11.87,9.65,9.73,9.61,8.64,6.65,5.93,5.50,5.25,4.96,4.71,4.43,4.21,4.00,3.75,3.49,3.30,3.09,2.89,2.68,2.46,2.32,2.11,1.89,1.70,1.53,1.42,1.32,1.24,1.20,1.17,1.16,1.16,1.16,1.13,1.20,1.24,1.27,1.31,1.34,1.43,1.53,1.68,1.90,2.11,2.42,2.66,3.15,6.02,6.84,14.61,29.54,47.28,25.67,212.00,261.28,414.18,
Right Percent:
50000.00,27.79,20.02,17.14,16.19,15.34,15.16,12.16,12.17,11.96,10.34,7.87,6.86,6.33,6.01,5.61,5.27,4.93,4.63,4.34,4.02,3.69,3.44,3.19,2.95,2.71,2.48,2.33,2.09,1.89,1.70,1.55,1.43,1.33,1.25,1.21,1.17,1.16,1.15,1.16,1.12,1.18,1.22,1.26,1.31,1.36,1.46,1.58,1.78,2.13,2.71,3.88,4.97,6.63,6.97,8.34,7.47,6.85,5.61,6.40,4.42,4.90,6.27,
Left Percent:
50000.00,13.99,11.11,10.30,9.97,8.54,8.27,8.19,8.16,8.30,7.53,5.88,5.39,5.11,4.84,4.58,4.38,4.19,4.01,3.81,3.52,3.35,3.17,2.98,2.79,2.60,2.46,2.28,2.10,1.95,1.79,1.66,1.53,1.43,1.32,1.26,1.25,1.23,1.22,1.24,1.28,1.34,1.37,1.40,1.44,1.49,1.57,1.65,1.77,1.93,2.19,2.83,3.20,3.77,5.53,10.69,22.42,21.62,47.64,25.01,162.46,146.78,175.78,
Right Percent:
50000.00,15.68,12.35,11.56,11.19,9.70,9.40,9.36,9.32,9.49,8.14,6.60,6.08,5.83,5.54,5.26,5.04,4.84,4.63,4.40,4.06,3.86,3.64,3.41,3.20,2.98,2.81,2.61,2.39,2.22,2.04,1.88,1.74,1.63,1.52,1.43,1.41,1.39,1.37,1.38,1.43,1.50,1.53,1.57,1.61,1.68,1.79,1.91,2.09,2.37,2.82,4.39,5.94,9.33,13.80,20.51,19.06,19.21,19.71,20.92,17.65,18.80,21.42,
Left Percent:
50000.00,19.54,14.92,14.05,13.37,10.85,10.60,10.64,10.58,10.94,9.68,7.53,6.73,6.49,6.17,5.85,5.55,5.32,5.10,4.63,4.43,4.22,3.98,3.72,3.49,3.22,3.01,2.75,2.48,2.30,2.09,1.91,1.76,1.46,1.47,1.45,1.42,1.39,1.39,1.40,1.42,1.53,1.57,1.60,1.66,1.70,1.83,1.94,2.10,2.34,2.65,4.03,4.74,5.62,7.94,12.77,15.05,37.37,95.74,27.65,278.13,279.79,314.26,
Right Percent:
50000.00,21.92,16.13,15.11,14.28,11.69,11.37,11.44,11.38,11.83,10.26,8.08,7.33,7.26,7.05,6.76,6.43,6.26,6.02,5.50,5.35,5.18,4.91,4.66,4.47,4.12,3.84,3.49,3.06,2.83,2.52,2.29,2.08,1.68,1.70,1.67,1.65,1.61,1.61,1.64,1.67,1.86,1.93,1.98,2.09,2.18,2.44,2.66,2.98,3.55,4.33,9.74,21.35,46.98,36.84,31.70,28.46,26.72,26.24,19.59,23.34,23.28,26.46,
Left Percent:
50000.00,13.45,10.49,9.43,9.02,8.70,7.53,7.34,7.35,7.28,6.65,4.96,4.63,4.28,4.00,3.80,3.63,3.48,3.32,3.16,3.01,2.84,2.69,2.53,2.35,2.18,2.02,1.86,1.71,1.57,1.43,1.32,1.22,1.15,1.09,1.05,1.04,1.03,1.03,1.04,1.04,1.06,1.07,1.10,1.12,1.16,1.24,1.33,1.45,1.62,1.77,1.89,1.99,2.19,3.81,7.01,6.18,4.38,4.54,10.30,10.94,18.91,26.98,
Right Percent:
50000.00,14.84,11.91,10.89,10.46,10.13,8.82,8.67,8.65,8.56,7.42,5.81,5.38,4.99,4.66,4.43,4.23,4.04,3.85,3.65,3.45,3.27,3.07,2.87,2.67,2.48,2.29,2.12,1.94,1.79,1.63,1.51,1.40,1.32,1.26,1.22,1.19,1.18,1.17,1.19,1.19,1.20,1.22,1.25,1.29,1.33,1.43,1.54,1.70,1.93,2.21,2.75,3.24,4.27,9.91,21.34,27.44,27.07,28.01,20.14,18.33,14.87,18.46,
Left Percent:
50000.00,17.24,12.60,11.29,10.76,9.59,8.85,8.62,8.64,8.60,7.80,5.80,5.37,4.95,4.62,4.37,4.16,3.97,3.79,3.60,3.41,3.22,3.04,2.86,2.66,2.47,2.29,2.12,1.92,1.77,1.62,1.50,1.40,1.31,1.25,1.21,1.19,1.19,1.18,1.17,1.20,1.22,1.25,1.27,1.31,1.35,1.40,1.48,1.63,1.83,2.03,2.22,2.37,2.60,4.56,7.04,7.71,4.29,3.65,8.06,9.09,16.82,27.72,
Right Percent:
50000.00,14.74,11.47,10.58,10.22,9.25,8.54,8.43,8.46,8.47,7.29,5.82,5.40,5.08,4.77,4.52,4.32,4.13,3.93,3.73,3.52,3.32,3.12,2.91,2.71,2.52,2.33,2.15,1.94,1.79,1.64,1.52,1.42,1.33,1.26,1.24,1.20,1.19,1.18,1.17,1.20,1.21,1.24,1.27,1.31,1.35,1.42,1.52,1.73,1.99,2.37,3.32,4.28,6.33,10.55,8.68,9.30,9.34,8.75,13.09,5.87,5.89,7.06,
Left Percent:
50000.00,19.29,15.17,13.59,13.20,12.69,10.26,10.22,10.50,10.38,9.63,7.23,6.55,6.16,6.04,5.76,5.42,5.28,5.06,4.88,4.66,4.37,4.14,3.85,3.60,3.19,2.93,2.66,2.41,2.19,1.99,1.82,1.68,1.57,1.51,1.46,1.41,1.38,1.38,1.40,1.41,1.44,1.48,1.51,1.56,1.60,1.68,1.80,2.02,2.44,2.78,3.31,3.90,5.67,7.90,8.80,35.61,58.56,95.60,660.90,718.65,963.09,1241.45,
Right Percent:
50000.00,26.24,17.81,15.85,15.01,14.33,11.40,11.32,11.52,11.26,9.79,7.49,6.63,6.21,6.09,5.74,5.34,5.17,4.94,4.65,4.39,4.08,3.79,3.50,3.26,2.87,2.64,2.39,2.17,1.99,1.79,1.65,1.52,1.42,1.36,1.32,1.28,1.25,1.25,1.26,1.26,1.29,1.31,1.35,1.42,1.47,1.56,1.68,1.92,2.39,2.92,5.11,9.34,37.68,24.51,49.04,46.49,55.51,66.83,77.56,64.29,66.46,88.07,
Left Percent:
50000.00,9.73,8.36,8.17,7.97,6.97,6.88,6.95,6.92,6.95,6.51,5.71,5.25,5.19,5.00,4.83,4.49,4.36,4.23,4.09,3.94,3.80,3.62,3.43,3.25,3.02,2.84,2.62,2.40,2.23,1.97,1.76,1.64,1.43,1.42,1.40,1.38,1.35,1.40,1.40,1.40,1.42,1.45,1.56,1.61,1.68,1.74,1.82,1.97,2.17,2.54,3.62,4.17,5.48,8.91,9.92,20.01,33.34,53.33,30.36,405.94,304.14,393.23,
Right Percent:
50000.00,10.12,7.72,7.18,6.86,5.84,5.67,5.69,5.66,5.70,5.25,4.31,3.96,3.89,3.76,3.62,3.36,3.24,3.14,3.03,2.91,2.80,2.68,2.52,2.39,2.21,2.07,1.91,1.73,1.60,1.40,1.23,1.14,0.95,0.98,0.97,0.95,0.94,0.98,0.99,0.99,1.01,1.03,1.13,1.19,1.25,1.31,1.39,1.52,1.72,2.08,3.97,5.79,12.89,54.77,54.03,41.81,51.03,65.33,23.85,54.44,35.79,42.52,
Left Percent:
50000.00,10.51,8.91,8.52,8.35,7.30,7.14,7.16,7.15,7.26,6.68,5.70,5.27,5.15,4.92,4.71,4.54,4.40,4.25,3.99,3.79,3.63,3.46,3.27,3.10,2.89,2.71,2.54,2.31,2.13,1.94,1.80,1.66,1.57,1.42,1.37,1.34,1.31,1.32,1.33,1.35,1.47,1.49,1.51,1.56,1.61,1.71,1.81,1.95,2.16,2.40,3.17,3.63,4.31,6.94,14.98,22.13,46.67,103.47,28.93,1628.38,1009.78,1555.85,
Right Percent:
50000.00,9.49,7.32,6.76,6.56,5.61,5.41,5.36,5.35,5.46,5.04,3.98,3.69,3.62,3.47,3.31,3.19,3.09,2.99,2.81,2.65,2.55,2.44,2.30,2.18,2.03,1.90,1.77,1.60,1.46,1.32,1.22,1.12,1.05,0.94,0.91,0.89,0.88,0.88,0.90,0.92,1.01,1.04,1.06,1.11,1.16,1.26,1.35,1.46,1.66,1.88,3.12,3.93,5.55,19.69,86.35,79.36,83.22,106.86,28.67,168.03,139.94,167.04,
Left Percent:
50000.00,
Right Percent:
50000.00,
Left Percent:
50000.00,24.96,19.76,18.10,17.61,17.04,13.02,13.57,14.10,13.84,12.32,9.90,8.94,8.60,8.39,7.79,7.42,6.99,6.54,6.13,5.78,5.35,5.13,4.79,4.46,4.16,3.90,3.50,3.07,2.75,2.44,2.20,2.03,1.90,1.80,1.75,1.70,1.67,1.65,1.66,1.65,1.68,1.72,1.74,1.76,1.91,2.06,2.23,2.55,3.04,3.32,2.67,2.37,2.14,3.00,4.82,7.74,5.97,5.48,7.37,9.88,19.33,37.16,
Right Percent:
50000.00,22.88,14.96,12.67,11.85,11.20,9.44,8.99,8.95,8.75,7.43,5.32,4.79,4.35,4.04,3.76,3.56,3.36,3.18,3.00,2.82,2.64,2.47,2.29,2.13,1.98,1.81,1.66,1.51,1.38,1.26,1.16,1.08,1.01,0.96,0.92,0.91,0.91,0.91,0.91,0.91,0.93,0.94,0.96,0.99,1.05,1.13,1.21,1.33,1.52,1.76,2.24,2.68,3.40,17.18,31.55,27.32,12.15,11.12,5.44,7.83,9.53,13.91,
Left Percent:
50000.00,19.83,16.76,16.15,13.41,13.03,12.93,13.15,13.26,13.70,12.17,9.24,8.81,8.87,8.78,8.81,8.56,8.36,8.20,8.04,7.62,7.30,6.72,6.11,5.61,4.66,4.31,3.91,3.42,3.00,2.68,2.44,2.64,1.95,1.91,1.81,1.78,1.74,1.74,1.76,1.83,1.92,1.96,1.99,2.04,2.14,2.31,2.53,2.90,3.36,3.76,5.47,8.39,14.25,21.86,21.26,95.23,57.06,50.25,22.36,52.28,57.79,70.69,
Right Percent:
50000.00,34.29,26.91,26.76,22.22,22.00,21.99,22.45,22.04,22.16,22.05,13.98,12.39,11.04,10.27,9.53,9.31,8.79,8.37,8.06,7.73,7.43,7.09,6.63,6.19,5.81,5.28,4.97,4.57,4.30,3.93,3.64,3.22,3.28,3.24,3.30,3.30,3.33,3.40,3.47,3.55,3.79,3.96,4.12,4.27,4.44,4.59,4.52,4.35,4.40,4.57,4.19,5.26,3.48,3.10,2.94,2.54,1.90,1.58,1.92,1.75,1.95,2.42,
Left Percent:
50000.00,10.47,9.07,8.37,8.12,7.87,6.93,6.82,6.84,6.74,6.22,4.95,4.59,4.28,4.07,3.87,3.72,3.57,3.42,3.27,3.11,2.97,2.81,2.64,2.47,2.30,2.15,1.98,1.77,1.64,1.51,1.39,1.30,1.22,1.08,1.12,1.11,1.10,1.09,1.12,1.12,1.14,1.17,1.19,1.22,1.26,1.31,1.39,1.56,1.75,1.95,2.30,2.57,3.12,5.61,16.91,189.62,107.58,108.93,24.45,3922.21,1670.24,1704.50,
Right Percent:
50000.00,10.83,9.03,8.19,7.89,7.62,6.77,6.59,6.58,6.49,5.75,4.54,4.20,3.91,3.71,3.53,3.39,3.24,3.10,2.96,2.81,2.68,2.53,2.38,2.23,2.08,1.94,1.79,1.61,1.49,1.38,1.27,1.20,1.12,1.00,1.03,1.02,1.02,1.01,1.03,1.03,1.05,1.07,1.09,1.12,1.15,1.20,1.28,1.44,1.64,1.86,2.24,2.57,3.23,8.13,96.59,77.70,94.15,105.09,23.50,364.67,188.46,230.69,
Left Percent:
50000.00,10.48,8.64,8.17,7.97,6.91,6.75,6.75,6.73,6.82,6.21,5.11,4.73,4.51,4.30,4.07,3.94,3.79,3.65,3.48,3.31,3.17,2.92,2.74,2.59,2.43,2.27,2.10,1.93,1.78,1.64,1.52,1.42,1.33,1.22,1.16,1.14,1.14,1.14,1.21,1.22,1.23,1.26,1.29,1.33,1.38,1.44,1.52,1.64,1.80,2.07,2.61,3.01,3.59,5.45,11.76,17.76,37.33,45.73,28.66,35.97,39.07,46.12,
Right Percent:
50000.00,20.60,15.73,14.56,14.20,11.93,11.80,11.84,11.89,12.20,12.04,9.81,9.34,9.41,9.22,8.77,8.74,8.61,8.52,8.33,8.10,8.08,7.47,7.08,6.93,6.52,6.06,5.58,4.98,4.53,4.08,3.72,3.40,3.17,2.72,2.64,2.62,2.62,2.65,3.01,3.02,3.08,3.22,3.31,3.50,3.69,4.00,4.40,4.85,4.93,5.22,3.92,3.34,2.91,3.48,3.33,3.11,2.46,2.10,1.84,2.15,2.33,2.73,
Left Percent:
50000.00,25.87,21.05,21.36,17.60,16.79,17.90,18.67,19.57,20.69,18.11,16.27,16.37,16.62,17.37,18.01,19.00,19.91,20.38,20.89,21.48,19.87,18.23,11.89,11.37,9.37,8.47,6.81,6.14,5.39,4.74,3.96,2.97,3.30,3.10,2.95,2.89,2.84,2.82,2.79,2.70,2.71,2.74,2.80,3.02,3.09,3.29,3.71,4.31,5.07,6.45,9.30,22.11,83.17,92.97,69.83,52.74,33.81,28.59,36.54,10.29,43.48,48.78,
Right Percent:
50000.00,44.25,39.40,40.85,35.49,34.16,36.56,34.17,33.03,32.56,42.10,18.33,15.88,13.98,12.56,11.88,11.32,10.85,10.46,10.14,9.80,9.44,9.03,8.56,7.62,7.24,6.63,6.02,5.49,5.05,4.66,4.28,3.66,3.84,3.88,3.99,4.07,4.18,4.30,4.43,4.67,4.80,4.93,5.05,5.21,5.79,5.85,5.80,5.74,5.74,5.94,5.04,4.78,4.45,4.84,3.88,3.18,2.36,1.94,2.06,2.25,2.58,2.89,
Left Percent:
50000.00,8.42,16.96,15.42,14.75,14.47,14.11,14.86,15.10,15.25,14.40,12.11,11.70,11.36,10.66,10.40,10.14,10.12,9.95,9.80,9.48,8.99,8.40,7.61,7.11,6.71,5.71,3.35,3.32,3.14,2.33,2.54,2.33,2.16,2.08,2.02,1.97,1.95,1.97,1.98,1.97,1.98,2.05,2.18,2.18,2.41,2.57,2.65,2.91,3.28,3.44,4.84,6.19,9.01,13.04,246.28,201.61,114.34,109.91,428.62,12727.97,9789.89,7774.80,
Right Percent:
50000.00,93.69,4.18,3.87,3.69,3.64,3.56,3.62,3.69,3.71,3.46,3.08,3.09,2.98,2.96,2.92,2.87,2.76,2.63,2.62,2.57,2.43,2.32,2.08,1.98,1.78,1.51,1.61,1.47,1.34,1.25,1.55,1.44,1.39,1.32,1.30,1.28,1.27,1.26,1.27,1.27,1.28,1.30,1.36,1.40,1.49,1.57,1.64,1.76,1.92,2.16,2.98,3.89,5.80,16.27,43.27,47.23,110.31,105.87,412.62,40693.77,15457.46,8715.09,
Left Percent:
50000.00,21.69,19.38,19.23,18.93,16.46,14.77,14.89,15.51,15.31,14.28,11.30,10.24,9.87,10.12,9.65,9.11,8.96,8.60,8.37,7.85,7.69,7.26,6.30,5.96,5.53,5.05,4.57,4.05,3.64,3.27,2.96,2.73,2.53,2.41,2.29,2.24,2.19,2.21,2.23,2.21,2.24,2.33,2.40,2.47,2.53,2.67,2.89,3.30,3.93,4.84,5.90,4.58,3.53,4.21,5.29,10.40,14.61,16.80,12.44,59.72,208.74,2591.55,
Right Percent:
50000.00,16.22,12.42,11.06,10.58,9.67,8.62,8.46,8.54,8.42,7.71,5.95,5.34,5.03,4.93,4.66,4.41,4.28,4.11,3.93,3.73,3.59,3.40,3.07,2.89,2.71,2.52,2.31,2.10,1.92,1.76,1.62,1.50,1.40,1.34,1.30,1.28,1.27,1.29,1.30,1.30,1.32,1.37,1.42,1.47,1.53,1.61,1.72,1.91,2.20,2.66,3.77,4.55,5.85,27.04,154.56,143.07,91.45,89.17,21.52,484.06,2465.88,2611.65,
Left Percent:
50000.00,9.81,8.50,8.48,7.71,7.48,7.58,7.61,7.64,7.68,6.88,6.24,6.02,5.83,5.73,5.58,5.47,5.40,5.22,5.09,4.92,4.71,4.42,4.14,3.69,3.52,3.29,2.96,2.71,2.48,2.30,2.14,1.96,1.84,1.77,1.71,1.68,1.66,1.65,1.65,1.65,1.66,1.69,1.81,1.82,1.87,1.97,2.13,2.27,2.58,2.77,4.13,6.21,9.14,14.26,16.69,82.92,79.42,75.18,26.69,77.96,79.84,93.13,
Right Percent:
50000.00,39.93,37.64,39.10,36.64,35.93,33.93,33.26,33.45,34.74,43.56,20.17,17.71,15.88,14.95,14.57,14.78,15.42,15.99,17.30,19.23,20.39,19.60,20.00,16.64,15.86,15.56,13.30,11.11,9.36,7.89,7.02,7.29,5.24,5.07,4.90,5.01,5.14,5.34,5.57,5.74,6.06,6.56,7.99,8.42,9.14,10.79,12.59,12.97,11.17,11.96,9.52,8.05,7.20,7.21,6.98,6.30,4.99,4.18,4.26,4.11,4.49,5.10,
Left Percent:
50000.00,22.55,20.68,17.90,16.03,15.02,13.11,12.85,12.75,13.09,13.37,7.47,7.75,7.97,8.05,8.62,8.94,9.22,9.46,9.37,9.14,8.88,6.91,6.19,5.31,4.62,4.17,3.81,3.44,3.03,2.62,2.36,2.17,2.12,2.08,2.13,2.17,2.20,2.25,2.37,2.49,2.43,2.59,2.68,2.78,2.83,2.59,2.79,2.76,2.88,3.07,3.10,3.46,5.16,6.90,14.02,23.99,32.21,41.36,243.81,239.83,242.80,293.07,
Right Percent:
50000.00,83.36,59.16,56.90,51.23,49.60,54.89,57.43,61.37,63.71,57.43,65.16,100.93,134.06,145.30,187.05,230.28,283.42,440.69,444.35,441.09,432.94,339.46,303.52,259.24,222.92,202.32,117.73,103.57,53.33,36.23,30.57,16.83,21.76,20.49,18.83,18.07,17.32,16.51,14.75,13.86,16.13,16.92,17.42,17.48,18.40,43.24,61.78,83.26,70.26,52.34,58.59,39.97,32.41,23.77,20.60,16.75,14.30,12.98,13.76,12.60,11.83,15.49,
Left Percent:
50000.00,11.83,9.99,9.63,9.43,8.25,8.09,8.11,8.07,8.21,7.43,6.38,5.84,5.65,5.36,5.12,4.93,4.75,4.51,4.26,4.07,3.90,3.71,3.50,3.31,3.09,2.90,2.67,2.44,2.28,2.10,1.94,1.79,1.57,1.54,1.51,1.48,1.46,1.46,1.47,1.47,1.51,1.62,1.65,1.70,1.75,1.85,1.96,2.12,2.32,2.62,3.72,3.82,4.27,6.26,15.16,16.89,48.37,86.76,25.36,72.65,74.73,88.88,
Right Percent:
50000.00,22.67,19.60,19.38,19.25,16.75,16.71,17.10,17.15,17.77,15.85,14.94,14.06,14.78,14.46,14.02,13.86,13.72,13.28,12.69,12.29,12.07,11.65,10.92,10.52,9.76,9.11,8.30,7.36,6.86,6.15,5.61,5.07,4.52,4.25,4.15,4.01,3.99,3.97,4.00,3.95,4.09,4.60,4.70,4.87,5.10,5.74,6.39,7.70,9.97,13.76,8.99,5.67,4.31,4.36,6.26,6.65,5.43,4.47,4.60,3.13,3.18,3.76,
Left Percent:
50000.00,6.58,6.23,5.84,6.02,6.06,6.11,6.15,6.26,6.29,6.06,6.18,6.44,6.73,6.81,7.15,7.41,7.64,7.86,8.01,7.66,7.51,7.38,7.30,7.00,6.52,6.33,5.87,5.79,5.35,4.53,4.28,3.14,3.55,3.45,3.29,3.19,3.15,3.19,3.20,3.16,3.10,3.10,3.06,3.01,3.10,3.51,3.75,4.15,5.04,5.47,8.28,11.44,36.71,32.53,131.51,124.42,77.34,73.53,130.96,129.39,131.72,154.67,
Right Percent:
50000.00,18.31,15.98,14.53,14.64,14.53,14.50,14.46,14.63,14.56,12.60,11.62,11.47,11.21,10.90,10.81,10.58,10.26,9.94,9.51,8.98,8.35,7.73,7.23,6.65,6.07,5.65,5.15,4.92,4.54,4.10,3.83,3.47,3.36,3.34,3.24,3.18,3.12,3.12,3.11,3.09,3.08,3.08,3.13,3.19,3.32,3.67,3.97,4.49,5.44,7.05,19.66,10.66,7.10,7.96,8.07,7.13,6.23,5.61,5.59,5.25,5.34,6.35,
Left Percent:
50000.00,7.78,7.22,7.22,6.75,6.62,6.72,6.80,6.86,6.96,6.60,6.27,6.29,6.41,6.54,6.64,6.77,6.90,6.97,7.09,7.17,7.12,6.95,6.63,5.88,5.80,5.56,5.06,4.60,4.12,3.82,3.56,3.34,3.15,2.78,2.64,2.59,2.55,2.56,2.58,2.59,2.57,2.63,2.81,2.79,2.87,3.08,3.37,3.71,4.54,4.83,6.42,9.17,27.70,59.29,199.61,171.51,98.87,96.76,300.37,405.92,398.87,437.42,
Right Percent:
50000.00,13.17,11.51,10.98,10.02,9.58,9.57,9.56,9.56,9.63,8.32,6.80,6.38,6.02,5.76,5.57,5.39,5.20,4.97,4.76,4.54,4.27,4.00,3.73,3.37,3.16,2.95,2.71,2.48,2.25,2.08,1.93,1.80,1.71,1.60,1.55,1.54,1.53,1.52,1.53,1.54,1.55,1.58,1.67,1.72,1.80,1.90,2.04,2.22,2.52,2.95,4.36,6.08,10.23,11.40,16.47,15.82,16.80,17.20,13.82,10.71,10.92,13.00,
Left Percent:
50000.00,10.42,8.96,8.21,8.08,7.88,7.81,6.93,6.88,6.83,6.34,5.09,4.67,4.38,4.12,3.85,3.64,3.47,3.29,3.13,2.94,2.76,2.60,2.43,2.28,2.12,1.99,1.87,1.72,1.57,1.43,1.30,1.23,1.15,1.09,1.01,1.02,1.01,1.02,1.01,1.02,1.04,1.06,1.09,1.12,1.15,1.21,1.28,1.37,1.52,1.67,1.98,2.06,2.26,4.29,17.26,148.62,94.01,95.95,24.92,235.94,228.31,278.01,
Right Percent:
50000.00,10.28,8.27,7.36,7.10,6.85,6.71,5.93,5.79,5.71,4.97,3.91,3.55,3.32,3.12,2.93,2.77,2.64,2.51,2.39,2.25,2.11,1.99,1.86,1.75,1.63,1.54,1.44,1.32,1.20,1.09,0.99,0.93,0.87,0.82,0.75,0.77,0.77,0.77,0.77,0.77,0.79,0.81,0.84,0.86,0.89,0.94,1.00,1.08,1.21,1.35,1.61,1.80,2.22,6.90,23.69,25.56,24.98,23.57,10.51,11.55,10.85,13.28,
Left Percent:
50000.00,9.48,8.47,8.35,8.27,7.41,7.27,7.32,7.31,7.40,6.81,6.25,5.80,5.76,5.53,5.34,5.17,5.05,4.87,4.57,4.44,4.31,4.13,3.92,3.77,3.53,3.33,3.06,2.79,2.65,2.40,2.21,1.97,1.69,1.72,1.71,1.67,1.63,1.63,1.64,1.66,1.69,1.81,1.87,1.92,1.96,2.11,2.24,2.41,2.69,2.97,4.75,5.91,9.76,19.03,21.72,198.31,107.14,106.91,28.77,2246.65,1748.00,1605.93,
Right Percent:
50000.00,14.05,10.54,9.49,9.11,7.95,7.44,7.29,7.27,7.39,6.82,5.40,4.93,4.84,4.68,4.48,4.35,4.22,4.00,3.70,3.52,3.33,3.15,2.95,2.77,2.58,2.42,2.23,2.06,1.93,1.78,1.65,1.51,1.32,1.32,1.31,1.29,1.26,1.26,1.27,1.28,1.30,1.36,1.42,1.47,1.51,1.60,1.69,1.81,2.00,2.30,3.24,4.06,5.43,17.18,104.43,67.09,99.57,108.30,28.95,61.16,40.51,58.77,
Left Percent:
50000.00,23.77,18.49,17.11,16.97,16.29,12.79,13.13,13.70,13.41,12.17,10.14,9.16,8.87,8.82,8.22,8.03,7.81,7.62,7.16,6.80,6.30,5.95,5.67,5.29,4.92,4.47,3.89,3.26,2.94,2.61,2.36,2.16,2.01,2.18,1.82,1.80,1.78,1.74,1.70,1.75,1.79,1.84,1.90,1.92,1.97,2.08,2.26,2.59,3.26,3.71,3.12,2.63,2.31,2.96,3.22,3.79,3.10,2.83,4.91,3.11,4.57,9.01,
Right Percent:
50000.00,36.96,28.10,25.68,25.13,24.06,18.99,19.33,20.12,19.68,18.93,15.16,13.86,13.33,13.10,12.17,11.83,11.50,11.11,10.28,9.77,9.01,8.53,8.15,7.61,7.12,6.83,6.48,5.50,4.98,4.42,4.00,3.66,3.40,3.38,3.11,3.15,3.15,3.11,3.08,3.21,3.32,3.43,3.60,3.71,3.88,4.17,4.60,5.38,5.16,5.21,3.46,2.92,2.55,2.84,2.76,2.46,1.80,1.48,1.81,1.42,1.65,2.08,
Left Percent:
50000.00,33.00,27.12,26.83,19.81,20.05,20.34,21.32,22.07,23.25,20.62,17.88,15.71,15.95,15.08,13.97,13.44,12.59,11.73,11.04,10.32,9.79,9.17,8.60,7.85,7.40,7.10,6.31,5.95,5.68,5.16,4.64,4.29,3.82,3.61,3.33,3.24,3.20,3.21,3.22,3.26,3.23,3.28,3.47,3.72,3.89,4.85,5.07,5.83,6.14,7.17,4.22,3.92,3.99,5.07,9.18,13.75,12.58,13.01,18.20,39.63,105.21,432.46,
Right Percent:
50000.00,13.95,10.94,10.30,8.34,8.02,7.91,7.96,8.01,8.15,7.44,5.87,5.33,5.34,5.19,5.11,5.03,4.92,4.81,4.69,4.53,4.35,4.06,3.81,3.57,3.27,2.83,2.57,2.32,2.10,1.84,1.67,1.54,1.46,1.40,1.35,1.33,1.32,1.34,1.35,1.38,1.39,1.41,1.47,1.58,1.66,1.92,2.02,2.23,2.49,2.71,4.46,8.46,17.48,77.91,113.07,130.24,94.37,93.91,22.54,542.74,1544.28,3232.37,
Left Percent:
50000.00,25.37,19.57,19.74,14.69,14.95,15.07,15.68,16.09,16.85,14.65,12.85,11.14,11.89,11.80,11.96,12.02,11.86,11.68,11.33,11.36,10.51,9.51,8.56,7.77,6.15,5.78,4.92,4.40,3.71,3.32,3.03,3.02,2.31,2.23,2.13,2.05,2.03,2.01,2.01,2.03,2.05,2.23,2.24,2.27,2.36,2.66,2.84,3.25,4.04,4.29,6.51,15.68,468.54,422.89,245.71,171.48,103.78,98.97,1361.54,12.44,12383.07,9013.66,
Right Percent:
50000.00,22.01,15.21,13.93,10.63,10.18,9.98,10.04,10.12,10.40,9.10,6.99,6.22,6.23,6.04,5.97,5.89,5.72,5.54,5.37,5.23,4.91,4.60,4.22,3.88,3.28,3.10,2.74,2.47,2.16,1.96,1.80,1.64,1.43,1.41,1.36,1.34,1.33,1.33,1.34,1.36,1.38,1.49,1.54,1.59,1.67,1.86,2.00,2.27,2.79,3.08,6.54,19.01,522.17,435.52,252.45,175.21,106.06,101.09,1388.23,12.70,24313.64,11347.79,
Left Percent:
50000.00,29.67,23.53,19.23,19.72,19.91,20.27,20.65,21.93,22.28,18.41,16.67,18.45,19.69,19.53,21.64,22.23,22.54,22.09,21.49,19.71,15.61,14.19,13.17,10.89,9.14,8.42,7.52,6.78,5.94,4.92,4.37,3.58,3.49,3.24,3.13,3.04,2.97,2.93,2.90,3.00,3.01,3.03,2.99,2.94,3.18,3.56,3.86,4.33,5.29,6.98,9.00,17.20,259.85,157.54,236.53,167.00,92.41,88.50,287.22,102.02,287.04,343.09,
Right Percent:
50000.00,59.40,55.59,43.76,34.90,32.95,31.62,30.93,31.32,31.55,42.32,28.49,35.16,41.42,41.70,51.30,66.10,90.50,98.85,93.78,90.38,81.55,81.62,81.62,75.67,73.08,67.68,67.13,61.50,42.70,22.66,17.31,10.36,12.33,11.87,12.34,12.79,13.13,14.15,14.90,17.48,19.97,21.79,21.28,19.73,26.22,59.17,67.35,60.32,45.49,35.55,28.43,25.45,30.12,26.40,22.73,12.65,8.81,7.08,6.52,7.66,7.23,8.10,
Left Percent:
50000.00,20.33,17.03,16.79,16.48,12.84,12.99,13.59,13.94,14.41,12.26,9.38,8.00,7.59,7.25,6.79,6.60,6.28,6.00,5.73,5.37,5.08,4.77,4.39,4.04,3.70,3.41,3.07,2.67,2.32,2.11,1.93,1.74,1.63,1.52,1.49,1.45,1.41,1.40,1.42,1.45,1.51,1.53,1.59,1.72,1.78,1.86,1.96,2.12,2.37,2.62,3.98,5.30,8.71,16.64,231.11,189.40,102.78,98.50,549.28,19769.46,8568.25,6395.49,
Right Percent:
50000.00,21.18,16.07,14.47,13.41,10.82,10.35,10.33,10.28,10.37,9.07,6.90,6.11,5.78,5.64,5.34,5.22,5.01,4.83,4.62,4.37,4.18,3.96,3.68,3.41,3.16,2.94,2.67,2.34,2.05,1.88,1.73,1.56,1.47,1.38,1.37,1.34,1.31,1.31,1.33,1.36,1.42,1.45,1.51,1.66,1.75,1.86,1.97,2.14,2.41,2.71,5.76,11.30,42.94,320.15,228.24,187.96,101.50,97.34,534.65,26589.13,8836.05,6190.83,
Left Percent:
50000.00,18.53,13.95,12.42,9.86,9.39,9.19,9.23,9.29,9.48,8.36,6.10,5.56,5.34,5.14,5.02,4.89,4.74,4.58,4.37,4.18,3.95,3.70,3.45,3.20,2.97,2.75,2.51,2.14,1.97,1.79,1.65,1.50,1.33,1.31,1.28,1.26,1.24,1.26,1.25,1.26,1.30,1.36,1.40,1.44,1.56,1.63,1.70,1.83,2.01,2.23,2.67,2.85,2.98,3.86,7.67,7.79,11.80,16.04,22.99,413.78,437.49,308.80,
Right Percent:
50000.00,47.22,28.14,25.72,18.70,18.25,18.04,18.21,18.36,18.76,13.30,11.43,10.69,10.48,9.89,9.75,9.39,9.08,8.80,8.30,7.96,7.48,6.92,6.29,5.83,5.33,4.82,4.33,3.50,3.21,2.90,2.67,2.38,2.32,2.07,2.01,1.99,1.94,1.97,1.92,1.93,2.00,2.11,2.17,2.26,2.56,2.72,2.96,3.38,4.04,5.00,60.66,51.72,52.05,36.33,47.39,42.28,55.40,68.92,22.29,61.87,53.16,55.37,
Left Percent:
50000.00,24.31,19.21,18.60,13.75,13.73,13.68,14.09,14.36,14.90,12.89,10.33,9.03,9.24,9.04,9.11,8.81,8.55,8.39,8.07,7.72,7.29,6.65,6.13,5.51,4.69,4.15,3.74,3.28,2.89,2.58,2.36,2.51,1.89,1.80,1.74,1.70,1.66,1.66,1.69,1.75,1.82,1.87,1.86,2.00,2.06,2.38,2.50,2.72,3.02,3.40,4.39,6.40,12.51,23.94,226.21,174.11,104.46,99.86,914.87,120.76,3705.02,4249.96,
Right Percent:
50000.00,33.36,25.29,23.76,17.96,17.24,16.97,17.13,17.26,17.61,14.02,11.09,9.82,9.99,9.66,9.71,9.39,8.99,8.77,8.35,7.90,7.50,6.88,6.37,5.83,5.02,4.49,4.07,3.61,3.20,2.92,2.67,2.25,2.15,2.08,2.03,1.99,1.95,1.96,1.99,2.07,2.15,2.21,2.23,2.37,2.48,2.90,3.12,3.51,4.09,4.89,18.75,105.07,182.99,49.91,48.35,40.00,62.09,89.79,219.15,121.25,147.88,226.43,
Left Percent:
50000.00,20.89,15.27,13.34,12.79,12.20,10.03,9.87,9.98,9.83,8.97,6.49,6.03,5.61,5.27,5.00,4.75,4.54,4.34,4.12,3.89,3.66,3.44,3.19,2.95,2.73,2.53,2.30,2.08,1.90,1.71,1.57,1.46,1.35,1.30,1.24,1.21,1.22,1.21,1.23,1.21,1.24,1.27,1.30,1.32,1.38,1.49,1.59,1.75,1.99,2.16,2.37,2.54,2.85,4.71,5.73,6.30,7.12,9.13,25.91,75.62,84.27,80.75,
Right Percent:
50000.00,19.93,13.25,11.25,10.59,10.00,8.26,7.98,7.99,7.83,7.15,5.13,4.71,4.36,4.16,3.94,3.72,3.55,3.39,3.22,3.03,2.89,2.73,2.53,2.36,2.19,2.01,1.83,1.67,1.53,1.37,1.27,1.18,1.09,1.00,0.98,0.97,0.97,0.97,0.98,0.97,0.99,1.01,1.03,1.05,1.10,1.21,1.31,1.45,1.68,1.91,2.39,2.78,3.37,10.26,74.89,138.53,90.20,89.94,609.80,2494.45,2394.92,1364.87,
Left Percent:
50000.00,16.24,12.56,11.11,10.63,10.16,9.26,8.29,8.33,8.21,7.41,5.57,5.01,4.65,4.44,4.20,4.05,3.87,3.70,3.53,3.34,3.12,2.88,2.67,2.50,2.33,2.12,1.93,1.74,1.58,1.48,1.34,1.24,1.16,1.10,1.04,1.02,1.01,1.02,1.02,1.01,1.02,1.07,1.12,1.14,1.18,1.25,1.33,1.47,1.69,1.87,2.07,2.27,2.61,4.52,5.90,13.93,42.79,85.67,718.72,17891.46,2298.97,2233.68,
Right Percent:
50000.00,21.10,14.33,12.37,11.63,11.06,10.26,9.02,8.94,8.74,7.45,5.55,4.95,4.52,4.23,3.97,3.81,3.61,3.42,3.23,3.04,2.84,2.62,2.43,2.27,2.11,1.94,1.77,1.61,1.47,1.39,1.27,1.17,1.11,1.04,1.00,0.98,0.97,0.98,0.97,0.97,0.98,1.02,1.07,1.10,1.14,1.21,1.29,1.43,1.64,1.89,2.38,2.80,3.59,12.59,127.13,167.92,103.50,100.92,703.57,17453.81,2356.69,2289.79,
Left Percent:
50000.00,7.03,6.84,6.29,5.56,5.32,5.28,5.30,5.36,5.52,5.27,4.12,3.98,3.98,3.95,3.92,3.94,3.91,3.86,3.81,3.72,3.61,3.46,3.28,3.11,2.92,2.75,2.37,2.17,2.00,1.77,1.61,1.50,1.23,1.35,1.31,1.30,1.30,1.31,1.32,1.34,1.38,1.40,1.41,1.50,1.58,1.70,1.84,1.92,2.08,2.25,2.40,2.75,3.16,3.74,5.26,8.07,11.33,17.65,829.34,2041.47,1766.64,7925.10,
Right Percent:
50000.00,32.82,31.47,27.75,22.20,20.36,19.68,19.46,19.46,19.69,16.12,10.78,9.40,8.67,8.07,7.72,7.19,6.68,6.21,5.76,5.33,4.90,4.52,4.19,3.84,3.56,3.30,2.99,2.76,2.55,2.36,2.20,2.06,2.02,1.87,1.84,1.83,1.81,1.80,1.79,1.81,1.82,1.83,1.86,1.92,2.02,2.12,2.27,2.45,2.76,3.29,4.72,6.63,8.79,19.53,44.81,48.91,92.20,96.16,821.78,1478.52,137.37,9278.42,
Left Percent:
50000.00,33.69,26.10,20.72,17.58,14.90,13.82,13.49,13.38,13.51,13.43,7.65,7.23,6.59,6.29,6.07,5.90,5.68,5.47,5.25,4.99,4.77,4.48,4.18,3.86,3.58,3.32,2.91,2.64,2.45,2.23,2.04,1.88,1.57,1.72,1.72,1.72,1.71,1.74,1.78,1.84,1.89,1.92,1.97,2.10,2.20,2.27,2.43,2.47,2.60,2.81,2.78,3.07,3.16,4.17,6.89,10.47,9.25,9.20,13.17,15.44,26.85,72.65,
Right Percent:
50000.00,51.95,37.37,38.89,25.40,26.85,27.12,28.39,28.83,29.47,28.04,16.77,15.35,13.07,12.04,11.29,10.70,9.97,9.30,8.80,8.28,7.81,7.40,7.12,6.65,6.33,6.05,5.71,5.24,4.92,4.55,4.21,3.91,3.29,3.65,3.73,3.76,3.80,3.89,4.03,4.19,4.34,4.40,4.51,4.79,5.03,5.01,5.27,5.08,4.91,4.99,3.54,3.33,2.96,3.12,2.52,2.30,1.83,1.57,2.00,1.75,1.97,2.40,
Left Percent:
50000.00,22.21,18.92,18.21,14.67,13.91,14.29,14.75,15.12,15.83,13.89,10.97,9.42,9.27,8.97,8.78,8.61,8.33,8.16,7.75,7.39,7.07,6.58,5.97,5.49,4.99,4.51,4.05,3.29,2.96,2.70,2.46,2.19,2.05,1.89,1.83,1.78,1.77,1.76,1.76,1.80,1.90,1.93,1.98,2.14,2.27,2.36,2.47,2.69,3.09,3.37,4.83,6.58,6.13,7.61,17.14,16.37,11.37,9.23,10.26,13.13,13.36,14.89,
Right Percent:
50000.00,23.53,19.94,19.28,16.47,15.76,15.96,16.25,16.49,16.98,15.77,13.96,12.74,13.10,11.91,11.00,10.24,9.52,8.88,8.38,7.90,7.43,7.08,6.76,6.23,5.90,5.62,5.26,4.96,4.53,4.25,4.03,3.76,3.09,3.45,3.52,3.43,3.47,3.46,3.48,3.58,3.87,3.97,4.13,4.33,4.67,4.75,4.62,4.43,4.35,4.60,3.75,3.85,3.33,3.02,2.46,2.29,1.73,1.44,1.58,2.21,2.22,2.40,
Left Percent:
50000.00,19.43,14.17,12.41,11.94,11.39,9.28,9.22,9.35,9.23,8.44,6.16,5.68,5.31,5.07,4.79,4.53,4.35,4.17,3.98,3.78,3.58,3.36,3.12,2.91,2.72,2.47,2.25,2.02,1.83,1.65,1.49,1.39,1.30,1.25,1.20,1.19,1.17,1.18,1.17,1.17,1.20,1.22,1.24,1.26,1.38,1.46,1.56,1.73,1.97,2.09,2.23,2.34,2.59,4.12,6.63,7.14,4.63,4.22,9.78,7.83,9.01,10.00,
Right Percent:
50000.00,21.10,15.68,13.88,13.31,12.69,10.44,10.33,10.45,10.28,9.76,7.26,6.65,6.22,5.95,5.60,5.29,5.08,4.87,4.66,4.43,4.23,3.99,3.73,3.51,3.29,3.00,2.74,2.46,2.24,2.02,1.81,1.70,1.59,1.51,1.47,1.46,1.45,1.46,1.46,1.47,1.51,1.54,1.58,1.62,1.79,1.92,2.06,2.30,2.68,2.98,4.34,4.21,3.59,3.77,3.27,2.91,2.35,2.03,2.52,2.15,2.38,2.94,
Left Percent:
50000.00,12.27,10.09,9.40,9.00,7.52,7.31,7.36,7.37,7.47,6.88,5.24,4.83,4.61,4.48,4.30,4.16,4.03,3.91,3.76,3.61,3.46,3.32,3.10,2.91,2.69,2.50,2.30,2.09,1.92,1.74,1.49,1.38,1.16,1.18,1.16,1.14,1.12,1.15,1.16,1.17,1.19,1.23,1.33,1.38,1.43,1.48,1.55,1.66,1.85,2.18,2.55,2.76,3.11,4.36,8.86,14.15,33.09,83.71,23.61,7695.07,2638.07,3195.13,
Right Percent:
50000.00,11.31,8.82,8.25,7.88,6.49,6.29,6.34,6.34,6.43,5.82,4.64,4.21,4.11,3.99,3.80,3.68,3.56,3.46,3.33,3.20,3.07,2.94,2.76,2.61,2.41,2.24,2.05,1.84,1.69,1.50,1.27,1.18,0.98,1.00,0.99,0.97,0.95,1.00,1.01,1.01,1.03,1.08,1.19,1.24,1.32,1.38,1.46,1.59,1.78,2.12,3.74,5.33,10.61,75.21,60.42,46.94,100.32,101.66,23.12,7588.88,2576.90,3134.40,
Left Percent:
50000.00,87.37,58.14,10.26,8.69,7.43,7.19,7.11,7.14,7.17,6.67,5.18,4.55,4.21,3.98,3.75,3.58,3.45,3.32,3.17,3.03,2.88,2.67,2.47,2.28,2.08,1.91,1.66,1.58,1.33,1.34,1.35,1.29,1.83,1.75,1.69,1.66,1.65,1.64,1.67,1.66,1.70,1.73,1.77,1.81,1.86,1.99,2.14,2.30,2.54,2.84,3.13,3.29,3.56,5.60,5.97,6.04,4.77,4.60,6.97,9.83,11.27,13.82,
Right Percent:
50000.00,12.13,9.01,61.54,39.85,31.34,28.97,29.31,30.06,31.23,25.54,17.87,14.85,13.59,12.54,11.69,10.92,10.18,9.61,8.77,8.23,7.44,6.84,6.10,5.55,5.08,4.76,4.46,1.05,1.02,1.18,1.05,0.98,1.37,1.30,1.26,1.24,1.23,1.23,1.25,1.24,1.27,1.30,1.33,1.37,1.42,1.53,1.65,1.82,2.08,2.37,2.94,3.38,4.27,16.06,70.73,113.55,81.64,81.01,234.01,272.02,346.43,462.28,
Left Percent:
50000.00,14.88,13.90,11.14,9.22,8.55,8.23,8.17,8.31,8.59,8.17,5.53,5.41,5.39,5.37,5.30,5.39,5.47,5.40,5.37,5.31,5.09,4.68,4.39,3.73,3.36,3.16,2.78,2.41,2.17,1.95,1.77,1.57,1.46,1.42,1.38,1.37,1.38,1.39,1.40,1.41,1.44,1.46,1.49,1.57,1.68,1.76,1.86,2.04,2.27,2.56,2.54,2.98,3.49,4.06,6.27,9.10,10.06,12.27,85.97,80.23,116.29,130.72,
Right Percent:
50000.00,38.33,29.58,28.06,23.37,21.92,22.29,22.50,23.02,23.74,21.53,17.22,16.79,16.21,14.95,14.17,13.57,13.02,12.53,12.07,11.74,11.30,10.91,10.63,9.85,8.82,8.53,8.06,7.03,6.33,5.71,5.12,4.52,4.39,4.17,4.06,4.03,4.05,4.07,4.07,4.06,4.11,4.21,4.34,4.73,5.06,5.46,6.22,6.58,6.52,6.33,4.26,4.02,3.40,3.00,2.39,2.27,1.97,1.77,2.16,3.82,3.06,3.28,
Left Percent:
50000.00,24.63,19.00,17.14,16.78,16.01,12.63,12.77,13.28,13.01,11.93,9.42,8.56,8.29,8.24,7.88,7.42,7.20,6.98,6.72,6.37,6.19,5.87,5.43,5.03,4.67,4.10,3.69,3.12,2.79,2.50,2.23,2.07,1.92,1.96,1.76,1.71,1.70,1.66,1.68,1.71,1.76,1.81,1.85,1.89,1.96,2.08,2.26,2.58,3.37,3.87,3.31,2.82,2.41,2.98,3.07,3.57,2.98,2.75,4.62,3.23,4.67,8.43,
Right Percent:
50000.00,29.44,21.62,19.12,18.36,17.46,14.24,14.08,14.40,14.10,13.20,10.02,9.12,8.65,8.37,7.93,7.49,7.21,6.93,6.63,6.29,6.07,5.76,5.40,5.04,4.70,4.24,3.87,3.38,3.05,2.75,2.49,2.31,2.15,2.00,1.97,1.95,1.95,1.92,1.95,1.99,2.06,2.12,2.18,2.26,2.37,2.53,2.74,3.10,3.94,4.79,6.62,5.81,4.55,4.29,4.13,3.65,2.79,2.36,3.24,2.25,2.62,3.33,
Left Percent:
50000.00,35.46,28.02,28.45,20.93,21.13,20.97,21.45,21.82,22.62,20.67,14.88,14.54,12.18,11.13,10.40,9.91,9.31,8.73,8.25,7.72,7.27,6.81,6.52,6.02,5.70,5.43,5.18,4.66,4.46,4.22,3.94,3.73,3.06,3.42,3.44,3.34,3.26,3.28,3.23,3.27,3.30,3.48,3.78,3.79,4.01,4.42,4.75,4.63,4.80,5.60,3.75,3.38,2.76,3.33,3.64,4.59,3.87,3.66,4.53,4.50,9.27,16.72,
Right Percent:
50000.00,82.54,62.42,45.35,34.44,29.84,28.33,27.68,27.41,27.70,32.65,17.27,15.93,15.63,15.35,15.29,15.54,15.75,16.33,16.34,16.38,16.37,16.36,15.91,15.23,14.70,13.55,10.96,8.93,7.86,6.63,6.10,5.18,3.72,4.40,4.38,4.39,4.38,4.55,4.62,4.87,5.05,5.47,6.34,6.77,7.51,11.07,11.37,11.26,11.74,11.40,10.65,9.12,7.55,7.76,7.39,6.73,5.24,4.44,4.73,4.14,4.57,5.68,
Left Percent:
50000.00,18.96,15.15,13.63,13.06,12.41,9.89,9.83,10.06,9.89,8.98,6.60,5.90,5.51,5.42,5.15,4.83,4.69,4.51,4.28,4.08,3.89,3.66,3.36,3.11,2.88,2.62,2.28,2.05,1.85,1.68,1.53,1.43,1.33,1.28,1.23,1.20,1.17,1.16,1.17,1.20,1.22,1.24,1.28,1.30,1.34,1.40,1.50,1.68,2.09,2.34,2.96,3.32,4.01,5.64,10.96,39.30,27.19,23.21,30.34,43.05,43.22,49.09,
Right Percent:
50000.00,32.14,23.27,20.83,19.86,18.99,15.22,15.23,15.61,15.28,13.84,10.81,9.58,9.04,8.95,8.48,7.93,7.71,7.41,7.08,6.68,6.38,6.03,5.57,5.20,4.83,4.38,3.80,3.42,3.05,2.77,2.52,2.34,2.16,2.14,2.01,1.96,1.90,1.91,1.93,1.97,2.01,2.05,2.14,2.20,2.29,2.47,2.73,3.23,4.33,5.54,9.59,6.89,4.99,4.48,4.78,4.00,2.99,2.50,2.57,4.44,3.66,4.13,
Left Percent:
50000.00,21.88,17.26,15.78,15.05,11.66,11.42,11.38,11.64,12.24,11.31,7.90,7.31,7.14,7.12,6.89,6.47,6.36,6.12,5.81,5.27,5.06,4.74,4.44,4.16,3.83,3.60,3.29,2.96,2.68,2.45,2.23,2.04,1.92,1.63,1.56,1.53,1.51,1.50,1.60,1.70,1.74,1.80,1.84,1.90,1.97,2.08,2.22,2.41,2.79,3.24,3.53,3.92,5.14,9.33,14.05,59.47,109.43,106.28,25.39,8050.85,2705.63,2681.24,
Right Percent:
50000.00,12.94,9.82,8.87,8.38,6.72,6.47,6.46,6.46,6.69,6.27,4.72,4.26,4.16,4.09,3.92,3.65,3.57,3.43,3.29,2.99,2.89,2.74,2.57,2.42,2.25,2.12,1.94,1.73,1.59,1.44,1.31,1.20,1.08,0.97,0.95,0.93,0.92,0.93,0.98,1.05,1.07,1.11,1.15,1.20,1.27,1.36,1.47,1.61,1.86,2.20,3.83,5.20,8.70,65.10,114.07,105.39,109.24,106.00,25.14,8097.78,2689.82,2676.98,
