Left Percent:
50000.00,618.57,260.31,103.26,78.53,94.42,106.94,123.56,136.20,147.40,48.59,18.10,14.38,12.70,11.02,10.19,9.54,8.86,8.16,7.59,6.79,6.11,5.57,5.00,4.57,4.22,3.85,3.37,3.04,2.86,2.66,2.52,2.39,2.29,2.20,2.44,2.22,2.21,2.26,2.30,2.36,2.41,2.46,2.50,2.45,2.60,2.45,2.34,2.23,2.09,1.99,1.92,1.69,1.65,1.65,1.79,2.55,3.96,4.92,4.59,10.58,8.68,4.49,
Right Percent:
50000.00,811.53,1011.73,734.57,709.68,738.41,732.65,742.07,767.89,802.79,248.83,238.99,253.37,272.68,265.05,261.54,253.43,241.70,226.77,208.31,186.08,165.44,146.82,131.28,105.67,82.97,51.23,21.67,12.22,8.49,5.46,3.74,3.21,2.70,2.19,2.37,2.15,2.02,1.97,1.94,1.91,1.90,1.89,1.91,1.98,2.31,2.49,2.70,3.47,5.00,5.94,5.70,8.73,32.39,34.49,41.34,50.02,51.60,53.04,56.45,213.46,260.95,124.58,
Left Percent:
50000.00,1115.07,1029.14,760.46,859.22,882.65,861.04,170.35,66.90,78.82,24.44,12.27,10.74,9.43,8.31,7.65,7.06,6.65,6.11,5.84,5.57,5.32,5.07,4.90,4.88,4.89,4.91,4.66,3.68,3.22,2.79,2.33,2.01,1.78,1.79,1.45,1.37,1.33,1.31,1.30,1.31,1.32,1.36,1.37,1.38,1.50,1.55,1.68,2.05,2.61,2.57,1.88,1.71,1.70,1.56,1.26,1.25,1.84,2.69,2.78,3.25,2.00,1.33,
Right Percent:
50000.00,1069.06,1137.58,878.36,853.80,877.52,854.39,689.12,413.49,372.87,84.94,34.86,33.10,28.06,22.80,20.02,17.45,15.30,12.79,11.48,10.54,9.37,8.07,7.68,6.74,5.89,5.12,4.46,3.62,3.03,2.75,2.48,2.26,2.09,1.97,2.00,1.93,1.90,1.90,1.89,1.88,1.89,1.91,1.92,1.97,2.05,2.09,2.16,2.35,2.83,2.87,2.97,3.24,5.31,7.22,13.65,65.66,65.78,63.05,67.79,252.80,188.29,113.41,
Left Percent:
50000.00,962.18,909.16,666.93,619.45,602.11,579.61,554.60,555.03,523.37,227.27,199.70,222.93,232.22,231.76,221.94,212.87,201.16,188.14,166.59,161.59,145.40,134.10,125.24,118.18,110.18,100.78,89.40,81.57,72.14,53.07,27.27,14.11,11.03,9.34,7.92,7.76,8.98,8.93,7.91,7.54,6.52,6.52,6.68,12.58,14.04,13.35,14.08,26.15,54.20,51.10,40.41,134.85,255.63,333.69,175.63,62.00,16.09,6.10,3.99,10.51,9.68,8.96,
Right Percent:
50000.00,147.66,54.06,41.08,34.38,31.77,30.74,28.69,28.18,26.75,15.93,10.29,9.19,8.35,7.74,7.21,6.77,6.41,6.04,5.55,5.27,4.84,4.48,4.19,3.91,3.63,3.32,2.97,2.71,2.50,2.31,2.11,1.98,1.86,1.71,1.61,1.58,1.56,1.57,1.57,1.57,1.57,1.59,1.62,1.71,1.82,1.90,1.98,2.12,2.33,2.72,3.34,4.49,16.43,94.37,193.66,121.23,61.79,22.09,30.14,13.46,322.62,575.19,
Left Percent:
50000.00,891.63,1031.83,796.89,696.60,537.92,614.19,607.45,546.39,460.71,195.78,34.48,18.58,14.39,11.52,9.63,8.34,7.36,6.66,6.01,5.32,4.55,4.12,3.81,3.62,3.36,3.22,3.17,3.26,3.39,2.87,2.27,1.99,1.80,1.68,1.58,1.41,1.40,1.39,1.39,1.40,1.40,1.44,1.52,1.58,1.63,1.70,1.80,2.02,2.32,1.88,1.51,1.40,1.58,1.26,1.14,1.10,1.23,1.24,1.10,1.55,1.69,1.15,
Right Percent:
50000.00,917.97,1066.39,825.79,802.79,837.05,808.75,778.13,803.16,845.75,296.06,209.53,131.11,56.33,33.87,21.64,16.84,13.24,11.06,9.10,7.27,5.78,4.73,3.97,3.43,3.03,2.81,2.88,3.06,3.26,2.80,2.02,1.70,1.51,1.36,1.27,1.13,1.15,1.15,1.15,1.15,1.16,1.19,1.27,1.34,1.41,1.52,1.70,2.06,2.63,3.26,2.92,3.60,22.77,22.28,22.51,25.79,2.95,0.96,0.72,1.01,3.12,7.01,
Left Percent:
50000.00,794.23,1105.48,819.48,846.83,841.82,814.62,805.59,812.56,832.69,261.58,206.78,215.73,197.16,160.62,133.78,114.56,101.12,89.31,80.30,50.64,30.22,18.50,12.35,9.45,7.56,5.52,4.20,3.79,3.36,3.17,3.21,3.37,3.41,3.00,2.75,2.06,2.28,2.26,2.23,2.23,2.32,2.27,2.34,2.49,2.65,2.90,3.32,2.90,2.32,2.14,2.17,1.86,1.87,1.77,1.82,1.76,1.78,1.57,1.33,2.30,2.76,1.73,
Right Percent:
50000.00,796.99,1114.62,817.49,760.29,433.15,363.55,311.95,259.75,234.74,43.00,12.63,10.79,8.79,7.85,7.22,6.78,6.32,5.99,5.84,5.49,5.24,5.02,4.82,4.70,4.40,4.23,4.37,4.41,3.92,3.47,3.15,2.86,2.66,2.49,2.33,2.25,2.20,2.18,2.18,2.19,2.23,2.25,2.29,2.40,2.54,2.68,2.88,3.10,3.48,3.49,3.53,3.63,6.90,17.75,79.40,109.23,53.70,34.15,74.97,9.15,7.88,60.35,
Left Percent:
50000.00,771.80,1016.09,780.21,776.70,819.77,777.09,755.01,776.04,784.97,289.42,281.46,484.54,439.03,207.03,138.60,68.64,40.03,27.94,20.58,15.56,10.04,8.34,6.65,5.93,5.46,4.91,4.19,3.60,3.59,3.90,4.07,4.04,3.54,3.26,2.01,2.33,2.27,2.24,2.24,2.25,2.25,2.37,2.44,2.61,2.68,2.79,3.13,3.79,2.93,2.10,1.90,1.53,1.72,1.33,1.27,1.31,1.37,1.33,1.17,1.97,1.89,1.19,
Right Percent:
50000.00,771.97,559.31,778.45,769.38,812.43,771.19,748.49,772.32,693.57,92.45,79.71,248.70,142.01,112.51,83.75,76.16,71.06,65.58,58.44,56.80,43.37,30.76,28.11,21.04,16.80,12.83,10.70,8.93,7.46,5.35,4.32,3.73,3.45,3.35,3.86,3.41,3.19,3.11,3.05,2.99,2.95,3.01,3.56,3.41,3.28,3.21,3.51,4.29,4.96,6.00,5.06,6.17,14.76,11.43,27.38,41.76,40.09,37.71,36.51,101.09,104.02,57.39,
Left Percent:
50000.00,44.67,25.11,28.96,27.98,24.44,22.15,20.61,18.80,17.03,14.67,14.19,13.61,11.69,10.52,9.28,8.60,8.04,7.55,6.91,6.28,5.76,5.18,4.60,3.99,3.47,3.07,2.66,2.26,2.02,1.85,1.70,1.56,1.47,1.35,1.40,1.23,1.18,1.17,1.18,1.18,1.19,1.21,1.22,1.24,1.26,1.30,1.42,1.56,1.64,1.59,1.48,1.38,1.61,1.54,1.72,1.69,1.47,1.33,1.27,1.49,1.71,1.53,
Right Percent:
50000.00,741.19,375.94,501.46,358.46,252.85,209.23,188.49,159.91,136.79,47.59,23.94,19.85,15.65,12.63,10.60,9.22,8.05,7.11,6.21,5.45,4.89,4.38,3.99,3.70,3.27,3.02,2.91,3.04,3.28,3.26,2.86,2.49,2.28,2.03,1.80,1.82,1.76,1.75,1.78,1.79,1.82,1.86,1.90,1.96,2.03,2.14,2.43,2.90,3.36,3.37,3.38,4.07,4.30,5.08,7.54,14.34,15.02,17.34,35.63,9.13,4.83,7.04,
Left Percent:
50000.00,779.74,1050.99,756.01,646.71,630.45,589.40,561.78,571.40,590.69,254.87,221.75,237.86,250.86,236.98,229.28,219.58,207.77,195.52,175.98,169.19,145.87,135.99,125.88,116.48,111.43,101.61,94.03,84.92,77.11,69.40,63.09,58.42,54.52,50.81,48.56,45.04,44.92,46.37,46.77,47.14,47.52,48.52,49.70,51.52,53.85,56.45,60.23,60.33,56.63,50.41,39.20,138.09,286.43,315.93,202.56,133.97,69.00,13.63,6.74,27.61,72.59,129.41,
Right Percent:
50000.00,197.33,138.45,74.91,44.81,40.35,36.71,34.34,33.56,33.76,26.12,15.84,14.21,13.32,13.15,12.70,11.45,10.42,9.54,8.51,7.96,6.85,6.39,5.89,5.47,5.17,4.73,4.35,3.90,3.52,3.16,2.88,2.63,2.42,2.22,2.10,1.91,1.99,2.00,2.03,2.05,2.08,2.13,2.19,2.28,2.40,2.52,2.75,2.93,3.21,4.06,5.40,7.86,53.64,332.48,211.85,141.41,40.87,10.89,14.71,9.40,25.03,1444.60,
Left Percent:
50000.00,1166.32,81.05,82.42,96.07,108.32,75.90,39.37,30.87,29.11,21.90,15.45,14.32,12.06,10.31,9.40,8.67,8.21,7.77,7.49,7.20,6.50,5.88,5.26,4.64,4.16,3.67,3.26,2.83,2.55,2.24,1.89,1.66,1.41,1.30,1.09,1.15,1.11,1.08,1.08,1.09,1.20,1.23,1.26,1.28,1.27,1.31,1.48,1.71,1.95,2.05,1.92,1.67,1.83,1.79,1.50,1.39,1.62,1.97,1.98,2.41,1.73,1.37,
Right Percent:
50000.00,1164.26,1002.09,808.92,825.40,866.29,826.94,682.29,689.70,697.08,75.86,18.64,20.42,14.94,12.12,10.75,9.78,8.90,8.13,7.56,7.12,6.41,5.82,5.37,4.89,4.40,3.94,3.60,3.31,3.16,3.05,3.00,2.87,2.45,2.16,1.86,1.93,1.86,1.83,1.85,1.86,2.10,2.18,2.27,2.35,2.36,2.48,2.81,2.95,2.82,2.80,2.85,3.20,4.63,5.16,8.93,78.50,69.43,63.39,66.46,252.44,198.89,139.37,
Left Percent:
50000.00,898.15,1057.54,812.12,816.15,833.09,797.21,783.03,797.66,830.63,290.53,315.74,436.73,505.27,321.36,178.95,85.67,48.83,17.76,11.71,9.55,8.10,6.84,5.53,4.83,4.47,4.21,3.95,3.64,3.42,3.08,2.75,2.29,2.10,1.85,1.50,1.52,1.49,1.51,1.52,1.52,1.54,1.61,1.66,1.69,1.76,1.93,2.21,2.55,2.37,2.07,1.75,1.50,1.50,1.32,1.17,1.26,1.50,1.76,1.59,3.11,1.37,1.16,
Right Percent:
50000.00,911.82,1100.08,846.85,846.97,863.09,826.88,812.05,826.03,855.69,217.02,107.93,102.28,59.76,37.01,30.69,25.61,21.93,16.60,12.02,11.10,9.48,7.94,6.75,5.56,4.67,4.04,3.41,2.91,2.69,2.58,2.54,2.58,2.60,2.75,2.95,2.87,2.77,2.81,2.86,2.83,2.79,2.70,2.76,2.75,2.70,2.61,2.54,2.51,2.53,2.44,2.47,2.99,6.45,10.90,38.28,63.89,61.46,59.58,62.44,252.24,12.47,103.97,
Left Percent:
50000.00,51.99,32.70,31.55,30.76,29.76,27.86,25.22,22.95,21.27,18.69,16.17,15.19,13.10,12.18,11.24,10.59,10.22,9.77,9.33,9.01,8.39,7.78,6.88,6.10,5.43,4.68,4.16,3.62,3.20,2.65,2.28,2.11,1.98,1.88,1.75,1.70,1.66,1.65,1.64,1.64,1.65,1.70,1.70,1.71,1.80,1.84,1.89,2.01,2.37,2.54,2.41,2.07,2.10,2.31,2.31,2.02,2.31,2.93,3.04,4.30,3.13,2.27,
Right Percent:
50000.00,371.82,273.56,238.96,237.23,243.49,246.47,247.01,248.62,253.56,115.57,102.38,131.97,109.34,59.65,52.84,47.00,39.64,20.52,18.55,19.51,16.48,13.67,11.65,9.20,7.41,5.69,4.82,4.03,3.45,2.89,2.59,2.43,2.32,2.28,2.53,2.40,2.33,2.32,2.30,2.28,2.26,2.27,2.32,2.28,2.27,2.32,2.34,2.53,2.81,2.70,2.22,2.42,4.92,6.10,13.10,31.13,38.56,44.74,48.72,125.62,73.70,45.80,
Left Percent:
50000.00,67.04,31.13,34.60,37.66,36.56,34.16,23.08,23.72,23.44,16.79,12.88,12.98,11.34,10.15,9.47,9.01,8.52,8.01,7.51,7.10,6.55,5.86,5.45,5.03,4.64,4.24,3.85,3.51,3.12,2.71,2.37,2.11,1.96,1.82,1.74,1.60,1.51,1.52,1.52,1.52,1.55,1.59,1.62,1.64,1.67,1.76,1.95,2.19,2.48,2.35,2.16,1.97,2.26,2.28,2.40,2.67,2.88,3.48,3.71,4.91,3.42,3.18,
Right Percent:
50000.00,660.79,538.65,507.84,517.02,486.29,430.88,133.75,118.46,101.32,30.07,11.98,10.91,9.34,8.51,8.01,7.70,7.23,6.75,6.34,6.00,5.70,5.48,5.32,5.28,5.32,5.49,4.82,4.18,3.67,3.24,2.90,2.63,2.45,2.28,2.10,1.86,1.78,1.85,1.89,1.93,2.02,2.12,2.18,2.24,2.32,2.41,2.57,2.80,3.26,3.77,4.62,5.04,5.43,6.17,11.97,54.78,41.33,32.78,30.26,30.26,103.19,84.79,
Left Percent:
50000.00,864.26,1042.51,771.30,801.57,813.30,793.87,754.10,773.53,788.19,295.38,297.68,472.22,758.54,1068.36,1485.83,1915.10,2413.80,2746.74,2793.51,2583.51,2152.14,2142.11,645.41,346.37,189.00,79.40,40.68,22.09,9.47,7.08,6.82,8.53,9.45,6.06,2.98,3.87,3.69,3.57,3.54,3.51,3.51,3.44,3.55,4.03,4.10,4.62,5.34,8.10,5.20,9.85,16.69,7.77,2.74,3.52,4.93,14.70,28.67,24.06,14.72,141.16,24.40,9.17,
Right Percent:
50000.00,830.39,1046.95,774.17,803.75,809.95,792.62,753.33,771.89,784.52,289.45,294.63,469.68,756.62,1075.68,1515.15,1955.42,2478.50,2787.77,2862.89,2654.79,2216.32,2194.23,1665.36,1683.47,1329.76,902.92,617.76,387.17,166.58,112.29,85.24,66.83,42.82,16.30,35.11,15.56,10.83,9.63,8.92,8.24,7.76,7.16,6.97,7.34,15.38,22.87,31.71,59.58,64.02,78.31,53.44,118.92,39.71,56.15,68.77,109.13,84.05,72.49,72.31,355.42,323.73,169.02,
Left Percent:
50000.00,36.38,22.65,21.97,22.34,22.60,21.33,17.15,16.53,16.42,13.57,10.65,9.96,9.24,8.57,8.01,7.51,6.79,6.39,5.96,5.63,5.23,4.79,4.41,4.00,3.68,3.36,3.06,2.75,2.47,2.15,1.92,1.68,1.52,1.43,1.32,1.22,1.19,1.18,1.18,1.19,1.24,1.24,1.24,1.26,1.32,1.50,1.66,1.82,1.84,1.83,1.74,1.62,1.74,1.81,1.95,2.12,2.59,3.02,2.99,4.97,4.21,2.95,
Right Percent:
50000.00,572.25,487.77,435.04,440.67,458.42,442.14,364.55,379.01,381.56,192.36,77.65,49.14,32.86,22.57,16.91,13.79,10.31,8.24,6.99,6.14,5.43,4.74,4.25,3.79,3.50,3.27,3.16,3.02,3.06,2.99,2.90,2.94,2.56,2.30,2.03,1.91,1.87,1.87,1.90,1.94,2.04,2.09,2.10,2.20,2.39,2.80,2.81,2.81,2.83,2.51,2.46,2.82,7.19,16.77,50.15,57.03,55.25,55.24,51.48,171.80,210.13,125.23,
Left Percent:
50000.00,8.25,5.74,6.33,6.26,6.02,6.08,6.21,6.11,5.80,4.65,3.43,3.03,2.75,2.55,2.43,2.33,2.28,2.27,2.29,2.34,2.40,2.47,2.53,2.61,2.66,2.65,2.64,2.35,2.04,1.78,1.57,1.40,1.27,1.19,1.11,1.06,0.97,0.99,0.96,0.94,0.95,0.95,0.97,0.98,1.00,1.02,1.06,1.11,1.22,1.28,1.35,1.19,1.29,1.21,1.01,0.79,0.70,0.66,0.62,0.69,0.73,0.67,
Right Percent:
50000.00,14.09,14.24,14.58,14.19,12.62,12.77,12.17,11.54,10.96,8.32,6.67,5.47,5.01,4.44,4.01,3.62,3.40,3.17,3.00,2.89,2.88,2.99,3.06,3.10,3.23,3.27,2.55,2.04,1.76,1.49,1.31,1.19,1.09,1.02,0.96,0.92,0.91,0.89,0.87,0.86,0.87,0.88,0.90,0.92,0.94,0.99,1.05,1.13,1.27,1.38,1.50,1.65,3.11,5.55,4.78,5.67,3.16,2.06,1.92,3.30,1.97,2.90,
Left Percent:
50000.00,882.30,656.49,465.56,391.62,358.17,341.56,336.57,335.95,339.66,198.58,45.11,24.67,18.91,15.98,13.78,12.09,10.49,9.23,7.72,6.63,5.76,5.03,4.42,3.96,3.62,3.32,3.08,2.93,2.85,2.78,2.44,2.18,1.99,1.84,1.73,1.65,1.46,1.53,1.54,1.55,1.57,1.60,1.60,1.65,1.72,1.81,2.00,2.19,2.01,1.85,1.91,1.92,2.03,2.50,2.72,3.15,3.83,3.32,2.75,5.08,7.03,5.38,
Right Percent:
50000.00,74.77,41.45,37.12,27.69,25.10,23.34,22.78,22.56,22.99,21.58,12.28,10.59,9.51,8.72,8.04,7.48,6.83,6.43,5.81,5.38,4.97,4.61,4.25,3.93,3.65,3.35,3.02,2.68,2.46,2.28,2.10,1.95,1.83,1.73,1.62,1.57,1.47,1.50,1.51,1.52,1.54,1.55,1.58,1.63,1.71,1.79,1.93,2.07,2.33,2.86,3.84,5.12,10.52,177.27,155.50,103.73,23.50,7.70,8.30,7.97,7.60,911.78,
Left Percent:
50000.00,655.22,1061.26,809.54,865.40,842.90,803.23,786.38,805.12,838.04,296.69,313.37,491.08,690.85,783.97,742.21,709.64,634.64,568.54,508.35,418.47,366.36,303.63,262.17,223.32,202.80,175.64,153.23,131.57,116.72,96.02,81.46,72.81,66.28,59.74,30.44,56.09,53.62,53.55,53.48,53.67,53.59,54.09,55.27,56.62,63.84,67.73,72.10,77.38,79.55,69.53,51.48,225.04,463.25,386.55,221.08,148.77,72.73,69.90,81.99,958.12,276.25,1430.36,
Right Percent:
50000.00,619.71,1024.13,782.65,833.11,810.71,773.06,756.34,773.84,805.30,220.39,62.66,64.75,39.95,27.74,21.10,17.79,14.85,12.93,11.27,9.55,8.60,7.17,6.24,5.53,5.03,4.53,4.04,3.53,3.13,2.62,2.30,2.12,1.98,1.89,1.50,1.87,1.78,1.78,1.77,1.78,1.77,1.78,1.81,1.84,1.96,2.02,2.13,2.33,2.66,3.21,3.95,6.96,205.52,370.77,211.75,141.51,69.01,66.37,77.94,927.82,13.58,1381.51,
Left Percent:
50000.00,71.92,19.08,18.02,18.14,17.77,17.94,17.12,15.68,14.71,10.28,7.36,6.77,5.96,5.67,5.48,5.39,5.39,5.46,5.57,5.04,4.46,3.96,3.53,3.12,2.79,2.52,2.22,1.93,1.70,1.49,1.36,1.24,1.15,1.10,1.04,0.99,0.98,0.95,0.93,0.92,0.92,0.93,0.94,0.94,0.96,0.97,1.00,1.04,1.10,1.16,1.17,1.10,1.21,1.28,1.50,1.07,0.97,0.94,0.88,1.07,0.98,0.89,
Right Percent:
50000.00,652.33,544.20,301.94,187.76,133.63,109.21,96.09,89.90,81.65,41.56,16.43,12.40,10.65,9.83,9.45,9.43,9.72,10.31,9.23,7.79,6.53,5.54,4.81,4.10,3.55,3.11,2.65,1.99,1.61,1.30,1.13,0.99,0.89,0.83,0.76,0.71,0.68,0.67,0.66,0.65,0.66,0.67,0.68,0.68,0.70,0.73,0.76,0.82,0.90,1.01,1.17,1.25,2.63,5.83,11.94,9.52,6.85,2.75,2.26,2.18,5.03,7.03,
Left Percent:
50000.00,7.67,5.82,6.00,5.87,5.81,5.96,6.05,6.00,5.80,4.90,3.41,3.02,2.74,2.54,2.41,2.33,2.29,2.28,2.31,2.22,2.16,2.15,2.17,2.26,2.39,2.46,2.51,2.51,2.22,1.90,1.66,1.48,1.34,1.24,1.15,1.09,1.00,1.00,0.98,0.99,1.00,1.01,1.01,1.03,1.06,1.08,1.12,1.17,1.27,1.38,1.50,1.31,1.33,1.11,0.95,0.76,0.73,0.69,0.63,0.71,0.73,0.64,
Right Percent:
50000.00,13.51,15.62,14.47,13.89,12.13,12.04,11.46,10.79,10.20,8.18,6.51,4.99,4.37,3.84,3.43,3.03,2.79,2.55,2.37,2.29,2.21,2.22,2.24,2.37,2.63,3.03,3.40,2.82,2.39,2.03,1.82,1.61,1.45,1.36,1.27,1.22,1.20,1.16,1.15,1.16,1.19,1.20,1.22,1.27,1.30,1.36,1.46,1.62,1.85,2.12,2.34,2.65,5.70,4.61,8.65,6.79,1.56,1.05,0.92,1.25,1.44,1.87,
Left Percent:
50000.00,48.99,22.69,25.30,22.34,21.92,22.77,23.36,22.04,20.69,12.74,7.42,5.72,4.61,3.83,3.50,3.03,2.69,2.47,2.28,2.17,2.11,2.13,2.16,2.25,2.39,2.57,2.74,2.45,2.10,1.84,1.63,1.47,1.32,1.23,1.13,1.07,0.96,0.97,0.96,0.97,0.97,0.97,0.98,0.99,1.01,1.03,1.05,1.12,1.26,1.34,1.43,1.27,1.39,0.99,0.77,0.65,0.68,0.64,0.57,0.71,0.65,0.57,
Right Percent:
50000.00,69.05,71.00,52.61,44.67,35.03,30.97,29.14,27.52,25.88,20.04,9.92,8.98,7.95,6.95,6.49,6.03,5.77,5.65,5.49,5.39,5.19,5.25,5.37,4.50,3.77,2.94,2.29,1.97,1.62,1.35,1.18,1.04,0.94,0.88,0.81,0.77,0.72,0.73,0.71,0.73,0.74,0.74,0.76,0.77,0.79,0.82,0.86,0.93,1.05,1.18,1.36,1.46,3.07,8.99,10.25,10.15,4.49,5.20,5.87,6.10,1.78,4.42,
Left Percent:
50000.00,14.73,8.90,9.66,10.58,9.27,8.85,8.93,8.67,8.01,6.13,4.73,4.39,3.98,3.68,3.52,3.38,3.27,3.22,3.23,3.29,3.35,3.41,3.47,3.62,3.35,2.83,2.26,1.88,1.60,1.39,1.24,1.14,1.06,0.99,0.94,0.95,0.87,0.86,0.84,0.84,0.85,0.85,0.86,0.87,0.89,0.91,0.94,0.98,1.05,1.10,1.14,1.02,1.07,1.32,1.24,0.90,0.80,0.77,0.71,0.82,0.86,0.78,
Right Percent:
50000.00,23.06,17.25,17.74,19.15,15.82,15.05,13.98,13.03,11.99,8.79,6.86,5.18,4.56,3.89,3.45,3.15,2.89,2.71,2.38,2.19,2.01,1.93,1.83,1.81,1.87,1.96,2.10,2.23,2.30,2.31,2.04,1.79,1.63,1.51,1.43,1.31,1.35,1.30,1.27,1.27,1.29,1.31,1.34,1.37,1.43,1.52,1.65,1.84,2.09,2.29,2.48,2.78,5.75,3.79,4.59,3.95,1.66,0.96,0.79,1.03,1.36,1.97,
Left Percent:
50000.00,20.83,11.81,12.63,13.81,12.51,11.40,11.11,10.56,9.76,7.42,5.12,4.77,4.12,3.89,3.68,3.52,3.44,3.37,3.36,3.41,3.44,3.45,3.49,3.59,3.75,3.34,2.72,2.29,1.95,1.74,1.56,1.45,1.35,1.25,1.20,1.16,1.11,1.10,1.09,1.10,1.10,1.10,1.11,1.13,1.15,1.18,1.20,1.24,1.29,1.34,1.36,1.23,1.32,1.47,1.21,0.89,0.78,0.73,0.68,0.78,0.81,0.74,
Right Percent:
50000.00,24.90,18.95,19.67,21.78,19.19,16.64,15.27,14.49,13.30,9.63,7.61,6.50,5.09,4.25,3.73,3.26,2.91,2.53,2.30,2.06,1.90,1.78,1.72,1.71,1.89,2.10,2.50,3.02,2.95,2.39,2.03,1.78,1.60,1.42,1.32,1.27,1.25,1.20,1.19,1.22,1.23,1.24,1.27,1.30,1.34,1.43,1.56,1.77,2.05,2.27,2.48,2.87,6.92,4.06,6.37,4.62,1.17,0.71,0.61,0.75,1.14,1.58,
Left Percent:
50000.00,7.76,6.20,6.48,6.81,6.67,6.42,6.42,6.34,6.21,5.30,3.65,3.42,3.02,2.86,2.67,2.53,2.44,2.38,2.36,2.36,2.36,2.35,2.32,2.34,2.43,2.48,2.53,2.53,2.49,2.44,2.16,1.89,1.70,1.56,1.45,1.39,1.28,1.26,1.24,1.25,1.27,1.28,1.30,1.32,1.35,1.37,1.41,1.54,1.70,1.78,1.50,1.34,1.33,1.14,0.98,0.84,0.76,0.71,0.66,0.73,0.76,0.70,
Right Percent:
50000.00,20.26,18.55,18.48,20.22,18.73,15.54,14.81,13.50,12.44,9.43,7.77,6.84,5.58,4.62,4.08,3.61,3.19,2.87,2.64,2.49,2.36,2.25,2.21,2.26,2.39,2.73,3.18,3.35,3.55,3.63,3.50,2.91,2.52,2.29,2.15,1.99,2.01,1.88,1.92,1.94,2.00,2.02,2.07,2.14,2.20,2.31,2.56,3.03,3.61,4.22,4.24,5.45,7.97,5.13,10.64,7.02,1.57,0.93,0.83,0.93,1.25,1.81,
Left Percent:
50000.00,102.38,44.66,84.52,91.41,83.10,83.78,70.11,42.80,35.01,18.89,12.35,11.63,9.73,8.86,7.97,7.58,7.17,6.92,6.66,6.39,6.35,6.24,6.13,6.05,5.72,4.72,3.85,3.04,2.57,2.05,1.78,1.56,1.39,1.32,1.25,1.21,1.17,1.15,1.15,1.17,1.17,1.19,1.21,1.23,1.25,1.31,1.38,1.48,1.58,1.59,1.54,1.40,1.61,1.62,1.82,2.40,2.01,1.93,1.83,2.09,2.54,2.26,
Right Percent:
50000.00,4.48,4.31,4.22,4.06,3.98,4.04,3.92,3.72,3.64,3.45,3.00,2.89,2.64,2.46,2.23,2.10,1.98,1.86,1.77,1.69,1.63,1.57,1.55,1.53,1.52,1.54,1.67,1.97,2.30,2.33,1.98,1.72,1.55,1.46,1.38,1.35,1.29,1.25,1.27,1.29,1.30,1.33,1.36,1.41,1.46,1.58,1.72,1.90,2.11,2.25,2.43,2.77,4.16,2.42,2.48,1.95,1.40,0.83,0.73,0.92,0.94,1.18,
Left Percent:
50000.00,32.08,22.62,21.20,20.92,18.80,18.32,19.22,18.41,17.46,15.29,8.61,7.21,6.43,5.67,5.21,4.82,4.38,3.98,3.67,3.42,3.20,3.03,2.83,2.71,2.69,2.76,2.88,3.05,3.28,2.85,2.39,2.02,1.74,1.55,1.46,1.25,1.29,1.24,1.26,1.33,1.35,1.38,1.41,1.42,1.47,1.51,1.61,1.78,2.20,2.10,1.61,1.48,1.69,1.25,1.00,0.89,0.92,0.90,0.81,1.03,1.03,0.79,
Right Percent:
50000.00,143.16,77.56,90.66,122.13,80.85,57.28,55.42,49.60,41.02,21.35,15.85,12.98,10.01,8.03,6.81,5.88,5.13,4.48,3.98,3.66,3.29,3.08,2.78,2.52,2.40,2.23,2.16,2.35,2.69,2.97,2.49,2.04,1.70,1.42,1.35,1.27,1.27,1.18,1.21,1.31,1.34,1.35,1.40,1.42,1.51,1.61,1.79,2.15,2.89,3.26,2.99,3.75,7.24,10.37,15.75,16.64,2.45,0.93,0.71,0.86,1.85,3.37,
Left Percent:
50000.00,8.63,5.87,6.55,7.01,6.48,5.98,5.96,5.84,5.48,4.39,3.79,3.67,3.36,3.29,3.25,3.20,3.18,3.21,3.27,3.45,3.58,3.66,3.55,3.22,2.84,2.41,2.05,1.74,1.51,1.32,1.18,1.08,1.00,0.93,0.89,0.87,0.82,0.81,0.78,0.78,0.79,0.79,0.81,0.82,0.84,0.86,0.88,0.92,0.98,1.02,1.02,0.91,0.98,1.16,1.27,0.93,0.78,0.71,0.66,0.73,0.83,0.80,
Right Percent:
50000.00,11.96,10.45,10.91,11.53,10.61,9.47,8.98,8.67,8.07,6.26,5.08,4.54,3.57,3.31,2.95,2.66,2.43,2.23,2.10,2.12,2.14,2.10,2.13,2.22,2.31,2.42,2.56,2.72,2.81,2.39,2.06,1.80,1.62,1.48,1.40,1.27,1.31,1.26,1.22,1.24,1.25,1.27,1.31,1.35,1.42,1.50,1.62,1.82,2.08,2.24,2.37,2.50,5.52,4.74,3.24,2.32,1.01,0.70,0.61,0.75,0.93,1.11,
Left Percent:
50000.00,14.24,9.98,11.18,11.62,10.65,10.01,9.73,9.35,8.74,7.32,6.14,5.67,5.19,4.82,4.66,4.48,4.36,4.29,4.29,4.42,4.39,4.31,3.89,3.48,3.11,2.82,2.53,2.26,2.02,1.83,1.60,1.45,1.33,1.25,1.18,1.18,1.08,1.06,1.02,1.03,1.04,1.04,1.05,1.07,1.09,1.13,1.17,1.25,1.39,1.40,1.35,1.20,1.26,1.30,1.42,1.19,1.07,1.02,0.95,1.10,1.15,1.04,
Right Percent:
50000.00,22.36,18.65,19.19,19.43,16.17,15.10,14.29,13.30,12.25,9.33,6.99,4.94,4.39,3.65,3.24,2.87,2.57,2.34,2.17,2.07,1.98,2.01,2.08,2.22,2.61,2.99,3.20,3.37,2.84,2.27,1.96,1.74,1.59,1.47,1.39,1.29,1.32,1.27,1.24,1.25,1.27,1.29,1.32,1.35,1.41,1.49,1.61,1.80,2.06,2.27,2.46,2.77,6.61,6.61,4.63,2.39,1.09,0.73,0.64,0.80,1.06,1.22,
Left Percent:
50000.00,9.17,6.22,7.14,7.52,6.91,6.33,6.20,6.07,5.66,4.83,4.54,4.38,3.92,3.79,3.73,3.66,3.70,3.80,3.98,4.38,4.24,3.77,3.45,3.15,2.94,2.65,2.37,2.02,1.73,1.52,1.35,1.24,1.15,1.08,1.03,1.04,0.97,0.95,0.93,0.93,0.93,0.94,0.97,0.99,1.00,1.02,1.05,1.09,1.14,1.17,1.18,1.07,1.17,1.19,1.31,1.07,0.87,0.82,0.77,0.85,0.96,0.94,
Right Percent:
50000.00,12.07,10.91,11.30,11.91,11.09,9.99,9.45,9.15,8.51,6.58,5.33,4.78,3.76,3.51,3.15,2.84,2.68,2.55,2.52,2.68,2.76,2.77,2.80,2.83,2.85,2.88,2.90,2.92,2.90,2.53,2.23,2.01,1.85,1.71,1.65,1.52,1.60,1.52,1.49,1.51,1.52,1.54,1.61,1.66,1.71,1.80,1.93,2.12,2.33,2.47,2.65,2.96,5.86,5.54,4.55,3.16,1.76,1.17,0.97,1.46,1.57,1.96,
Left Percent:
50000.00,156.56,40.12,33.01,33.39,27.98,17.47,18.55,19.15,21.28,16.82,9.12,7.76,6.77,6.27,5.92,5.56,5.19,4.85,4.50,4.18,3.89,3.61,3.39,3.16,2.96,2.77,2.57,2.46,2.32,2.23,2.11,1.99,1.87,1.77,1.58,1.61,1.58,1.58,1.59,1.59,1.62,1.62,1.65,1.69,1.72,1.76,1.87,1.92,1.68,1.45,1.32,1.22,1.41,1.27,1.30,1.52,1.95,2.06,1.90,2.65,2.43,1.87,
Right Percent:
50000.00,1024.65,1024.75,814.61,775.08,705.75,694.57,661.61,666.96,706.30,85.67,17.02,14.49,11.55,10.29,9.82,8.90,8.04,7.35,6.66,5.92,5.25,4.62,4.14,3.68,3.30,2.92,2.50,2.31,2.14,2.03,1.96,1.90,1.83,1.74,1.75,1.66,1.63,1.62,1.64,1.63,1.64,1.65,1.68,1.72,1.76,1.80,1.88,1.86,1.84,1.93,2.09,2.34,3.45,4.84,16.80,81.84,67.09,62.12,65.36,291.55,363.53,250.29,
Left Percent:
50000.00,15.80,12.34,12.85,12.60,12.66,12.82,13.25,13.71,13.77,10.30,8.71,8.54,8.12,7.68,7.17,6.84,6.52,6.21,5.92,5.62,5.24,4.70,4.31,3.88,3.47,3.11,2.75,2.44,2.20,1.94,1.76,1.62,1.52,1.43,1.38,1.24,1.19,1.20,1.26,1.27,1.29,1.31,1.34,1.35,1.37,1.41,1.49,1.62,1.84,1.94,1.78,1.65,1.91,1.86,1.87,2.23,3.18,3.98,3.82,4.73,3.49,2.61,
Right Percent:
50000.00,476.53,394.37,380.65,370.75,360.84,348.22,338.70,336.26,329.60,188.64,182.56,207.84,206.55,164.08,73.90,43.02,27.31,19.20,13.79,11.14,9.44,8.52,8.15,8.04,7.46,6.93,5.17,3.70,2.96,2.36,1.99,1.73,1.57,1.42,1.29,1.20,1.12,1.15,1.24,1.26,1.29,1.33,1.38,1.42,1.47,1.57,1.74,2.02,2.57,3.29,4.58,6.49,17.92,53.06,50.57,56.95,2.30,1.04,0.84,1.51,3.68,6.28,
Left Percent:
50000.00,18.62,14.51,13.17,12.92,13.30,13.15,11.34,10.40,10.51,9.82,6.91,6.18,5.70,5.28,4.97,4.69,4.33,4.05,3.83,3.61,3.37,3.16,2.93,2.69,2.51,2.31,2.04,1.87,1.73,1.62,1.51,1.47,1.43,1.40,1.08,1.46,1.43,1.47,1.50,1.54,1.55,1.64,1.64,1.61,1.63,1.57,1.49,1.37,1.29,1.27,1.29,1.17,1.16,1.15,1.21,1.38,1.40,1.36,1.26,1.62,1.71,1.35,
Right Percent:
50000.00,526.09,480.16,408.75,403.91,415.19,406.24,357.11,359.93,359.28,191.82,188.58,195.46,71.39,35.50,24.36,17.66,13.55,10.21,8.72,7.08,5.87,4.96,4.27,3.64,3.29,2.93,2.74,2.74,2.90,2.57,2.32,2.22,2.13,2.10,1.65,2.18,2.12,2.11,2.10,2.10,2.09,2.11,2.10,2.10,2.11,2.11,2.15,2.26,2.45,2.30,2.22,2.49,5.28,7.66,29.29,48.59,42.59,40.50,40.80,81.93,14.88,63.57,
Left Percent:
50000.00,15.33,11.01,10.89,11.01,10.14,9.89,9.94,9.73,9.38,8.23,6.73,5.95,5.47,5.06,4.76,4.50,4.28,4.09,3.90,3.75,3.55,3.41,3.22,3.03,2.87,2.77,2.64,2.51,2.42,2.30,2.00,1.80,1.66,1.58,1.50,1.40,1.41,1.39,1.38,1.39,1.41,1.46,1.47,1.49,1.52,1.60,1.69,1.76,1.83,1.53,1.32,1.25,1.38,1.18,1.15,1.24,1.40,1.52,1.43,1.89,1.60,1.36,
Right Percent:
50000.00,420.79,435.18,392.63,404.20,383.25,379.90,383.94,387.58,383.17,224.86,215.60,227.67,239.92,237.00,233.47,192.27,171.88,99.40,49.21,29.78,16.57,13.24,9.71,6.56,4.77,4.07,3.79,4.23,4.90,3.40,2.49,2.07,1.85,1.68,1.60,1.57,1.53,1.47,1.45,1.44,1.47,1.55,1.56,1.58,1.64,1.83,2.15,2.48,3.17,4.68,4.30,7.59,49.53,49.34,48.45,53.78,2.73,0.98,0.76,0.96,1.80,2.84,
Left Percent:
50000.00,959.63,1111.35,842.27,829.68,856.42,829.43,835.63,771.81,955.99,277.79,144.82,80.69,66.64,58.39,46.49,37.87,30.55,26.05,22.13,19.13,16.75,14.12,12.05,10.51,9.21,7.50,6.67,5.75,4.75,3.99,3.48,3.05,2.62,2.37,2.08,2.11,2.08,2.05,2.03,2.02,2.00,2.02,2.03,2.06,2.10,2.18,2.51,2.82,3.30,3.67,4.12,4.07,3.61,4.14,4.66,6.18,6.93,6.72,5.37,12.24,21.65,11.62,
Right Percent:
50000.00,952.88,1121.50,850.24,837.26,864.12,836.14,842.28,777.63,963.46,276.09,315.52,487.85,604.91,259.67,161.26,125.61,74.62,56.66,47.77,35.76,25.63,18.86,14.79,11.42,8.88,6.17,5.18,4.15,3.28,2.75,2.46,2.24,2.00,1.93,1.96,1.85,1.81,1.80,1.79,1.78,1.77,1.76,1.79,1.80,1.84,1.87,2.04,2.29,2.49,2.68,2.87,5.33,18.29,33.03,151.47,121.76,80.42,70.94,79.59,546.27,1969.73,1018.72,
Left Percent:
50000.00,14.55,13.78,13.95,13.69,14.74,15.22,15.44,15.78,14.81,11.87,9.66,9.16,8.02,7.24,6.86,6.55,6.29,5.97,5.68,5.42,5.12,4.65,4.36,4.14,3.88,3.62,3.36,3.06,2.88,2.68,2.45,2.23,2.11,2.00,1.86,1.78,1.70,1.67,1.69,1.69,1.77,1.79,1.83,1.82,2.07,2.16,2.20,2.19,2.15,2.07,1.85,1.66,1.85,1.77,1.82,2.30,2.88,3.16,3.18,3.79,2.59,2.54,
Right Percent:
50000.00,407.61,332.24,320.28,311.37,299.42,285.71,279.65,275.70,269.62,155.88,150.90,166.53,171.95,171.87,159.62,145.36,119.22,74.34,48.83,37.00,25.42,13.57,10.62,8.18,6.40,5.11,4.11,3.35,3.02,2.79,2.32,1.94,1.79,1.68,1.80,1.69,1.67,1.64,1.66,1.63,1.67,1.65,1.68,1.71,1.89,1.91,1.97,2.20,2.54,2.46,2.29,2.56,7.08,7.77,23.61,43.20,41.80,41.72,42.59,85.38,47.91,42.58,
Left Percent:
50000.00,12.18,9.13,10.38,10.90,9.70,9.65,9.66,9.51,8.91,6.39,5.15,4.85,4.37,4.02,3.82,3.67,3.60,3.48,3.43,3.36,3.34,3.29,3.24,3.23,3.31,3.36,2.94,2.56,2.23,1.94,1.75,1.59,1.46,1.36,1.28,1.16,1.18,1.16,1.15,1.15,1.16,1.17,1.18,1.21,1.24,1.28,1.32,1.39,1.49,1.54,1.57,1.38,1.38,1.38,1.15,0.99,0.95,0.94,0.87,0.98,1.03,0.87,
Right Percent:
50000.00,43.87,39.77,38.06,30.05,24.91,24.82,22.59,21.32,20.53,15.66,7.61,6.28,5.18,4.32,3.72,3.26,3.09,2.80,2.57,2.44,2.39,2.38,2.45,2.66,2.99,3.05,3.08,3.05,2.84,2.39,2.15,1.95,1.81,1.68,1.57,1.47,1.49,1.42,1.46,1.46,1.48,1.51,1.54,1.58,1.64,1.76,1.89,2.13,2.37,2.55,2.75,3.06,6.82,5.63,5.32,3.16,1.34,0.85,0.74,0.96,1.27,1.47,
Left Percent:
50000.00,26.26,16.48,17.61,17.04,15.17,14.31,13.52,12.52,11.76,10.17,8.74,8.20,7.24,6.60,6.18,5.89,5.60,5.36,5.19,5.10,4.66,4.48,4.13,3.83,3.54,3.24,2.97,2.73,2.39,2.10,1.87,1.69,1.56,1.42,1.34,1.30,1.27,1.24,1.24,1.32,1.35,1.37,1.39,1.40,1.40,1.47,1.54,1.63,1.81,1.74,1.59,1.48,1.66,1.52,1.48,1.25,1.25,1.27,1.22,1.56,1.14,1.12,
Right Percent:
50000.00,559.92,462.07,417.34,411.51,404.81,399.64,396.47,395.64,394.00,198.37,74.45,46.98,26.02,17.01,13.63,11.34,9.63,8.19,7.05,5.62,4.84,4.55,4.10,3.95,3.65,3.21,2.91,2.73,2.77,3.02,2.90,2.44,2.05,1.61,1.42,1.34,1.30,1.27,1.29,1.43,1.50,1.57,1.61,1.64,1.67,1.90,2.27,2.75,2.95,2.60,2.64,3.05,5.47,4.66,7.72,25.25,40.93,42.63,44.50,29.69,3.13,7.93,
Left Percent:
50000.00,8.33,6.56,6.91,7.22,6.86,6.66,6.65,6.59,6.29,5.29,3.70,3.27,2.98,2.77,2.62,2.52,2.46,2.41,2.42,2.45,2.48,2.51,2.48,2.51,2.62,2.72,2.87,2.61,2.28,2.06,1.87,1.73,1.59,1.49,1.42,1.37,1.30,1.30,1.28,1.30,1.30,1.31,1.31,1.33,1.36,1.38,1.39,1.42,1.47,1.53,1.57,1.36,1.41,1.21,0.97,0.83,0.72,0.67,0.63,0.69,0.74,0.70,
Right Percent:
50000.00,20.06,19.34,18.42,18.52,15.32,14.83,13.51,12.47,11.63,9.08,6.93,4.89,4.31,3.65,3.19,2.83,2.60,2.41,2.16,2.06,1.98,1.98,2.04,2.20,2.53,2.62,2.72,2.78,2.75,2.41,2.10,1.87,1.69,1.54,1.47,1.40,1.40,1.34,1.34,1.37,1.38,1.41,1.43,1.47,1.51,1.61,1.74,1.94,2.19,2.42,2.64,3.08,6.41,4.59,6.41,3.75,1.17,0.69,0.58,0.72,1.03,1.30,
Left Percent:
50000.00,7.30,5.17,5.66,6.11,5.63,5.38,5.59,5.51,5.21,3.99,2.96,2.84,2.64,2.53,2.52,2.50,2.53,2.57,2.66,2.72,2.78,2.86,2.78,2.69,2.68,2.64,2.60,2.54,2.46,2.16,1.90,1.72,1.59,1.46,1.38,1.23,1.24,1.23,1.19,1.20,1.22,1.22,1.24,1.27,1.30,1.34,1.37,1.45,1.58,1.68,1.61,1.45,1.50,1.26,1.12,0.99,0.82,0.74,0.70,0.74,0.91,0.86,
Right Percent:
50000.00,18.61,17.06,17.25,18.68,15.73,14.24,14.42,13.61,12.53,9.14,6.95,5.71,4.85,4.06,3.61,3.25,2.96,2.74,2.63,2.61,2.68,2.60,2.51,2.51,2.57,2.56,2.58,2.57,2.55,2.34,2.06,1.84,1.68,1.54,1.48,1.36,1.40,1.35,1.31,1.34,1.35,1.36,1.40,1.45,1.50,1.60,1.72,1.91,2.16,2.34,2.52,2.77,5.47,4.83,4.86,4.75,1.92,1.30,1.03,1.42,1.54,2.57,
Left Percent:
50000.00,16.61,20.40,17.66,15.43,16.86,16.69,16.86,16.86,17.01,19.59,11.17,9.50,8.28,7.62,6.81,6.12,5.63,5.01,4.58,4.11,3.84,3.44,3.13,2.83,2.56,2.36,2.25,2.38,2.68,3.06,3.66,3.97,3.65,3.44,3.17,2.95,2.59,2.64,2.69,2.72,2.74,2.78,2.95,3.05,3.15,3.26,3.35,3.51,2.94,2.04,1.47,1.41,1.60,1.18,0.97,0.98,0.95,0.81,0.70,0.90,1.01,0.82,
Right Percent:
50000.00,17.51,18.97,18.05,19.96,15.93,14.39,12.95,11.65,11.15,9.05,7.32,6.18,4.91,4.08,3.67,3.25,2.93,2.62,2.47,2.38,2.30,2.20,2.15,2.10,1.97,1.88,1.90,2.06,2.31,2.69,3.38,2.69,2.35,2.13,1.94,1.80,1.72,1.70,1.68,1.69,1.70,1.73,1.83,1.95,2.04,2.21,2.51,3.02,3.88,2.94,2.45,3.02,20.83,27.56,27.69,32.17,1.75,0.78,0.68,0.81,1.23,2.28,
Left Percent:
50000.00,8.22,5.62,6.31,6.70,6.25,5.73,5.67,5.54,5.22,4.29,3.56,3.45,3.13,3.02,2.98,2.94,2.94,3.01,3.12,3.31,3.47,3.58,3.52,3.12,2.61,2.20,1.84,1.54,1.32,1.14,1.01,0.92,0.85,0.80,0.76,0.75,0.69,0.68,0.66,0.66,0.67,0.68,0.69,0.70,0.72,0.73,0.75,0.79,0.85,0.89,0.91,0.83,0.88,1.08,1.26,0.88,0.72,0.67,0.63,0.69,0.77,0.75,
Right Percent:
50000.00,11.42,10.38,10.63,11.04,10.47,9.28,8.75,8.43,7.92,6.35,5.19,4.63,3.65,3.39,2.97,2.69,2.45,2.24,2.10,2.06,2.07,2.04,1.98,1.96,2.03,2.10,2.19,2.31,2.36,2.08,1.81,1.62,1.47,1.36,1.30,1.19,1.23,1.18,1.15,1.16,1.17,1.19,1.23,1.26,1.32,1.40,1.51,1.69,1.92,2.07,2.18,2.44,5.36,4.05,3.23,2.53,1.27,0.89,0.74,0.95,1.12,1.28,
Left Percent:
50000.00,8.02,5.58,6.24,6.54,6.16,5.69,5.60,5.46,5.16,4.40,3.83,3.70,3.35,3.25,3.20,3.16,3.14,3.21,3.30,3.52,3.70,3.77,3.47,3.14,2.80,2.46,2.16,1.84,1.60,1.40,1.26,1.15,1.07,1.00,0.95,0.91,0.88,0.87,0.84,0.84,0.85,0.86,0.87,0.89,0.91,0.93,0.95,0.99,1.04,1.08,1.08,0.96,1.06,1.14,1.26,0.93,0.77,0.71,0.67,0.73,0.82,0.80,
Right Percent:
50000.00,11.70,10.21,10.68,11.19,10.65,9.35,8.82,8.53,7.96,6.13,4.92,4.39,3.39,3.12,2.76,2.51,2.30,2.10,1.94,1.81,1.74,1.70,1.72,1.72,1.85,2.01,2.22,2.52,2.70,2.11,1.79,1.55,1.39,1.26,1.20,1.10,1.11,1.07,1.04,1.05,1.06,1.09,1.12,1.15,1.21,1.28,1.39,1.56,1.80,1.94,2.04,2.18,5.11,4.21,2.85,2.77,1.16,0.76,0.66,0.81,1.08,1.32,
Left Percent:
50000.00,8.13,5.91,6.70,7.11,6.57,6.07,6.04,5.97,5.53,4.41,3.67,3.56,3.22,3.12,3.09,3.08,3.09,3.18,3.30,3.60,3.83,3.84,3.41,3.00,2.65,2.32,2.02,1.71,1.46,1.26,1.12,1.03,0.94,0.88,0.84,0.81,0.77,0.76,0.74,0.74,0.74,0.75,0.76,0.78,0.80,0.81,0.84,0.88,0.94,0.99,1.01,0.91,0.99,1.09,1.26,0.92,0.74,0.68,0.64,0.70,0.80,0.80,
Right Percent:
50000.00,10.86,9.01,9.34,9.91,9.20,8.15,7.78,7.46,7.03,5.42,4.44,3.98,3.13,2.90,2.61,2.42,2.28,2.13,1.97,1.90,1.91,1.95,1.99,2.00,2.13,2.29,2.45,2.53,2.52,2.49,2.41,2.18,1.97,1.81,1.64,1.51,1.54,1.49,1.44,1.46,1.47,1.50,1.55,1.59,1.67,1.76,1.91,2.24,2.55,2.74,2.82,3.11,6.05,4.78,2.93,2.46,1.21,0.79,0.69,0.85,1.14,1.38,
Left Percent:
50000.00,654.52,1073.48,624.99,494.58,511.80,507.85,529.60,546.09,387.55,248.56,97.23,59.21,51.20,42.82,36.95,32.19,27.97,24.44,21.57,17.42,15.74,13.52,11.67,10.57,9.43,8.41,7.05,5.32,4.51,3.79,3.37,3.07,2.77,2.63,2.25,2.30,2.29,2.28,2.29,2.30,2.30,2.33,2.35,2.39,2.43,2.61,2.84,2.93,3.06,3.41,4.36,3.51,2.77,3.30,3.91,5.79,8.03,7.26,6.18,16.58,24.46,12.98,
Right Percent:
50000.00,646.08,1040.24,770.20,780.60,795.08,770.76,777.70,793.63,886.57,290.61,312.66,415.89,554.61,575.23,518.36,431.74,349.08,287.15,239.61,178.86,105.27,75.83,59.72,41.01,27.77,19.91,13.61,7.58,5.39,4.10,3.61,3.06,2.66,2.60,2.92,2.69,2.60,2.61,2.58,2.58,2.55,2.56,2.60,2.64,2.67,2.78,3.48,4.15,4.59,5.70,8.34,49.74,38.86,48.05,54.46,71.02,4.72,1.47,0.96,1.69,5.14,8.20,
Left Percent:
50000.00,21.76,16.30,14.14,13.58,13.73,13.74,13.84,14.62,14.50,12.62,8.86,7.35,6.63,6.11,5.62,5.22,4.88,4.62,4.39,4.16,3.92,3.53,3.27,3.05,2.88,2.71,2.49,2.30,2.13,1.93,1.78,1.69,1.62,1.58,1.42,1.57,1.53,1.57,1.59,1.61,1.63,1.67,1.76,1.72,1.73,1.68,1.66,1.58,1.50,1.47,1.34,1.20,1.19,1.13,1.16,1.34,1.54,1.65,1.55,2.32,2.26,1.54,
Right Percent:
50000.00,460.59,461.38,380.14,384.87,386.27,378.98,380.66,401.92,404.02,205.85,193.39,214.39,229.81,235.02,227.90,219.19,209.97,200.36,188.88,178.73,165.84,148.04,136.43,126.13,88.01,68.28,33.09,21.58,16.24,9.12,6.11,5.12,4.38,4.06,3.85,5.48,4.71,4.56,4.38,4.18,4.03,4.06,4.39,3.98,3.90,3.80,4.59,6.10,6.87,7.22,4.22,7.14,36.99,10.25,27.71,45.72,40.77,6.46,2.74,3.50,6.27,9.82,
Left Percent:
50000.00,654.99,1008.93,719.08,782.79,772.88,736.75,722.63,755.95,726.27,293.64,295.06,474.06,498.03,399.05,260.02,173.82,135.66,105.10,82.96,58.58,46.39,36.70,26.17,19.68,14.54,11.84,9.40,6.51,5.14,4.10,3.49,3.09,2.77,2.65,2.30,2.37,2.34,2.30,2.29,2.28,2.26,2.25,2.27,2.29,2.31,2.52,2.66,2.78,3.25,4.16,4.60,3.61,2.62,3.29,4.39,9.70,23.78,26.40,22.37,63.60,91.63,31.82,
Right Percent:
50000.00,657.94,326.62,433.96,549.97,484.68,421.28,367.44,321.34,262.24,84.70,119.15,240.65,245.14,190.27,203.23,230.88,266.57,295.10,346.78,470.57,748.59,912.92,740.41,654.50,521.68,442.57,377.09,265.06,185.10,136.35,96.94,82.23,63.73,45.42,75.89,81.52,74.98,59.53,40.47,36.36,29.52,23.87,21.60,18.43,16.10,24.35,83.10,79.42,66.31,30.04,8.98,10.52,35.08,11.10,10.05,9.03,4.85,2.42,1.59,2.21,3.50,4.05,
Left Percent:
50000.00,11.69,11.13,11.90,12.11,11.54,11.17,11.24,11.06,10.79,8.57,7.22,6.59,6.04,5.60,5.28,5.01,4.75,4.49,4.26,4.12,3.89,3.73,3.52,3.29,3.01,2.79,2.56,2.35,2.12,2.00,1.86,1.76,1.67,1.55,1.34,1.33,1.29,1.27,1.27,1.27,1.33,1.41,1.42,1.42,1.43,1.48,1.55,1.66,1.76,1.73,1.56,1.40,1.47,1.36,1.43,1.80,2.44,2.54,2.44,2.94,1.84,1.85,
Right Percent:
50000.00,160.12,136.17,141.07,141.30,134.13,129.08,127.22,124.15,121.01,83.64,76.54,76.18,73.23,69.77,66.99,64.24,61.39,58.36,55.61,53.76,50.83,48.70,45.88,43.07,40.83,38.76,36.60,34.92,20.35,17.04,12.49,9.73,7.92,6.41,7.47,6.39,6.17,6.22,5.96,5.95,6.25,7.97,7.12,6.65,6.53,7.83,11.06,19.10,23.42,15.34,5.81,10.67,18.09,17.52,16.36,17.74,18.54,19.81,19.80,28.95,17.50,17.80,
Left Percent:
50000.00,9.46,6.56,7.31,7.76,7.14,6.71,6.70,6.60,6.20,5.05,4.76,4.68,4.34,4.30,4.31,4.26,4.28,4.32,4.33,4.45,4.32,3.98,3.65,3.33,3.05,2.75,2.49,2.24,1.99,1.71,1.53,1.39,1.29,1.20,1.14,1.07,1.05,1.04,1.01,1.01,1.01,1.02,1.03,1.06,1.09,1.11,1.15,1.21,1.31,1.35,1.31,1.15,1.19,1.24,1.29,1.23,1.05,0.94,0.88,0.96,1.13,1.05,
Right Percent:
50000.00,12.40,10.37,11.07,10.96,9.71,10.01,9.17,8.84,8.25,6.35,5.15,4.64,3.58,3.27,2.91,2.60,2.43,2.25,2.12,2.12,2.12,2.06,2.04,2.06,2.21,2.40,2.54,2.60,2.60,2.55,2.28,1.98,1.80,1.65,1.57,1.47,1.49,1.43,1.39,1.41,1.43,1.46,1.49,1.53,1.62,1.71,1.85,2.08,2.41,2.54,2.66,2.99,6.60,4.64,3.36,2.55,1.16,0.79,0.70,0.84,1.08,1.33,
Left Percent:
50000.00,92.25,27.38,22.58,24.03,17.95,14.01,14.93,15.48,16.21,12.76,7.83,6.66,5.78,5.33,4.95,4.60,4.28,3.96,3.70,3.43,3.23,3.03,2.85,2.69,2.57,2.49,2.38,2.34,2.29,2.05,1.78,1.63,1.48,1.37,1.29,1.25,1.15,1.18,1.17,1.16,1.17,1.19,1.21,1.28,1.33,1.39,1.48,1.63,1.64,1.30,1.11,1.09,1.23,1.13,1.17,1.30,1.37,1.33,1.26,1.71,1.57,1.40,
Right Percent:
50000.00,1004.91,966.92,785.79,778.25,679.96,688.21,654.49,668.11,704.33,147.91,19.67,14.30,11.06,9.61,8.58,7.84,7.42,6.81,6.73,6.18,5.83,5.55,5.20,4.70,4.26,3.95,3.59,3.25,2.93,2.71,2.39,2.14,1.94,1.78,1.66,1.59,1.49,1.53,1.53,1.54,1.55,1.59,1.61,1.73,1.84,1.95,2.13,2.41,2.62,2.97,3.43,4.09,5.36,10.28,40.21,77.51,32.61,13.23,20.00,8.76,6.29,34.05,
Left Percent:
50000.00,11.16,9.12,9.45,9.26,9.11,9.14,9.20,9.37,9.41,7.59,6.54,6.35,5.90,5.59,5.29,5.11,4.94,4.76,4.58,4.36,4.07,3.70,3.48,3.28,3.06,2.84,2.60,2.32,2.14,1.93,1.73,1.58,1.38,1.31,1.20,1.16,1.14,1.18,1.16,1.17,1.18,1.27,1.32,1.34,1.36,1.38,1.43,1.54,1.69,1.79,1.66,1.50,1.70,1.61,1.79,2.44,3.29,3.42,3.31,4.14,3.83,2.64,
Right Percent:
50000.00,738.65,629.37,576.14,561.44,553.76,527.62,512.96,514.81,518.58,249.23,253.02,318.83,382.28,402.55,284.49,193.10,125.48,76.57,42.52,29.35,19.90,11.29,9.40,7.71,6.46,5.74,5.08,4.17,3.91,3.64,3.18,2.96,2.79,2.85,3.52,3.29,3.25,3.29,3.13,3.09,3.00,2.89,3.02,2.99,2.97,3.00,3.04,3.22,3.40,3.15,2.85,3.47,8.60,12.66,29.04,96.03,78.02,21.92,6.12,95.28,12.35,16.20,
Left Percent:
50000.00,1045.39,1054.57,850.26,882.62,862.46,828.59,820.16,834.61,870.28,292.75,316.61,473.82,619.70,658.85,648.01,648.45,416.71,343.19,285.99,265.16,222.71,184.53,170.47,140.21,120.33,101.76,76.23,66.60,54.56,44.92,39.66,35.89,30.82,20.77,6.55,9.68,9.71,9.50,9.47,9.64,9.40,10.22,10.57,11.53,12.81,15.06,30.88,41.17,41.48,36.90,30.06,100.27,290.40,320.06,231.99,149.12,84.91,69.13,29.04,730.47,2983.81,2040.92,
Right Percent:
50000.00,1052.72,1088.45,883.00,911.39,889.29,855.56,846.26,859.76,896.05,300.49,195.43,216.86,97.26,61.91,46.58,39.66,21.37,17.30,14.77,13.19,11.36,9.73,8.77,7.36,6.37,5.47,4.45,4.05,3.45,2.97,2.71,2.52,2.26,2.16,2.19,2.06,2.02,2.01,2.00,1.98,1.97,1.98,2.01,2.05,2.09,2.15,2.30,2.67,2.87,3.07,3.33,6.03,45.53,115.63,235.67,152.85,86.86,77.67,84.18,821.10,3090.82,2087.75,
Left Percent:
50000.00,8.68,6.20,6.86,7.31,6.72,6.34,6.26,6.09,5.75,4.78,4.31,4.23,3.86,3.76,3.71,3.65,3.66,3.69,3.70,3.80,3.91,4.04,3.69,3.29,2.91,2.59,2.31,2.05,1.85,1.67,1.52,1.43,1.33,1.28,1.22,1.19,1.15,1.13,1.12,1.11,1.10,1.12,1.14,1.15,1.16,1.19,1.21,1.24,1.27,1.26,1.21,1.08,1.18,1.21,1.40,1.07,0.90,0.81,0.77,0.84,0.97,0.92,
Right Percent:
50000.00,25.49,21.52,21.53,22.43,19.36,16.69,15.85,14.78,13.54,9.82,7.20,6.05,4.51,3.94,3.44,3.07,2.86,2.72,2.72,2.91,2.87,2.94,3.00,3.03,3.07,3.08,3.09,3.09,2.62,2.14,1.83,1.63,1.46,1.36,1.25,1.21,1.22,1.17,1.13,1.14,1.15,1.17,1.21,1.24,1.28,1.36,1.44,1.60,1.82,1.97,2.09,2.27,4.90,6.30,5.00,3.07,1.69,1.15,0.95,1.45,1.48,1.55,
Left Percent:
50000.00,10.90,7.77,8.80,8.90,8.21,7.70,7.46,7.33,6.82,5.70,5.52,5.84,5.20,5.00,4.92,4.88,4.87,4.99,5.20,5.39,5.05,4.62,4.07,3.48,2.97,2.59,2.20,1.88,1.66,1.45,1.32,1.22,1.14,1.08,1.03,0.96,0.97,0.96,0.93,0.94,0.94,0.95,0.97,0.99,1.01,1.03,1.06,1.11,1.16,1.18,1.17,1.07,1.08,1.26,1.59,1.26,0.98,0.88,0.82,0.92,1.13,1.12,
Right Percent:
50000.00,25.16,20.02,21.15,21.41,18.24,16.19,15.43,15.32,14.29,10.54,7.21,5.78,5.02,4.21,3.70,3.29,2.94,2.64,2.37,2.19,2.03,1.94,1.86,1.79,1.80,1.80,1.84,1.87,1.85,1.80,1.73,1.64,1.56,1.49,1.44,1.44,1.41,1.39,1.37,1.38,1.39,1.41,1.44,1.50,1.54,1.61,1.71,1.81,1.89,1.93,2.00,2.39,3.99,3.19,3.19,2.89,1.13,0.71,0.60,0.76,1.29,1.57,
