Left Percent:
50000.00,3.81,3.21,3.38,3.60,3.60,3.61,3.33,3.26,3.19,2.81,2.67,2.68,2.59,2.52,2.41,2.30,2.22,2.16,2.11,2.07,2.06,2.05,2.02,1.99,2.00,2.02,2.02,2.02,1.99,1.88,1.69,1.53,1.41,1.34,1.27,1.22,1.16,1.15,1.14,1.12,1.13,1.14,1.15,1.16,1.18,1.19,1.21,1.24,1.29,1.32,1.30,1.17,1.18,1.03,0.88,0.78,0.71,0.66,0.61,0.64,0.68,0.63,
Right Percent:
50000.00,7.79,7.14,7.93,7.51,6.99,6.76,6.06,5.75,5.53,4.54,3.59,3.34,2.89,2.52,2.28,2.10,1.95,1.79,1.66,1.56,1.55,1.61,1.63,1.65,1.73,1.85,1.97,2.15,2.31,2.41,2.09,1.91,1.72,1.62,1.50,1.42,1.42,1.35,1.33,1.32,1.32,1.35,1.39,1.43,1.49,1.57,1.68,1.88,2.13,2.28,2.40,2.63,4.23,2.77,2.14,1.83,1.12,0.89,0.81,0.94,1.02,1.04,
Left Percent:
50000.00,50.14,27.34,25.70,27.31,18.91,17.67,19.08,18.42,16.77,13.93,10.65,9.76,8.68,7.84,7.27,6.86,6.46,6.21,5.92,5.75,5.30,4.85,4.39,3.98,3.64,3.31,3.01,2.66,2.26,2.06,1.89,1.73,1.64,1.56,1.41,1.48,1.42,1.44,1.44,1.44,1.46,1.52,1.54,1.55,1.58,1.68,1.75,1.77,1.82,1.92,1.84,1.70,1.73,1.79,1.63,1.55,1.68,1.88,1.82,2.35,1.78,1.51,
Right Percent:
50000.00,796.23,744.26,648.34,626.42,55.89,36.74,42.98,47.57,55.87,18.99,10.39,9.18,7.99,7.32,6.69,6.18,5.68,5.38,4.82,4.54,4.09,3.77,3.46,3.25,3.04,2.88,2.77,2.71,2.70,2.54,2.35,2.20,2.12,2.03,2.18,2.00,1.97,1.96,1.96,1.95,1.99,1.99,2.06,2.09,2.14,2.18,2.26,2.33,2.41,2.26,2.36,2.39,2.88,3.06,4.02,17.66,65.94,60.64,64.44,275.36,9.87,61.32,
Left Percent:
50000.00,904.22,1094.12,837.17,866.65,853.38,812.18,798.15,831.36,860.51,290.01,311.59,413.97,523.08,596.17,503.62,402.63,352.42,267.02,243.05,225.07,206.11,190.08,170.50,155.63,142.40,128.62,114.11,99.45,85.98,77.37,68.50,63.32,59.02,55.50,48.83,9.23,14.05,14.98,15.68,17.27,17.13,18.00,28.47,50.09,58.57,62.39,67.33,79.91,109.86,75.06,48.23,288.69,125.89,304.92,212.87,137.71,82.48,71.77,52.25,330.32,1343.93,1650.54,
Right Percent:
50000.00,895.67,1084.24,832.50,739.92,440.00,310.29,267.60,236.25,235.65,82.37,25.23,18.68,15.15,12.54,11.06,10.03,9.22,7.77,7.24,6.78,6.18,5.76,5.34,5.09,4.79,4.51,4.26,4.06,3.53,3.13,2.75,2.55,2.38,2.21,2.04,1.96,1.93,1.95,1.96,1.98,1.98,2.01,2.11,2.27,2.36,2.50,2.64,2.92,3.36,3.72,4.08,5.98,89.84,303.54,211.92,137.50,82.25,66.30,79.51,19.12,872.74,1629.81,
Left Percent:
50000.00,21.48,16.26,17.53,17.65,16.74,17.34,17.47,16.36,14.97,11.81,8.97,8.79,7.48,6.75,6.52,5.98,5.61,5.32,5.06,4.80,4.57,4.30,4.04,3.78,3.52,3.30,2.96,2.53,2.29,2.06,1.87,1.71,1.62,1.53,1.40,1.40,1.37,1.35,1.35,1.36,1.40,1.40,1.44,1.46,1.47,1.52,1.56,1.69,1.91,1.81,1.57,1.45,1.57,1.47,1.41,1.48,1.73,1.82,1.72,2.11,1.67,1.39,
Right Percent:
50000.00,350.21,290.56,288.87,286.67,270.81,261.91,258.01,252.81,245.05,148.68,131.24,136.02,114.04,82.02,60.38,34.10,23.92,18.67,15.02,12.02,9.85,8.07,6.56,5.30,4.21,3.86,3.44,3.09,3.04,3.00,2.70,2.22,2.03,1.85,1.63,1.66,1.60,1.59,1.59,1.60,1.68,1.69,1.76,1.83,1.86,2.03,2.20,2.67,3.16,2.97,2.77,3.76,7.76,11.63,25.32,31.50,21.54,3.84,2.12,3.80,4.36,8.09,
Left Percent:
50000.00,769.53,1077.96,788.52,794.21,803.94,781.77,765.08,785.33,821.05,278.26,356.76,475.80,757.63,1171.19,1465.94,1997.29,2462.79,2960.16,2928.16,2289.45,2529.38,2090.15,1745.13,1611.65,1716.92,1730.61,2030.05,1872.17,555.91,156.72,87.60,43.58,25.40,20.53,9.31,10.90,11.61,10.98,11.03,11.05,10.55,11.12,11.43,12.14,12.74,17.55,19.89,30.83,65.53,91.29,52.47,172.64,26.20,55.88,64.23,84.45,49.69,30.14,18.04,89.87,89.60,70.67,
Right Percent:
50000.00,762.39,1075.98,786.47,791.22,800.65,778.28,761.97,781.81,817.06,276.96,355.86,473.94,753.66,724.37,572.49,561.92,483.72,422.21,371.01,344.67,307.94,256.43,207.20,128.16,61.25,41.23,26.97,16.84,9.29,7.04,5.43,4.89,4.52,3.97,4.24,3.76,3.60,3.59,3.47,3.43,3.34,3.36,3.46,3.54,3.70,4.28,5.45,6.31,7.71,10.65,11.96,62.04,387.16,318.04,207.68,150.42,84.88,18.24,4.95,19.73,110.23,1360.65,
Left Percent:
50000.00,852.17,885.13,694.55,679.61,650.33,628.87,622.01,629.15,637.73,261.27,254.00,295.45,333.51,345.94,340.31,338.50,311.00,305.07,276.34,265.42,237.12,226.17,202.66,192.53,119.92,24.29,10.56,6.44,4.99,3.86,3.16,2.70,1.89,1.74,1.64,1.36,1.38,1.38,1.39,1.43,1.44,1.45,1.47,1.58,1.66,1.76,1.92,2.20,3.72,6.30,5.18,4.06,3.96,2.60,2.18,2.88,5.82,6.07,4.36,5.68,3.85,1.88,
Right Percent:
50000.00,70.23,37.50,29.52,25.55,22.64,21.77,21.20,20.62,20.20,14.51,9.19,8.48,7.75,7.23,6.84,6.63,6.22,6.03,5.63,5.47,5.05,4.92,4.56,4.39,4.14,3.89,3.73,3.70,3.54,2.99,2.61,2.36,2.17,2.01,1.86,1.79,1.77,1.77,1.78,1.80,1.82,1.83,1.88,1.99,2.07,2.18,2.34,2.62,3.28,3.07,3.27,3.49,4.90,12.38,89.18,115.90,72.52,57.85,78.94,37.19,33.70,243.66,
Left Percent:
50000.00,33.89,25.30,26.05,24.07,22.83,20.97,19.88,18.40,17.35,14.55,11.62,11.30,9.78,8.86,8.42,7.94,7.55,7.21,6.89,6.54,6.34,6.00,5.47,4.99,4.53,4.15,3.67,3.29,2.98,2.64,2.27,2.06,1.93,1.83,1.65,1.68,1.65,1.63,1.63,1.65,1.66,1.65,1.69,1.69,1.71,1.79,1.85,1.91,2.09,2.28,2.15,1.83,1.70,1.89,1.84,1.92,2.43,3.10,3.10,5.31,3.46,2.24,
Right Percent:
50000.00,488.30,462.11,420.23,410.07,403.34,397.68,393.54,392.61,392.92,206.12,195.26,214.32,217.77,210.98,203.99,194.60,185.11,176.46,168.19,158.34,148.77,132.70,121.81,113.36,105.33,98.41,89.87,82.17,76.51,69.14,60.65,50.11,39.47,30.31,39.14,30.08,20.69,17.11,18.11,17.62,16.39,13.43,16.79,15.69,14.62,30.13,46.83,48.63,48.11,42.55,22.42,33.01,39.81,40.57,41.35,49.71,54.47,54.36,25.21,106.60,122.98,74.73,
Left Percent:
50000.00,727.88,1038.16,807.25,828.20,827.04,793.56,768.80,786.61,827.49,283.76,119.14,36.23,20.63,15.94,12.57,10.08,8.43,7.53,6.23,5.17,3.97,3.54,3.29,3.24,3.19,3.31,3.51,3.21,2.39,1.95,1.66,1.47,1.32,1.18,1.07,1.01,0.99,0.93,0.94,0.95,0.94,0.95,0.96,0.98,0.99,1.01,1.05,1.14,1.35,1.62,1.84,1.69,1.60,1.21,1.00,0.99,1.06,0.97,0.85,1.15,1.27,0.92,
Right Percent:
50000.00,721.88,1040.10,623.96,284.00,239.37,170.44,138.63,124.68,116.74,49.26,16.96,14.12,12.94,13.29,12.78,12.26,11.63,11.56,10.07,8.99,7.76,7.03,6.30,5.78,5.34,4.80,3.74,2.97,2.40,2.01,1.73,1.55,1.41,1.28,1.16,1.10,1.05,1.04,1.04,1.07,1.06,1.08,1.10,1.13,1.16,1.20,1.27,1.38,1.61,1.89,2.46,2.88,12.85,11.86,27.27,26.49,6.66,6.62,5.38,4.39,4.69,5.71,
Left Percent:
50000.00,274.35,301.67,331.81,389.82,442.52,572.35,517.55,557.16,580.68,509.53,344.82,6.81,5.83,5.33,5.00,4.76,4.48,4.22,4.00,3.75,3.51,3.29,2.99,2.75,2.54,2.34,2.13,1.93,1.77,1.61,1.48,1.37,1.29,1.22,1.17,1.09,1.12,1.07,1.09,1.09,1.10,1.11,1.12,1.13,1.17,1.21,1.26,1.34,1.38,1.33,1.24,1.19,1.31,1.36,1.47,1.62,1.39,1.43,1.41,1.78,1.40,1.37,
Right Percent:
50000.00,298.20,24.48,27.70,31.58,27.16,8.61,10.45,12.33,13.45,8.47,5.12,9.70,8.95,8.27,7.87,7.80,7.50,6.82,6.49,5.80,5.29,4.89,4.33,3.86,3.50,3.16,2.80,2.52,2.28,2.05,1.91,1.77,1.66,1.56,1.50,1.43,1.44,1.38,1.39,1.39,1.41,1.42,1.45,1.48,1.54,1.61,1.69,1.82,1.98,2.14,2.33,2.59,4.27,5.01,4.64,8.76,9.49,9.39,16.22,8.25,4.26,8.58,
Left Percent:
50000.00,1047.65,1113.64,854.40,845.34,858.10,827.40,838.49,60.76,47.07,22.01,14.28,13.51,11.33,10.11,9.46,9.08,8.91,8.71,7.65,6.47,5.73,4.96,4.20,3.61,3.08,2.67,2.31,2.01,1.76,1.52,1.36,1.24,1.13,1.04,0.97,0.93,0.88,0.87,0.86,0.86,0.86,0.87,0.88,0.89,0.91,0.93,0.99,1.08,1.24,1.31,1.36,1.28,1.43,1.75,1.69,1.22,1.16,1.25,1.22,1.63,1.51,1.20,
Right Percent:
50000.00,1058.24,1140.83,885.57,815.46,590.90,428.04,324.80,118.43,95.94,37.75,12.75,11.54,10.14,9.49,9.24,9.30,9.53,9.56,8.52,7.40,6.75,6.13,5.51,4.85,4.28,3.81,3.40,3.02,2.71,2.40,2.21,2.05,1.91,1.77,1.64,1.57,1.50,1.48,1.49,1.50,1.50,1.52,1.55,1.59,1.64,1.69,1.80,1.95,2.18,2.42,2.77,3.03,5.50,8.61,7.63,16.92,8.00,4.94,6.08,8.14,5.49,11.90,
Left Percent:
50000.00,1038.06,1073.04,854.52,856.30,854.88,818.05,809.15,826.91,861.58,284.32,323.21,500.68,747.70,1087.52,1507.19,2062.90,2605.29,2885.30,2100.29,1690.74,590.80,273.99,152.45,71.31,43.94,25.96,13.61,9.25,6.85,4.91,3.96,3.40,3.13,2.84,2.29,2.77,2.77,2.90,2.96,3.11,3.20,3.29,3.35,3.30,3.39,3.28,3.28,3.45,4.44,6.03,9.78,8.04,4.90,6.34,7.17,8.99,8.74,6.53,4.88,18.02,43.07,14.94,
Right Percent:
50000.00,1029.74,1078.38,859.68,859.94,858.35,821.59,812.62,830.01,864.83,285.08,324.87,502.71,750.65,668.78,325.94,217.03,56.54,31.70,22.26,16.75,13.22,10.67,9.13,7.46,6.34,5.43,4.75,4.36,4.00,3.71,3.51,3.41,3.37,3.17,2.58,2.76,2.75,2.74,2.73,2.74,2.75,2.78,2.85,3.21,3.44,3.34,3.36,3.38,3.59,3.92,4.47,10.63,304.51,302.85,216.79,140.89,85.26,74.73,80.97,318.49,4999.38,1354.87,
Left Percent:
50000.00,31.47,18.60,19.29,21.53,18.12,17.57,17.47,16.70,15.52,11.54,8.32,7.74,6.63,6.09,5.68,5.35,5.11,4.93,4.76,4.64,4.59,4.57,4.47,4.12,3.86,3.43,3.00,2.63,2.31,2.05,1.87,1.73,1.58,1.48,1.42,1.40,1.34,1.31,1.32,1.32,1.33,1.34,1.35,1.37,1.40,1.42,1.45,1.50,1.60,1.64,1.57,1.42,1.50,1.53,1.49,1.23,1.17,1.15,1.06,1.29,1.22,1.06,
Right Percent:
50000.00,144.09,65.32,71.58,90.17,56.12,46.42,41.17,34.94,28.99,16.37,11.70,9.33,7.01,5.30,4.55,3.91,3.37,3.02,2.61,2.41,2.20,2.13,2.06,2.18,2.65,3.01,3.55,3.88,2.94,2.38,2.06,1.83,1.61,1.43,1.35,1.25,1.30,1.23,1.25,1.25,1.28,1.30,1.33,1.37,1.42,1.47,1.60,1.81,2.14,2.39,2.57,3.17,9.20,5.00,9.67,5.40,1.44,0.92,0.76,0.95,1.29,1.82,
Left Percent:
50000.00,572.29,51.37,59.05,51.59,49.41,51.47,49.55,39.46,36.32,18.52,13.99,13.37,11.47,10.54,9.79,9.27,8.85,8.55,9.12,8.99,8.04,6.98,5.92,5.07,4.41,3.80,3.23,2.87,2.52,2.16,1.76,1.55,1.42,1.42,1.22,1.18,1.14,1.13,1.12,1.15,1.21,1.22,1.23,1.24,1.39,1.44,1.51,1.63,1.84,2.01,2.03,1.70,1.92,1.83,2.01,1.45,1.46,1.69,1.68,2.03,1.75,1.43,
Right Percent:
50000.00,1013.77,1074.50,835.22,856.30,867.10,824.06,806.25,836.30,860.60,289.51,290.46,352.28,260.11,100.61,72.32,52.33,38.87,30.17,16.95,14.03,12.02,9.99,8.33,7.01,6.04,5.12,4.12,3.51,3.12,2.81,2.66,2.54,2.54,2.33,2.75,2.66,2.64,2.62,2.60,2.62,2.55,2.52,2.54,2.55,2.54,2.57,2.56,2.63,2.63,2.67,2.73,3.00,5.61,8.23,15.76,63.38,78.95,71.45,74.20,115.66,72.58,49.46,
Left Percent:
50000.00,731.69,1056.22,793.68,797.16,811.56,787.33,764.98,771.08,825.72,302.10,334.32,471.12,766.34,1034.33,1484.49,2019.93,2797.71,2063.51,1130.81,573.74,370.81,259.91,149.46,112.30,71.64,49.82,32.90,17.32,12.31,8.19,6.59,5.73,5.06,4.82,4.38,4.53,4.53,4.54,4.54,4.52,4.50,4.52,4.57,4.64,4.68,4.99,4.95,5.00,6.13,9.37,12.07,8.57,4.19,5.99,7.76,14.33,27.34,25.25,20.43,47.64,8.65,14.87,
Right Percent:
50000.00,725.72,1056.90,793.21,795.66,809.60,785.28,762.92,769.04,823.16,294.39,300.88,463.07,711.34,767.91,773.50,859.07,624.53,531.49,467.78,558.00,499.80,336.27,206.23,107.93,79.74,58.86,45.32,27.07,18.43,13.82,10.43,8.71,6.60,6.30,7.87,6.30,5.51,5.33,5.09,4.81,4.62,4.49,4.44,4.44,4.49,5.02,7.63,9.71,11.15,11.81,10.30,14.65,91.91,52.36,189.78,145.86,83.94,74.59,81.02,698.95,9.93,871.62,
Left Percent:
50000.00,69.76,23.53,20.96,19.40,18.61,18.67,18.51,17.69,16.93,13.28,8.48,7.50,6.49,5.82,5.53,5.18,4.90,4.66,4.42,4.30,4.16,4.03,4.00,4.08,4.13,3.71,3.24,2.77,2.47,2.19,1.84,1.53,1.40,1.34,1.26,1.12,1.17,1.13,1.12,1.12,1.14,1.19,1.24,1.27,1.30,1.35,1.41,1.54,1.75,1.83,1.69,1.53,1.53,1.55,1.32,1.05,1.04,1.06,0.99,1.32,1.22,0.97,
Right Percent:
50000.00,725.12,697.07,569.28,557.90,548.30,542.87,534.86,531.62,526.67,257.01,210.21,228.88,156.76,75.78,39.06,25.72,18.39,14.13,10.50,9.11,7.33,6.09,4.46,3.82,3.49,3.47,3.44,3.84,4.02,3.29,2.61,2.15,1.93,1.78,1.65,1.51,1.52,1.49,1.47,1.47,1.51,1.58,1.68,1.75,1.83,1.97,2.19,2.55,3.13,3.96,3.64,4.58,19.86,32.42,34.69,36.71,10.39,1.95,1.30,1.79,4.33,13.77,
Left Percent:
50000.00,44.95,28.67,28.95,28.48,26.77,24.89,22.91,21.79,19.51,16.16,14.14,13.94,11.99,11.16,10.42,9.84,9.38,9.02,8.88,8.68,8.61,8.67,7.59,6.55,5.74,4.83,3.91,3.23,2.67,2.27,1.97,1.75,1.60,1.48,1.38,1.20,1.27,1.23,1.24,1.25,1.26,1.30,1.32,1.34,1.33,1.42,1.54,1.76,2.23,2.63,2.75,2.64,3.09,2.88,2.33,2.18,2.45,2.87,2.83,3.88,3.03,2.51,
Right Percent:
50000.00,748.11,618.30,538.40,542.72,546.47,527.25,514.80,516.07,449.64,198.24,39.89,26.12,17.42,12.62,10.12,8.39,7.20,6.31,5.75,5.34,5.02,4.75,4.62,4.61,4.61,4.85,4.84,4.81,3.99,3.20,2.69,2.33,2.06,1.84,1.68,1.42,1.50,1.48,1.51,1.54,1.58,1.65,1.72,1.76,1.78,1.96,2.19,2.55,3.38,4.30,4.14,5.08,7.33,18.34,37.77,53.23,38.16,4.67,2.44,7.33,4.71,48.03,
Left Percent:
50000.00,608.89,157.28,84.87,68.69,77.56,79.29,82.25,81.25,81.42,35.30,15.50,12.93,11.61,10.14,9.19,8.54,8.03,7.50,7.02,6.48,5.87,5.41,4.96,4.61,4.31,4.05,3.78,3.52,3.36,3.09,2.69,2.32,2.13,1.96,1.97,1.69,1.69,1.68,1.67,1.68,1.71,1.74,1.74,1.81,1.92,2.01,2.14,2.38,2.48,2.07,1.83,1.69,1.85,1.63,1.63,2.03,2.77,3.21,2.99,4.86,5.25,3.01,
Right Percent:
50000.00,813.84,1097.78,801.30,797.67,809.31,772.53,785.85,805.73,844.44,270.62,306.82,393.88,443.73,438.70,428.47,416.91,357.77,294.49,220.37,158.34,60.00,32.69,22.27,13.70,9.59,7.03,5.26,4.14,3.75,3.95,3.91,3.67,3.14,2.53,2.12,1.91,1.95,1.98,2.00,2.04,2.12,2.18,2.22,2.48,3.00,3.60,3.88,4.14,3.85,3.95,5.02,22.70,59.99,61.34,63.95,72.26,5.71,1.64,1.08,2.01,24.38,19.31,
Left Percent:
50000.00,44.38,27.98,28.39,26.26,24.40,23.48,22.73,21.31,20.33,16.40,12.58,11.67,10.36,9.26,8.62,8.17,7.77,7.33,6.83,6.35,6.19,5.95,5.72,5.48,5.03,4.45,4.05,3.60,3.26,2.77,2.43,2.26,2.11,2.00,1.72,1.78,1.73,1.72,1.71,1.71,1.71,1.74,1.75,1.76,1.88,1.94,2.01,2.12,2.35,2.43,2.10,2.00,1.89,1.98,1.81,1.77,1.77,1.86,1.79,2.62,2.16,1.71,
Right Percent:
50000.00,615.20,597.08,507.19,492.13,482.95,471.45,471.10,471.51,475.81,203.08,183.38,227.16,209.44,173.75,150.22,120.20,78.41,62.27,34.14,22.91,21.84,17.20,13.24,10.04,7.89,6.18,5.20,4.27,3.66,2.99,2.42,2.30,2.12,2.04,2.27,2.10,2.01,1.98,1.97,1.95,1.95,1.96,1.99,1.97,2.03,2.11,2.14,2.32,2.79,2.83,2.45,2.79,5.29,4.93,8.82,40.09,45.69,45.98,47.72,113.91,92.12,63.24,
Left Percent:
50000.00,688.24,1120.74,794.31,797.83,826.22,796.79,793.64,810.90,851.84,295.18,330.18,489.81,715.12,1010.06,1269.57,1267.22,917.63,735.58,602.29,510.60,468.18,413.53,363.14,302.88,257.01,211.65,160.47,134.58,112.59,93.26,81.26,73.13,63.99,60.68,52.78,53.26,54.00,54.48,54.86,55.40,55.32,56.33,57.88,59.62,61.96,65.85,79.24,99.93,158.26,91.89,51.19,452.89,254.56,310.00,213.60,144.10,74.37,35.92,25.31,89.56,115.14,160.75,
Right Percent:
50000.00,686.11,1124.62,794.81,797.71,825.39,793.76,787.49,754.73,385.42,123.13,44.80,40.84,30.74,22.53,19.24,17.05,15.18,13.47,11.67,10.39,9.15,8.38,7.44,6.67,5.94,5.00,4.10,3.58,3.15,2.81,2.64,2.42,2.17,2.08,2.05,2.02,1.98,1.99,1.98,1.99,1.99,2.00,2.04,2.08,2.14,2.21,2.51,2.67,2.82,3.15,3.90,8.54,218.14,310.46,212.77,143.46,80.03,72.43,80.06,403.91,1132.15,1999.58,
Left Percent:
50000.00,884.83,1072.02,830.16,804.81,848.08,821.35,790.25,810.78,840.97,296.31,345.55,480.39,713.78,863.50,1096.93,1340.79,1439.41,1412.15,1283.88,1063.92,796.36,494.88,314.51,210.35,105.28,56.82,31.46,15.11,9.82,6.63,5.49,4.86,4.89,5.47,3.72,4.95,4.60,4.48,4.37,4.15,4.08,3.87,3.90,4.06,5.11,5.92,7.58,4.73,4.79,5.94,8.33,4.79,3.03,3.32,3.18,3.43,2.93,2.17,1.70,3.45,4.75,2.86,
Right Percent:
50000.00,889.23,1119.45,870.01,837.90,881.77,854.54,822.00,841.31,841.83,141.63,92.81,108.08,68.17,47.43,38.79,39.05,33.56,28.96,24.35,19.39,14.16,12.64,11.11,8.89,7.76,6.64,5.58,4.59,3.57,3.13,2.90,2.83,2.61,2.46,2.94,2.50,2.45,2.41,2.40,2.39,2.38,2.41,2.44,2.45,2.48,2.61,2.75,2.77,3.06,3.66,4.43,7.24,35.39,41.33,116.08,123.82,76.68,67.89,71.57,367.06,203.64,236.36,
Left Percent:
50000.00,943.14,1088.47,848.21,879.44,865.73,836.13,818.49,850.08,877.51,290.53,319.91,362.26,74.55,27.19,20.20,16.37,14.12,12.66,11.90,11.14,9.50,6.97,5.32,4.42,3.76,3.19,2.68,2.29,1.93,1.65,1.46,1.31,1.20,1.13,1.05,0.90,0.92,0.92,0.94,0.94,0.95,0.98,0.99,0.99,1.01,1.07,1.13,1.20,1.35,1.42,1.48,1.27,1.26,1.58,1.69,1.55,1.91,2.45,2.38,4.17,1.65,1.43,
Right Percent:
50000.00,984.42,1143.34,887.08,513.06,270.56,222.26,193.47,146.41,134.25,43.36,13.97,12.00,10.40,9.40,8.50,7.71,7.20,6.72,6.31,5.86,5.53,5.41,5.26,5.19,4.79,4.22,3.71,3.33,2.96,2.66,2.40,2.19,2.01,1.87,1.75,1.61,1.59,1.58,1.63,1.65,1.67,1.72,1.76,1.78,1.82,1.95,2.09,2.28,2.59,2.86,3.23,3.47,5.66,5.38,8.54,52.73,30.84,19.01,41.19,9.08,7.61,57.12,
Left Percent:
50000.00,922.35,1102.23,823.71,872.13,864.91,831.66,835.13,851.50,882.46,300.66,75.40,27.78,21.16,15.28,12.80,11.16,8.41,7.27,6.63,6.06,5.38,5.03,4.69,4.35,4.03,3.79,3.61,3.40,3.40,3.07,2.82,2.69,2.60,2.54,2.06,2.26,2.20,2.20,2.21,2.24,2.27,2.28,2.34,2.39,2.43,2.53,2.73,2.52,2.43,1.92,1.65,1.54,1.88,1.50,1.37,1.27,1.27,1.25,1.14,1.78,1.87,1.31,
Right Percent:
50000.00,876.43,1052.26,797.01,842.43,835.31,803.73,805.95,821.21,850.52,291.98,326.81,466.13,381.43,230.08,160.13,103.20,42.13,24.76,20.48,16.19,11.08,8.63,7.07,5.79,4.84,4.09,3.42,3.03,2.97,2.87,2.54,2.39,2.31,2.26,1.88,2.45,2.33,2.30,2.27,2.25,2.22,2.24,2.25,2.28,2.29,2.27,2.35,2.47,2.62,2.53,2.67,3.39,8.90,13.76,42.57,70.87,57.62,54.25,57.03,138.03,57.26,78.36,
Left Percent:
50000.00,17.65,15.56,15.74,15.63,16.63,16.09,15.15,14.55,13.98,10.49,8.31,8.17,7.21,6.67,6.37,6.11,5.84,5.58,5.26,5.09,4.82,4.51,4.18,3.89,3.64,3.37,3.11,2.81,2.58,2.40,2.21,2.07,1.95,1.77,1.77,1.66,1.63,1.61,1.60,1.60,1.71,1.84,1.84,1.84,1.88,1.94,1.96,2.00,2.02,1.97,1.79,1.63,1.78,1.70,1.84,2.42,2.54,2.28,2.19,2.62,2.11,2.45,
Right Percent:
50000.00,644.15,533.23,507.97,489.66,478.75,459.50,442.28,430.72,423.06,62.64,18.85,20.39,14.08,11.81,10.78,9.90,9.18,8.32,7.40,6.98,6.18,5.46,4.83,4.29,3.93,3.64,3.25,2.87,2.62,2.47,2.34,2.24,2.15,2.19,2.33,2.21,2.23,2.23,2.24,2.25,2.16,2.15,2.15,2.23,2.28,2.28,2.27,2.27,2.32,2.35,2.38,2.72,3.94,4.13,5.20,22.87,59.58,55.22,55.99,117.64,8.14,26.11,
Left Percent:
50000.00,30.18,20.38,19.00,18.99,15.83,13.73,13.94,14.01,14.08,12.12,8.40,7.50,6.69,6.23,5.81,5.47,5.13,4.85,4.53,4.36,4.04,3.70,3.41,3.13,2.92,2.70,2.47,2.21,2.10,2.03,1.99,1.93,1.77,1.68,1.59,1.48,1.46,1.45,1.47,1.48,1.48,1.51,1.57,1.60,1.64,1.70,1.85,1.76,1.58,1.48,1.43,1.39,1.47,1.46,1.47,1.55,1.57,1.54,1.45,1.76,1.59,1.47,
Right Percent:
50000.00,869.31,836.15,703.21,693.71,628.06,537.22,553.77,570.64,619.52,64.19,14.04,10.84,8.83,7.80,6.91,6.23,5.61,5.18,4.79,4.58,4.17,3.79,3.53,3.33,3.24,3.15,3.18,3.17,2.99,2.84,2.73,2.50,2.30,2.13,2.02,1.85,1.80,1.80,1.85,1.87,1.88,1.94,2.03,2.09,2.18,2.31,2.57,2.63,2.72,2.72,2.72,2.72,3.88,5.96,13.96,49.39,32.27,22.35,45.78,12.65,4.30,19.49,
Left Percent:
50000.00,33.84,23.54,20.79,19.60,19.56,20.00,20.02,20.20,20.12,15.90,9.52,8.47,7.79,7.10,6.68,6.37,6.01,5.70,5.41,4.94,4.64,4.36,4.07,3.78,3.53,3.28,3.06,2.78,2.41,2.15,1.96,1.80,1.68,1.60,1.52,1.52,1.45,1.45,1.45,1.47,1.50,1.51,1.54,1.59,1.63,1.65,1.68,1.74,1.88,1.77,1.64,1.57,1.60,1.53,1.56,1.79,2.26,2.41,2.28,3.39,3.29,2.34,
Right Percent:
50000.00,730.47,860.44,671.30,674.13,674.96,665.99,658.38,670.78,682.44,255.96,266.65,269.46,143.40,69.91,43.65,32.53,21.64,17.10,13.14,9.77,7.53,6.21,5.39,4.49,3.94,3.62,3.46,3.51,3.35,3.13,3.01,2.63,2.23,1.95,1.74,1.54,1.53,1.54,1.56,1.59,1.66,1.68,1.74,1.93,2.10,2.39,2.76,2.94,3.11,3.26,3.17,4.81,73.07,78.91,77.91,73.32,63.37,53.89,7.88,27.24,12.08,142.49,
Left Percent:
50000.00,1074.97,45.63,37.95,45.52,30.31,18.42,19.28,20.46,22.73,13.89,8.43,7.78,6.88,6.13,5.61,5.25,4.83,4.53,4.37,4.16,3.99,3.95,3.95,3.81,3.54,3.29,2.96,2.59,2.29,2.03,1.80,1.58,1.46,1.39,1.34,1.29,1.26,1.23,1.24,1.25,1.28,1.36,1.37,1.40,1.42,1.43,1.47,1.55,1.72,1.76,1.49,1.42,1.63,1.26,1.15,1.24,1.49,1.69,1.65,2.01,1.40,1.28,
Right Percent:
50000.00,1054.06,1120.13,891.35,856.12,771.80,112.43,123.40,132.61,158.34,34.13,12.75,11.31,10.08,8.95,8.16,7.64,7.04,6.41,6.10,5.60,5.23,4.95,4.79,4.51,4.14,3.79,3.40,3.04,2.76,2.52,2.31,2.11,1.96,1.86,1.77,1.71,1.67,1.64,1.66,1.66,1.70,1.79,1.82,1.88,1.93,1.98,2.06,2.20,2.41,2.68,2.98,3.17,4.31,4.25,6.65,26.68,29.06,29.76,59.19,19.50,5.91,24.27,
Left Percent:
50000.00,1146.14,1247.58,955.97,907.22,908.11,858.63,961.62,854.17,931.90,290.73,335.06,148.75,78.09,55.10,39.24,30.30,25.02,19.40,15.73,12.90,10.71,8.84,7.58,6.33,5.10,4.39,3.90,3.40,3.04,2.65,2.36,2.13,1.93,1.82,1.66,1.67,1.66,1.67,1.68,1.70,1.72,1.74,1.76,1.78,1.85,1.96,1.98,2.07,2.25,2.28,2.73,2.58,2.39,2.72,2.95,3.52,4.10,3.64,2.94,5.04,9.35,4.72,
Right Percent:
50000.00,1118.20,1221.61,935.82,887.84,888.79,839.47,940.77,835.75,911.96,193.87,33.03,26.07,19.24,16.32,15.05,13.10,11.47,9.86,8.69,7.66,6.66,5.71,5.12,4.45,3.73,3.23,2.91,2.56,2.33,2.16,2.07,1.98,1.97,1.92,1.95,1.88,1.87,1.88,1.88,1.89,1.90,1.91,1.96,2.00,2.08,2.11,2.03,1.99,2.04,2.23,2.70,4.06,10.89,35.96,179.60,118.99,79.54,72.22,77.74,551.31,992.31,496.76,
Left Percent:
50000.00,227.54,52.47,42.33,43.90,42.84,28.16,24.38,25.50,25.84,20.34,12.73,10.87,9.66,8.86,8.37,7.81,7.31,6.93,6.35,5.83,5.33,4.84,4.38,3.95,3.60,3.20,2.75,2.49,2.28,2.07,1.90,1.81,1.74,1.69,1.45,1.53,1.48,1.49,1.49,1.50,1.54,1.62,1.63,1.65,1.70,1.70,1.78,1.72,1.67,1.74,1.77,1.59,1.55,1.60,1.76,1.86,1.93,1.98,1.86,2.39,2.23,1.82,
Right Percent:
50000.00,941.84,971.93,788.46,783.24,788.35,686.54,696.22,682.41,715.32,127.29,23.14,16.88,12.16,10.31,9.23,8.11,7.13,6.55,5.57,5.02,4.43,3.96,3.52,3.19,2.90,2.62,2.51,2.44,2.34,2.12,1.97,1.90,1.85,1.80,1.77,1.72,1.68,1.69,1.69,1.69,1.70,1.76,1.79,1.82,1.88,1.87,1.89,1.90,1.97,2.06,2.05,2.07,2.84,3.40,6.15,31.64,63.85,60.11,64.61,183.31,11.50,111.29,
Left Percent:
50000.00,84.66,25.40,26.04,25.32,24.40,23.03,20.89,20.61,13.90,11.17,9.27,8.83,7.54,6.81,6.38,6.04,5.69,5.40,5.12,4.85,4.61,4.35,4.20,4.01,3.67,3.33,3.00,2.67,2.44,2.20,1.94,1.72,1.62,1.49,1.35,1.33,1.26,1.28,1.32,1.31,1.32,1.33,1.35,1.41,1.52,1.55,1.63,1.75,1.76,1.78,1.63,1.51,1.56,1.47,1.35,1.20,1.27,1.41,1.38,1.64,1.21,1.10,
Right Percent:
50000.00,922.30,829.52,709.29,711.11,725.19,697.72,694.58,689.36,611.33,118.91,25.71,24.03,15.29,12.31,10.79,9.56,8.28,7.48,6.45,5.71,5.03,4.25,3.86,3.49,3.28,3.05,2.76,2.45,2.29,2.16,2.12,2.15,2.13,2.21,2.13,2.18,2.06,2.09,2.13,2.12,2.13,2.16,2.21,2.29,2.28,2.22,2.15,2.07,2.04,2.04,2.18,2.46,3.37,3.65,5.16,20.53,60.76,57.07,61.11,139.52,6.21,26.33,
Left Percent:
50000.00,35.11,22.22,21.98,21.51,19.75,18.10,16.11,13.90,13.42,11.55,9.24,8.77,7.99,7.35,6.89,6.56,6.07,5.80,5.52,5.29,4.98,4.75,4.42,4.04,3.72,3.40,3.05,2.56,2.35,2.14,1.95,1.80,1.68,1.60,1.38,1.46,1.43,1.42,1.42,1.45,1.46,1.46,1.48,1.56,1.58,1.62,1.72,1.86,1.88,1.88,1.68,1.60,1.69,1.68,1.68,2.01,2.74,3.20,3.11,4.38,3.56,2.59,
Right Percent:
50000.00,967.34,1015.67,818.41,801.94,824.84,806.04,730.46,775.26,767.92,282.09,268.94,238.77,156.89,83.00,46.49,30.40,18.02,14.00,11.07,9.57,7.56,6.24,5.38,4.51,3.94,3.50,3.18,3.06,2.89,2.61,2.42,2.28,2.18,2.12,2.33,2.12,2.08,2.07,2.05,2.03,2.04,2.06,2.11,2.14,2.17,2.18,2.23,2.43,2.60,2.47,2.48,2.68,4.66,10.02,90.55,119.58,88.38,76.52,81.46,315.81,187.46,137.24,
Left Percent:
50000.00,246.07,50.45,39.23,40.54,40.70,20.75,22.30,23.82,25.95,19.77,11.59,9.48,8.21,7.55,7.11,6.68,6.16,5.73,5.29,4.92,4.57,4.21,3.94,3.71,3.47,3.30,3.08,3.01,2.85,2.40,2.05,1.85,1.72,1.61,1.72,1.44,1.40,1.39,1.40,1.41,1.42,1.43,1.47,1.49,1.51,1.61,1.72,1.88,2.10,1.70,1.54,1.45,1.69,1.50,1.53,1.76,2.03,2.20,2.05,2.86,2.62,1.99,
Right Percent:
50000.00,1050.31,1103.16,877.52,850.77,865.75,780.30,745.91,756.64,807.17,272.25,56.98,29.49,17.75,14.08,12.32,10.48,9.02,7.66,6.64,5.95,5.30,4.74,4.31,3.96,3.49,3.02,2.64,2.44,2.34,2.32,2.28,2.22,2.15,2.11,1.58,2.11,2.08,2.08,2.10,2.10,2.07,2.08,2.13,2.16,2.22,2.19,2.21,2.13,2.08,2.08,2.33,2.79,4.34,7.75,43.55,93.54,72.77,68.69,73.96,271.02,173.63,145.24,
Left Percent:
50000.00,46.68,23.42,25.71,27.73,30.23,27.69,23.76,17.29,17.86,13.26,10.09,9.45,8.17,7.50,7.09,6.72,6.22,5.87,5.51,5.24,4.86,4.43,4.03,3.68,3.37,3.05,2.66,2.32,2.08,1.83,1.64,1.51,1.42,1.33,1.16,1.15,1.13,1.13,1.21,1.21,1.22,1.25,1.26,1.26,1.30,1.33,1.38,1.48,1.67,1.73,1.57,1.45,1.55,1.52,1.64,2.07,1.86,1.96,1.93,2.24,1.65,1.63,
Right Percent:
50000.00,809.59,668.08,602.80,613.87,618.16,589.28,532.65,113.20,96.20,21.02,12.44,11.62,10.15,8.81,7.94,7.16,6.41,5.81,5.31,4.92,4.46,3.99,3.62,3.40,3.18,3.00,2.90,2.85,2.86,2.93,3.00,2.87,2.70,2.59,2.53,2.40,2.38,2.36,2.46,2.42,2.43,2.46,2.52,2.57,2.67,2.73,2.83,2.92,2.64,2.64,2.94,3.20,3.78,3.74,4.18,8.14,17.03,52.26,59.29,25.08,2.81,5.02,
Left Percent:
50000.00,29.90,19.39,17.88,17.15,17.18,17.38,16.32,15.47,14.85,12.13,8.65,7.82,7.20,6.65,6.28,5.91,5.60,5.37,5.08,4.79,4.50,4.14,3.88,3.64,3.42,3.20,3.01,2.77,2.60,2.37,2.14,1.98,1.84,1.75,1.57,1.60,1.56,1.54,1.55,1.56,1.57,1.59,1.60,1.61,1.66,1.76,1.80,1.88,1.88,1.74,1.56,1.43,1.52,1.38,1.42,1.40,1.48,1.56,1.50,1.81,1.64,1.34,
Right Percent:
50000.00,749.25,701.60,587.30,593.86,596.96,586.97,583.27,589.16,596.19,236.95,144.92,147.09,71.73,43.87,34.21,27.07,21.89,18.92,16.03,13.73,11.48,8.77,7.51,6.34,5.29,4.49,3.84,3.20,2.62,2.24,2.16,2.15,2.14,2.21,2.22,2.14,2.06,2.03,2.03,2.03,2.03,2.05,2.09,2.10,2.18,2.20,2.11,2.06,2.07,2.30,2.21,2.68,4.91,4.40,6.93,28.31,60.42,57.88,61.26,79.21,16.82,52.03,
Left Percent:
50000.00,996.96,1146.69,897.33,874.13,869.69,868.63,911.82,837.10,895.69,275.38,29.61,19.06,16.14,13.33,11.58,10.24,8.93,8.17,7.51,7.08,6.69,6.10,5.36,4.79,4.40,3.98,3.56,3.20,3.09,2.99,2.88,2.58,2.38,2.27,2.10,2.04,1.99,1.99,1.99,2.00,2.05,2.06,2.07,2.15,2.24,2.27,2.35,2.52,2.23,2.02,1.85,1.68,1.79,1.70,1.76,1.71,2.03,2.26,2.11,2.55,2.22,1.75,
Right Percent:
50000.00,999.20,1152.72,901.38,877.55,873.05,871.89,915.19,840.37,899.04,43.46,14.04,11.62,9.98,8.43,7.42,6.58,5.85,5.29,4.80,4.43,4.17,3.87,3.49,3.27,3.17,3.10,2.74,2.43,2.34,2.28,2.15,2.02,1.93,1.87,1.74,1.83,1.80,1.81,1.85,1.85,1.84,1.84,1.90,1.94,2.00,1.99,2.01,2.08,2.08,2.15,2.30,2.61,2.75,3.22,6.32,66.38,71.86,67.34,72.76,280.37,20.46,150.21,
Left Percent:
50000.00,139.62,24.66,32.54,30.35,27.45,27.51,26.31,23.19,20.30,12.97,10.04,10.39,8.88,7.90,7.46,6.86,6.42,6.09,5.77,5.44,5.17,4.85,4.56,4.33,3.66,3.23,2.93,2.63,2.41,2.16,1.91,1.71,1.49,1.42,1.22,1.20,1.16,1.17,1.18,1.18,1.19,1.25,1.37,1.38,1.40,1.42,1.46,1.62,1.80,1.73,1.58,1.34,1.44,1.32,1.38,1.35,1.29,1.17,1.10,1.26,1.15,1.16,
Right Percent:
50000.00,689.64,961.77,732.39,806.43,796.23,755.20,740.42,760.34,772.83,272.99,200.06,240.40,141.31,85.51,61.13,45.25,37.59,32.40,26.07,21.07,17.49,14.36,11.54,9.66,7.49,6.18,5.39,4.74,4.32,3.77,3.29,2.96,2.68,2.62,2.77,2.68,2.64,2.65,2.65,2.62,2.60,2.58,2.65,2.70,2.75,2.79,2.87,3.14,3.73,3.78,3.75,4.39,6.43,6.44,11.81,97.50,82.16,68.76,72.20,94.90,27.99,58.67,
Left Percent:
50000.00,12.95,11.04,11.19,11.13,11.03,10.39,8.86,8.65,8.46,7.50,6.36,6.20,5.61,5.24,5.02,4.83,4.63,4.48,4.17,4.01,3.84,3.64,3.43,3.21,3.02,2.83,2.63,2.41,2.22,1.94,1.83,1.70,1.61,1.55,1.51,1.47,1.44,1.46,1.45,1.44,1.48,1.50,1.55,1.56,1.57,1.70,1.71,1.71,1.73,1.66,1.58,1.41,1.56,1.54,1.62,2.17,2.63,3.17,3.36,4.36,3.01,2.76,
Right Percent:
50000.00,712.65,656.81,581.32,558.29,548.77,420.99,82.04,74.87,65.45,22.33,12.26,12.05,9.91,8.75,8.11,7.50,6.90,6.51,5.97,5.59,5.25,4.89,4.49,4.05,3.65,3.28,2.95,2.65,2.43,2.23,2.14,2.06,1.99,1.96,1.99,2.01,1.99,1.97,1.99,1.98,1.96,1.96,1.98,2.04,2.05,2.02,2.07,2.07,2.12,2.19,2.33,2.63,3.57,4.40,6.96,53.74,94.34,76.05,77.14,409.38,190.81,158.25,
Left Percent:
50000.00,16.70,12.86,13.20,12.69,12.64,12.69,12.57,12.20,11.73,9.60,7.67,7.23,6.41,5.83,5.49,5.24,5.00,4.76,4.51,4.25,3.99,3.76,3.30,3.04,2.84,2.62,2.40,2.20,2.02,1.87,1.72,1.60,1.51,1.43,1.37,1.33,1.28,1.27,1.26,1.26,1.30,1.31,1.32,1.36,1.36,1.40,1.45,1.56,1.59,1.52,1.38,1.29,1.43,1.37,1.45,2.01,1.75,1.67,1.62,1.99,1.64,1.65,
Right Percent:
50000.00,499.68,455.30,442.63,435.55,400.96,381.56,377.71,362.62,327.01,58.51,25.85,21.52,15.18,11.97,10.18,8.96,7.88,6.90,6.08,5.33,4.62,4.20,3.48,3.11,2.93,2.86,2.84,2.63,2.49,2.55,2.78,2.79,2.39,1.91,1.72,1.50,1.44,1.44,1.44,1.47,1.59,1.62,1.67,1.82,1.79,2.05,2.49,2.90,2.40,2.41,2.43,2.92,5.01,4.24,6.01,12.28,22.37,46.64,53.47,22.97,3.91,5.85,
Left Percent:
50000.00,39.87,22.92,23.84,23.22,21.64,19.78,17.13,14.82,14.24,12.24,8.96,8.70,7.40,6.65,6.22,5.90,5.53,5.26,4.96,4.59,4.39,4.09,3.78,3.53,3.27,3.04,2.81,2.53,2.31,2.08,1.82,1.62,1.49,1.42,1.32,1.18,1.15,1.13,1.19,1.20,1.22,1.24,1.26,1.26,1.29,1.33,1.43,1.58,1.76,1.63,1.46,1.38,1.58,1.43,1.45,1.52,1.71,1.75,1.69,2.00,1.58,1.43,
Right Percent:
50000.00,757.96,649.21,570.92,583.41,595.64,572.75,493.71,514.09,453.15,44.03,13.99,12.71,9.36,7.77,6.80,6.14,5.58,5.09,4.65,4.15,3.95,3.69,3.40,3.34,3.28,3.38,3.58,3.42,3.12,2.82,2.53,2.31,2.16,2.04,1.94,1.82,1.75,1.73,1.82,1.83,1.85,1.89,1.94,1.98,2.04,2.12,2.25,2.43,2.76,2.99,3.32,3.64,3.91,3.33,5.11,9.92,12.26,16.79,49.92,9.89,3.13,6.18,
Left Percent:
50000.00,15.34,10.33,10.46,10.56,9.59,9.22,9.23,8.88,8.50,7.40,6.15,5.61,5.08,4.75,4.42,4.18,3.97,3.81,3.63,3.50,3.35,3.22,3.07,2.96,2.83,2.78,2.69,2.61,2.57,2.20,1.85,1.65,1.49,1.41,1.33,1.27,1.22,1.20,1.19,1.21,1.23,1.26,1.26,1.28,1.31,1.41,1.50,1.61,1.84,1.56,1.28,1.24,1.47,1.16,1.08,1.11,1.25,1.37,1.29,1.76,1.47,1.22,
Right Percent:
50000.00,393.74,427.15,387.44,397.78,373.67,368.96,374.04,373.24,370.37,209.46,203.79,217.95,225.83,211.77,166.43,126.90,102.65,63.64,35.49,28.81,18.00,14.46,10.98,7.49,5.60,4.86,4.30,4.29,4.48,3.53,2.69,2.23,1.99,1.83,1.79,1.65,1.71,1.63,1.62,1.64,1.65,1.71,1.72,1.75,1.82,2.02,2.31,2.65,3.32,4.66,4.49,8.70,39.40,38.39,42.54,49.27,2.37,1.00,0.91,0.98,1.50,2.46,
Left Percent:
50000.00,34.24,20.63,20.18,20.43,19.37,17.33,13.89,13.81,13.40,11.15,8.45,8.14,7.24,6.53,6.09,5.78,5.51,5.24,5.02,4.92,4.80,4.61,4.30,3.88,3.53,3.21,2.90,2.59,2.35,2.17,1.85,1.60,1.45,1.33,1.46,1.17,1.10,1.09,1.11,1.14,1.15,1.15,1.16,1.19,1.31,1.38,1.49,1.70,1.76,1.81,1.70,1.56,1.65,1.64,1.42,1.38,1.57,1.77,1.72,2.14,1.93,1.39,
Right Percent:
50000.00,946.32,786.75,676.55,672.99,669.33,606.45,585.31,573.92,603.34,165.89,15.42,13.23,10.66,8.93,7.83,6.93,6.14,5.30,4.66,4.27,3.87,3.45,3.16,2.97,2.78,2.66,2.61,2.60,2.56,2.44,2.41,2.40,2.32,2.24,1.74,2.10,1.99,1.98,2.02,2.06,2.07,2.09,2.12,2.20,2.40,2.40,2.37,2.29,2.28,2.28,2.43,2.46,2.90,3.23,5.49,39.36,64.04,60.24,64.60,243.68,4.19,30.55,
Left Percent:
50000.00,74.48,31.52,28.14,29.25,26.97,18.50,17.58,17.75,18.36,14.25,9.39,8.65,7.46,6.84,6.34,5.97,5.60,5.33,4.97,4.75,4.50,4.31,4.04,3.72,3.48,3.22,2.99,2.77,2.68,2.63,2.35,2.12,1.99,1.87,1.74,1.63,1.59,1.57,1.57,1.57,1.58,1.61,1.60,1.63,1.72,1.82,1.94,2.07,1.92,1.73,1.50,1.46,1.62,1.47,1.38,1.47,1.60,1.71,1.62,2.11,1.85,1.47,
Right Percent:
50000.00,967.25,948.37,770.90,753.08,755.98,693.76,658.68,658.92,698.83,145.91,22.03,16.90,13.04,11.62,10.10,9.01,8.00,7.40,6.46,5.92,5.36,4.89,4.56,4.20,3.83,3.36,2.90,2.62,2.48,2.41,2.42,2.35,2.24,2.17,2.14,2.10,2.07,2.08,2.10,2.11,2.11,2.13,2.18,2.23,2.28,2.31,2.32,2.32,2.22,2.29,2.42,2.81,3.56,4.32,8.18,55.42,66.13,61.81,66.40,263.71,16.68,137.90,
Left Percent:
50000.00,52.22,30.64,29.49,29.23,25.58,20.33,17.06,15.89,14.45,11.91,9.15,8.88,7.43,6.71,6.19,5.83,5.52,5.29,5.05,4.92,4.74,4.67,4.55,4.39,4.03,3.67,3.34,2.97,2.46,2.14,1.85,1.61,1.51,1.40,1.29,1.23,1.17,1.18,1.18,1.18,1.17,1.24,1.23,1.25,1.28,1.44,1.56,1.77,2.03,2.01,1.57,1.55,1.96,1.52,1.33,1.28,1.56,1.79,1.74,2.34,1.78,1.37,
Right Percent:
50000.00,894.42,844.04,720.40,695.97,629.08,127.38,148.42,220.48,250.12,40.62,18.14,15.67,13.61,12.01,10.71,9.71,8.92,8.11,7.13,6.65,5.97,5.33,4.82,4.41,4.05,3.70,3.30,2.90,2.57,2.43,2.31,2.23,2.16,2.13,2.25,2.16,2.15,2.12,2.11,2.12,2.16,2.13,2.21,2.23,2.29,2.21,2.24,2.23,2.30,2.46,2.57,2.96,4.09,5.05,6.69,27.11,67.82,63.26,67.94,283.00,40.07,126.80,
Left Percent:
50000.00,142.47,45.95,42.29,45.02,43.10,25.56,24.12,26.12,28.67,19.65,12.35,11.06,10.15,9.25,8.51,7.90,7.06,6.65,6.17,5.85,5.44,5.08,4.72,4.39,4.09,3.86,3.64,3.16,2.88,2.64,2.43,2.18,1.99,1.90,1.62,1.69,1.65,1.63,1.62,1.65,1.67,1.67,1.67,1.79,1.82,1.87,2.09,2.27,2.25,1.95,1.72,1.61,1.74,1.67,1.73,2.00,2.65,3.20,3.08,3.62,2.84,2.21,
Right Percent:
50000.00,1049.76,1088.60,850.10,831.86,835.42,771.22,766.30,740.62,786.96,62.48,16.37,14.82,13.25,11.27,9.89,8.71,7.28,6.63,5.94,5.49,4.90,4.44,3.96,3.63,3.33,3.11,2.88,2.53,2.42,2.33,2.28,2.23,2.08,1.98,1.89,1.85,1.82,1.82,1.81,1.82,1.84,1.85,1.89,1.97,2.03,2.07,2.19,2.13,2.10,2.13,2.23,2.41,2.85,3.58,8.59,97.32,77.46,70.10,74.64,304.13,207.44,152.10,
Left Percent:
50000.00,33.51,20.51,20.44,19.99,18.50,15.89,13.60,13.61,12.96,10.64,8.26,7.91,6.98,6.29,5.85,5.52,5.24,5.03,4.77,4.66,4.49,4.43,4.37,3.97,3.62,3.30,2.99,2.69,2.46,2.22,1.94,1.78,1.70,1.59,1.51,1.49,1.41,1.42,1.47,1.46,1.47,1.47,1.48,1.56,1.69,1.73,1.76,1.77,1.80,1.85,1.63,1.58,1.73,1.48,1.33,1.38,1.66,1.84,1.79,2.18,1.76,1.43,
Right Percent:
50000.00,794.45,701.91,603.66,617.60,616.60,531.69,528.64,525.70,554.37,51.90,14.41,12.30,10.22,8.74,7.74,6.96,6.57,6.04,5.66,5.43,4.87,4.50,4.07,3.73,3.45,3.27,3.02,2.76,2.66,2.64,2.76,2.52,2.37,2.17,1.96,2.04,1.93,1.95,1.99,1.99,2.00,2.02,2.06,2.15,2.34,2.41,2.56,2.66,2.47,2.36,2.51,2.80,3.81,3.40,5.20,16.96,34.41,58.72,61.80,41.10,4.56,14.67,
Left Percent:
50000.00,10.13,9.25,9.49,9.74,9.64,8.07,8.23,8.69,8.63,7.46,6.38,6.55,6.17,5.90,5.73,5.51,5.34,5.18,4.74,4.47,4.24,3.96,3.68,3.43,3.19,2.91,2.66,2.40,2.19,1.98,1.79,1.63,1.53,1.38,1.34,1.30,1.25,1.26,1.25,1.28,1.35,1.37,1.39,1.39,1.40,1.44,1.53,1.65,1.83,1.99,2.00,1.96,2.40,2.49,2.68,3.48,3.81,3.75,3.86,5.13,6.46,4.92,
Right Percent:
50000.00,619.46,600.51,531.24,523.27,479.05,110.57,90.78,103.06,89.71,31.58,13.34,12.68,10.75,9.42,8.62,7.88,7.34,6.98,6.57,6.21,5.90,5.61,5.32,5.14,4.96,4.89,4.30,3.74,3.34,2.96,2.63,2.37,2.17,1.96,1.83,1.81,1.74,1.75,1.75,1.78,1.89,1.92,1.97,2.02,2.08,2.18,2.38,2.60,3.02,3.66,3.70,4.25,5.17,10.34,31.41,111.07,79.49,66.00,77.09,224.46,188.71,180.77,
Left Percent:
50000.00,11.83,8.12,8.43,8.70,8.45,8.61,8.57,8.55,8.21,6.31,5.35,5.27,5.03,4.83,4.70,4.60,4.52,4.48,4.39,4.36,4.33,4.28,4.31,4.44,4.74,4.62,4.33,3.80,3.42,3.03,2.60,2.34,2.17,2.15,1.87,1.81,1.73,1.69,1.70,1.70,1.69,1.74,1.83,1.82,1.85,2.05,2.17,2.34,2.66,2.76,2.51,2.10,2.22,2.10,1.61,1.40,1.64,2.10,2.17,2.73,1.68,1.18,
Right Percent:
50000.00,256.28,203.61,200.27,209.73,205.56,211.52,209.84,210.69,204.19,118.55,103.09,106.36,107.87,104.19,101.66,99.16,95.62,92.03,89.49,85.25,80.90,77.01,72.78,68.40,64.16,60.52,56.75,47.72,43.37,34.57,25.36,18.90,16.87,17.75,17.96,14.40,12.66,12.03,11.94,12.80,12.59,13.75,16.24,15.65,14.86,17.27,26.63,30.32,31.85,21.19,10.42,10.67,26.47,23.31,25.17,30.93,33.12,21.82,10.19,11.58,14.17,14.95,
Left Percent:
50000.00,154.36,1049.21,781.09,772.47,790.55,778.20,742.42,750.41,727.86,309.67,268.73,419.20,559.59,648.68,490.59,423.69,370.30,335.44,302.11,281.71,266.00,251.41,232.69,212.13,191.06,170.05,153.94,137.85,121.56,112.90,102.87,95.27,90.37,84.63,78.92,33.49,76.40,77.45,77.82,78.97,79.09,80.73,82.57,89.62,94.70,100.47,109.25,125.71,141.07,86.81,53.44,419.39,347.96,313.13,222.16,151.07,67.96,29.22,18.56,56.61,68.05,35.53,
Right Percent:
50000.00,82.34,66.75,58.73,43.79,42.44,41.51,36.60,34.59,31.44,25.30,10.89,10.58,8.74,7.45,6.25,5.75,5.26,4.92,4.58,4.33,4.11,3.93,3.73,3.55,3.44,3.21,3.06,2.97,3.03,3.14,3.44,3.75,3.96,3.51,2.86,2.70,2.62,2.72,2.76,2.86,2.89,2.95,3.07,3.65,4.08,3.93,3.65,3.42,3.24,3.04,3.63,6.87,337.38,299.91,212.29,145.44,3.77,1.44,1.06,1.88,2.86,10.77,
Left Percent:
50000.00,18.75,13.57,13.70,14.13,14.88,14.39,11.86,11.65,12.03,10.04,8.24,7.92,7.23,7.02,6.79,6.59,6.25,5.95,5.59,5.31,4.90,4.42,3.98,3.57,3.23,2.89,2.55,2.25,2.02,1.82,1.63,1.48,1.38,1.22,1.11,1.14,1.10,1.09,1.09,1.15,1.20,1.21,1.23,1.24,1.26,1.30,1.35,1.46,1.62,1.82,1.76,1.62,1.68,1.82,1.70,1.50,1.64,1.87,1.84,2.27,1.48,1.39,
Right Percent:
50000.00,713.96,675.79,605.79,593.07,587.61,563.98,507.13,506.72,504.34,119.24,18.91,16.91,11.10,9.26,8.01,7.19,6.44,5.69,5.11,4.72,4.37,4.02,3.64,3.49,3.34,3.09,2.78,2.53,2.43,2.33,2.27,2.26,2.21,2.08,1.93,1.96,1.89,1.88,1.88,1.96,2.03,2.04,2.09,2.14,2.20,2.28,2.30,2.20,2.14,2.15,2.25,2.51,3.63,3.34,5.71,52.37,67.72,61.49,64.23,186.74,14.78,82.60,
Left Percent:
50000.00,207.14,48.67,33.19,32.28,32.89,34.03,31.09,30.11,30.23,34.23,16.23,10.35,10.24,9.40,7.95,7.26,5.43,4.66,4.48,3.38,3.43,2.87,2.48,2.55,2.34,1.90,1.86,2.87,2.69,2.59,2.41,2.27,2.17,2.09,2.03,1.99,2.10,2.00,1.99,2.04,2.07,2.11,2.13,2.15,2.17,2.20,2.21,2.16,2.00,2.19,2.46,2.49,2.67,3.26,3.48,3.96,4.40,3.26,2.65,5.10,6.64,8.24,
Right Percent:
50000.00,525.91,413.53,286.48,249.02,226.09,209.81,208.85,208.29,217.80,149.04,134.70,169.08,173.58,171.93,167.07,153.63,146.04,128.76,123.05,117.14,109.36,105.03,97.01,89.13,79.29,67.41,11.94,2.70,2.46,2.25,2.06,1.93,1.82,1.70,1.62,1.55,1.49,1.51,1.52,1.53,1.54,1.56,1.61,1.67,1.74,1.86,1.99,2.13,2.36,2.90,3.92,5.15,16.33,257.46,178.12,103.53,18.06,8.91,7.51,7.64,21.53,1565.96,
Left Percent:
50000.00,913.92,112.42,115.27,202.67,256.17,209.57,180.48,179.59,32.47,15.71,10.13,9.65,8.46,7.58,7.11,6.73,6.42,6.12,5.84,5.63,5.46,5.33,5.30,5.48,5.65,5.84,5.05,4.24,3.20,2.21,1.81,1.57,1.41,2.16,1.16,1.09,1.06,1.04,1.03,1.02,1.05,1.08,1.08,1.09,1.18,1.23,1.32,1.59,2.39,2.74,2.48,2.16,1.99,1.75,1.31,1.30,1.94,2.48,2.63,2.94,2.04,1.36,
Right Percent:
50000.00,907.14,1119.30,854.72,840.85,849.80,826.77,832.90,834.96,937.41,269.86,119.25,107.86,70.65,53.41,44.21,37.10,31.44,26.40,20.94,18.54,16.15,13.88,12.05,10.41,9.15,8.10,7.19,6.14,5.18,4.00,3.37,2.94,2.62,2.34,2.27,2.17,2.15,2.14,2.12,2.13,2.17,2.23,2.25,2.29,2.50,2.63,2.82,3.27,4.21,4.54,4.93,5.63,9.25,17.28,54.01,161.18,95.65,74.24,81.18,641.45,337.66,215.93,
Left Percent:
50000.00,698.31,949.92,722.56,816.12,792.46,758.70,736.04,749.80,785.13,278.59,323.98,438.33,701.17,991.99,1397.79,2067.82,2310.56,2725.99,3316.90,2423.51,2349.96,1993.84,1774.10,1841.11,1576.45,1555.32,1618.71,1600.08,1488.03,1103.40,548.85,109.24,44.18,19.56,52.63,10.65,12.71,9.55,8.87,8.20,8.09,8.19,8.46,9.06,11.63,23.28,20.76,28.87,56.47,106.76,57.85,60.48,11.78,16.93,13.42,14.85,6.43,3.59,2.47,6.02,12.38,7.29,
Right Percent:
50000.00,700.08,99.50,477.27,730.90,579.69,543.51,546.37,460.79,345.79,40.12,63.82,102.95,121.90,88.93,112.10,130.94,156.36,205.29,263.37,453.89,442.51,445.17,376.90,107.33,75.97,60.95,44.91,33.70,27.36,17.63,14.09,12.04,10.80,8.73,8.52,13.46,8.49,7.20,6.36,5.76,5.44,5.18,5.09,5.02,6.39,8.33,9.42,13.01,20.29,17.09,10.83,20.17,29.39,25.00,146.87,148.01,73.43,56.77,50.12,187.48,458.38,258.41,
Left Percent:
50000.00,558.38,521.69,427.72,397.63,391.07,365.57,355.84,349.45,355.92,205.19,187.10,207.04,218.05,221.22,202.17,183.28,138.09,99.43,50.91,29.34,19.09,13.21,9.92,8.00,7.10,7.20,7.59,4.92,2.53,2.06,1.71,1.28,1.12,1.03,0.99,0.96,0.82,0.82,0.82,0.83,0.84,0.85,0.86,0.87,0.92,1.00,1.12,1.38,1.96,3.92,2.82,2.32,2.14,1.73,1.64,1.98,2.94,3.08,2.79,4.18,2.68,1.50,
Right Percent:
50000.00,46.91,36.53,30.29,27.57,26.08,23.37,22.64,22.58,22.42,19.45,13.50,12.02,10.99,10.21,9.48,8.98,8.45,7.88,7.18,6.70,6.25,5.79,5.35,4.93,4.55,4.22,3.83,3.48,3.02,2.81,2.59,2.37,2.20,2.09,2.00,1.87,1.79,1.81,1.82,1.83,1.85,1.86,1.88,1.93,2.02,2.14,2.30,2.49,2.83,3.43,4.56,5.47,10.37,31.34,179.36,102.57,20.87,12.41,13.26,12.87,62.79,15.97,
Left Percent:
50000.00,13.11,9.04,9.08,9.35,9.16,9.28,9.16,9.02,8.65,6.88,6.02,5.90,5.45,5.09,4.87,4.77,4.60,4.46,4.33,4.23,4.18,4.24,4.23,4.33,4.51,4.56,4.05,3.53,3.16,2.62,2.19,1.80,1.61,1.49,1.26,1.33,1.29,1.25,1.25,1.26,1.27,1.41,1.45,1.50,1.52,1.59,1.71,1.96,2.42,2.55,2.41,2.07,2.27,2.21,1.59,1.33,1.49,1.71,1.65,1.97,1.51,1.23,
Right Percent:
50000.00,314.72,262.95,247.61,253.90,251.88,254.83,251.22,249.87,241.96,129.69,60.12,52.81,34.20,22.94,17.40,13.45,11.06,9.62,8.46,7.46,6.66,5.67,4.90,4.38,3.86,3.28,2.75,2.33,2.15,2.06,1.97,1.99,2.01,2.05,2.33,2.15,2.06,2.12,2.11,2.09,2.10,2.05,2.10,2.07,2.09,2.09,2.07,2.06,2.09,2.15,2.17,2.59,4.27,11.40,20.13,22.05,4.04,1.75,1.23,2.32,3.21,5.51,
Left Percent:
50000.00,27.49,18.72,19.33,18.89,18.82,19.32,19.08,18.78,18.48,13.92,11.16,10.78,9.82,9.09,8.25,7.92,7.64,7.31,6.91,5.73,5.42,5.13,4.72,4.27,3.91,3.51,3.11,2.73,2.50,2.22,1.95,1.74,1.54,1.44,1.33,1.29,1.23,1.20,1.19,1.20,1.23,1.35,1.39,1.41,1.46,1.52,1.60,1.75,1.95,2.03,1.97,1.79,2.07,1.98,2.27,2.92,3.22,3.21,3.03,3.90,3.71,3.61,
Right Percent:
50000.00,343.39,294.24,282.37,277.25,272.75,270.35,264.91,259.70,255.21,159.89,106.68,86.77,52.59,30.05,20.34,16.11,13.25,11.13,9.21,6.50,5.72,5.19,4.58,4.11,3.70,3.43,3.31,3.06,3.03,3.02,2.98,2.64,2.06,1.81,1.48,1.59,1.54,1.53,1.54,1.57,1.65,1.84,1.95,2.05,2.23,2.41,2.73,3.19,2.96,2.76,2.76,3.46,6.03,25.56,35.14,39.95,3.93,1.52,1.08,2.16,4.16,15.75,
Left Percent:
50000.00,25.71,13.81,13.89,14.42,14.48,14.35,14.10,13.47,12.91,9.45,8.27,8.23,7.68,7.23,7.20,6.97,6.79,6.63,6.50,6.43,6.28,6.05,5.80,5.62,5.11,4.53,3.89,3.37,3.01,2.45,2.06,1.68,1.54,1.44,1.21,1.22,1.19,1.22,1.22,1.22,1.22,1.26,1.38,1.42,1.44,1.52,1.61,1.82,2.25,2.44,2.26,1.92,2.16,2.06,2.07,1.70,1.74,1.99,1.96,2.47,1.78,1.97,
Right Percent:
50000.00,479.85,368.94,345.22,353.54,355.18,347.82,341.99,324.47,313.17,118.89,36.64,34.61,25.00,18.76,15.29,12.21,10.59,9.40,8.26,7.10,6.35,5.70,4.93,4.16,3.53,3.01,2.54,2.28,2.24,2.25,2.29,2.31,2.34,2.42,2.46,2.50,2.41,2.57,2.57,2.52,2.50,2.48,2.44,2.46,2.44,2.43,2.45,2.39,2.20,2.06,1.99,2.27,4.02,10.47,20.45,32.04,6.78,2.65,1.74,3.13,4.60,21.18,
Left Percent:
50000.00,104.51,22.58,22.01,22.86,23.40,23.00,22.49,21.50,20.15,11.96,10.56,10.48,9.47,8.71,8.25,7.90,7.58,7.30,7.12,6.88,6.68,6.54,6.46,6.39,5.72,4.80,4.22,3.65,3.24,2.82,2.25,1.96,1.78,1.58,1.37,1.35,1.30,1.32,1.34,1.31,1.33,1.34,1.40,1.43,1.62,1.73,1.93,2.24,2.42,2.50,2.35,2.05,2.28,2.25,1.99,1.71,1.82,2.27,2.27,2.95,2.04,1.95,
Right Percent:
50000.00,621.46,127.42,124.64,122.84,117.80,99.65,92.16,84.98,78.25,25.67,15.79,17.96,14.48,11.36,10.08,9.07,8.37,7.72,6.98,6.38,5.81,5.31,4.71,4.15,3.68,3.19,2.95,2.68,2.39,2.18,2.07,2.05,2.08,2.17,2.48,2.38,2.32,2.28,2.25,2.22,2.17,2.16,2.16,2.16,2.14,2.11,2.06,2.08,2.12,2.24,2.26,2.65,4.04,7.20,12.62,45.60,55.56,22.26,9.37,17.35,31.27,28.65,
Left Percent:
50000.00,80.56,22.76,20.70,22.12,22.63,22.44,22.38,21.29,20.37,10.33,8.69,8.50,7.73,7.12,6.87,6.57,6.31,6.07,5.95,5.79,5.57,5.40,5.27,5.29,5.51,5.82,4.52,3.71,3.17,2.65,2.26,1.84,1.61,1.50,1.67,1.32,1.26,1.23,1.24,1.27,1.35,1.37,1.41,1.45,1.48,1.54,1.68,1.98,2.41,2.68,2.73,2.44,2.61,2.44,1.87,1.59,1.72,2.09,2.06,2.65,1.88,1.54,
Right Percent:
50000.00,695.65,338.18,262.28,192.32,159.72,137.60,119.63,108.91,101.99,37.63,18.38,15.96,13.11,11.05,9.48,8.43,7.49,6.84,6.11,5.53,4.95,4.49,4.00,3.51,3.10,2.82,2.65,2.61,2.65,2.79,2.96,2.93,2.43,2.18,1.91,1.77,1.73,1.77,1.82,1.87,2.06,2.14,2.28,2.37,2.53,2.68,3.00,3.19,2.66,2.46,2.29,2.62,3.95,10.76,20.50,36.33,7.01,2.36,1.54,3.20,5.27,12.75,
Left Percent:
50000.00,37.36,14.43,14.60,15.27,15.43,15.53,15.17,14.41,13.68,8.65,7.15,7.05,6.54,6.10,5.95,5.78,5.59,5.44,5.34,5.22,5.11,4.99,4.93,4.92,4.50,4.05,3.63,3.16,2.86,2.45,2.03,1.66,1.50,1.39,1.15,1.22,1.17,1.16,1.15,1.15,1.17,1.28,1.34,1.35,1.39,1.45,1.57,1.78,2.16,2.20,2.03,1.73,1.85,1.83,1.67,1.45,1.62,1.87,1.85,2.35,1.63,1.68,
Right Percent:
50000.00,466.44,120.35,129.97,124.41,112.16,101.72,87.86,79.29,71.04,33.06,15.37,15.41,12.72,10.69,8.74,7.84,7.08,6.52,5.91,5.29,4.86,4.55,4.13,3.69,3.22,2.81,2.54,2.43,2.35,2.17,2.10,2.22,2.33,2.48,2.45,2.70,2.59,2.63,2.63,2.63,2.61,2.45,2.49,2.47,2.43,2.38,2.30,2.22,2.17,2.22,2.16,2.38,3.85,7.23,12.72,22.25,7.63,2.65,1.58,3.48,4.98,12.63,
Left Percent:
50000.00,49.75,21.17,19.66,21.26,22.58,23.41,23.73,23.23,22.31,10.89,7.77,7.02,6.44,5.88,5.28,5.01,4.66,4.44,4.23,3.99,3.80,3.59,3.40,3.31,3.28,3.29,3.37,3.41,3.57,3.68,3.15,2.74,2.54,2.33,1.76,1.89,1.75,1.73,1.73,1.76,1.77,1.81,1.92,1.93,2.04,2.24,2.50,2.89,2.86,2.27,1.81,1.72,1.86,1.55,1.24,1.26,1.97,2.68,2.55,3.58,2.00,0.95,
Right Percent:
50000.00,711.57,722.35,599.33,615.80,638.13,642.63,642.81,612.23,527.96,95.33,46.97,52.02,40.29,27.87,21.33,18.53,16.01,14.37,12.63,11.31,10.24,9.28,8.14,6.97,5.72,4.87,4.32,3.75,3.19,2.50,2.34,2.40,2.49,2.60,3.29,2.91,2.89,2.81,2.76,2.72,2.67,2.63,2.61,2.67,2.60,2.57,2.48,2.52,2.92,3.18,3.41,4.56,17.22,27.12,34.64,39.71,5.19,1.79,1.17,2.15,3.13,8.40,
Left Percent:
50000.00,97.89,21.10,20.46,22.57,23.90,23.84,23.13,21.45,12.77,8.54,7.34,7.22,6.49,6.13,5.77,5.50,5.25,5.01,4.83,4.59,4.40,4.22,4.08,4.10,4.24,4.33,3.35,2.58,2.18,1.83,1.57,1.37,1.27,1.19,1.16,0.97,0.94,0.92,0.98,1.01,1.03,1.04,1.07,1.09,1.10,1.13,1.23,1.41,1.75,1.88,1.98,1.72,1.90,1.73,1.39,1.31,1.44,1.87,1.91,2.53,1.55,1.45,
Right Percent:
50000.00,740.94,711.70,538.12,485.23,377.02,312.65,285.88,255.44,151.65,50.91,21.49,17.45,13.20,10.69,9.19,8.09,7.15,6.34,5.65,5.07,4.56,4.14,3.71,3.39,3.14,2.99,2.96,3.01,3.06,3.08,2.84,2.64,2.42,2.18,1.66,1.72,1.68,1.64,1.76,1.85,1.91,1.98,2.06,2.14,2.21,2.33,2.63,2.84,2.92,2.83,2.69,2.96,3.67,7.19,14.17,55.36,42.24,34.15,17.85,16.81,35.21,46.90,
Left Percent:
50000.00,24.05,15.81,16.67,16.49,15.50,14.94,14.31,13.39,12.68,10.99,10.18,9.87,8.76,8.08,7.99,7.72,7.44,7.21,7.14,7.20,7.31,7.08,6.05,5.43,4.86,4.27,3.71,3.13,2.67,2.19,1.88,1.67,1.54,1.42,1.21,1.18,1.15,1.17,1.23,1.22,1.24,1.27,1.31,1.31,1.31,1.42,1.53,1.75,2.18,2.29,2.23,1.98,2.38,2.20,2.20,1.53,1.40,1.39,1.33,1.60,1.47,1.71,
Right Percent:
50000.00,477.59,343.77,342.31,330.62,324.47,321.26,317.99,298.20,285.15,121.28,49.17,41.97,26.08,18.57,14.16,10.89,9.12,8.04,6.94,6.02,5.24,4.53,3.75,3.32,2.95,2.72,2.78,2.83,3.14,3.75,3.42,2.88,2.56,2.28,1.94,1.86,1.80,1.85,2.00,2.00,2.06,2.15,2.26,2.28,2.34,2.63,2.99,3.61,3.51,2.93,2.53,2.86,3.58,10.23,17.39,6.05,1.82,0.93,0.70,1.18,1.79,4.04,
Left Percent:
50000.00,90.11,45.01,46.96,43.07,38.81,32.72,28.52,23.14,21.01,18.22,12.51,11.75,9.80,8.89,8.39,7.91,7.13,6.60,6.15,5.71,5.18,4.61,4.03,3.36,2.92,2.51,2.16,1.86,1.65,1.42,1.27,1.16,1.08,1.00,0.85,0.85,0.83,0.81,0.89,0.89,0.90,0.90,0.93,0.93,0.95,0.99,1.04,1.14,1.32,1.46,1.41,1.35,1.58,1.50,1.75,1.55,1.50,1.64,1.60,1.80,1.26,1.26,
Right Percent:
50000.00,1014.75,344.35,316.52,281.75,224.37,130.04,44.75,34.13,31.25,14.75,9.70,9.11,8.02,7.45,7.09,6.85,6.71,6.64,6.33,5.86,5.63,5.52,5.47,5.11,4.86,4.62,4.43,4.32,3.98,3.45,3.08,2.83,2.62,2.44,2.28,2.19,2.16,2.13,2.24,2.25,2.26,2.28,2.35,2.38,2.46,2.58,2.71,2.96,3.39,3.73,3.75,4.06,4.77,4.55,3.68,6.49,10.09,19.15,57.23,13.16,2.78,4.86,
Left Percent:
50000.00,900.98,1139.62,841.41,859.93,887.72,841.98,852.74,860.66,454.82,170.00,29.21,19.83,15.12,12.51,10.72,9.37,8.34,7.09,6.42,5.74,5.23,4.72,4.31,3.89,3.63,3.33,3.07,2.75,2.59,2.46,2.40,2.39,2.24,2.10,1.85,1.93,1.88,1.88,1.90,1.91,1.92,1.97,1.99,2.01,2.09,2.20,2.24,2.18,1.88,1.71,1.49,1.40,1.60,1.39,1.38,1.55,1.84,1.94,1.79,2.31,2.33,1.73,
Right Percent:
50000.00,874.60,1122.38,827.74,845.98,873.14,827.43,838.04,845.86,931.39,282.60,180.69,132.64,47.94,29.24,21.25,16.07,13.56,10.09,8.79,7.33,6.34,5.50,4.93,4.26,3.92,3.54,3.06,2.78,2.64,2.53,2.51,2.55,2.43,2.33,1.97,2.28,2.23,2.23,2.22,2.22,2.21,2.23,2.28,2.31,2.37,2.46,2.50,2.40,2.34,2.39,2.53,2.95,4.72,6.96,20.82,81.51,62.64,59.34,64.02,166.93,15.51,106.23,
Left Percent:
50000.00,1076.15,1132.59,845.87,892.06,894.78,855.41,837.48,870.36,891.95,287.67,15.05,12.87,10.65,9.28,8.67,8.09,7.61,7.22,6.81,6.43,6.06,5.60,5.23,4.96,4.33,3.80,3.32,2.87,2.52,2.21,1.84,1.62,1.49,1.44,1.30,1.24,1.22,1.23,1.23,1.22,1.26,1.29,1.34,1.35,1.39,1.54,1.60,1.67,1.80,1.91,1.85,1.59,1.52,1.41,1.26,1.22,1.34,1.44,1.40,1.53,1.33,1.08,
Right Percent:
50000.00,1030.63,1110.55,827.65,872.30,873.75,834.82,816.24,848.56,870.04,262.47,46.59,40.42,27.62,20.97,17.94,15.59,13.69,11.98,10.35,9.22,8.00,6.49,5.67,4.98,4.42,3.97,3.59,3.30,3.17,3.16,3.19,2.90,2.77,2.59,2.73,2.69,2.71,2.70,2.71,2.69,2.65,2.64,2.68,2.78,2.84,2.95,3.03,3.19,3.00,2.94,2.98,3.22,4.24,6.18,11.14,103.90,87.85,74.40,78.77,162.10,103.85,77.67,
Left Percent:
50000.00,22.23,14.00,15.12,14.68,13.09,12.45,11.90,11.09,10.50,9.04,7.85,7.41,6.44,5.96,5.74,5.46,5.28,5.10,4.93,4.84,4.57,4.05,3.49,3.22,2.92,2.67,2.44,2.21,1.99,1.78,1.61,1.44,1.33,1.23,1.17,1.11,1.10,1.05,1.08,1.08,1.09,1.09,1.12,1.13,1.14,1.18,1.24,1.34,1.47,1.44,1.33,1.25,1.40,1.34,1.44,1.14,1.13,1.15,1.11,1.36,0.99,1.00,
Right Percent:
50000.00,683.03,646.77,588.61,559.68,550.10,536.04,533.71,531.16,532.43,226.18,61.28,36.22,21.28,15.82,13.14,11.47,10.27,9.41,8.58,7.24,6.05,5.35,4.57,4.41,3.96,3.65,3.52,3.58,2.95,2.19,1.80,1.52,1.36,1.22,1.13,1.01,1.06,1.01,1.05,1.06,1.07,1.08,1.13,1.15,1.17,1.24,1.36,1.55,1.96,2.35,2.81,3.51,6.71,6.84,10.74,18.88,13.86,11.71,20.08,6.11,2.93,5.35,
Left Percent:
50000.00,38.40,23.19,22.76,22.29,21.42,19.70,15.92,14.73,14.18,12.01,9.15,8.73,7.79,7.04,6.58,6.23,5.86,5.49,5.20,5.03,4.74,4.41,4.02,3.64,3.35,3.07,2.77,2.32,2.12,1.94,1.77,1.63,1.52,1.46,1.36,1.35,1.33,1.33,1.33,1.33,1.35,1.38,1.39,1.40,1.47,1.49,1.50,1.56,1.67,1.69,1.59,1.45,1.47,1.54,1.46,1.53,1.55,1.59,1.53,1.95,1.57,1.46,
Right Percent:
50000.00,892.20,826.30,698.91,692.85,711.42,697.25,616.01,626.69,637.97,118.33,24.18,24.13,17.61,13.43,11.43,9.96,8.73,7.37,6.49,5.95,5.30,4.84,4.35,3.87,3.63,3.43,3.10,2.70,2.54,2.32,2.15,2.00,1.88,1.82,1.83,1.77,1.74,1.74,1.72,1.72,1.74,1.74,1.80,1.82,1.87,1.90,1.93,2.02,2.22,2.23,2.22,2.43,2.96,3.05,4.93,32.90,74.42,68.22,72.09,149.37,96.11,75.22,
Left Percent:
50000.00,72.79,26.91,29.03,28.30,26.64,25.52,22.93,21.93,20.70,12.59,10.06,9.67,8.20,7.40,6.94,6.56,6.21,5.83,5.56,5.22,4.97,4.67,4.33,4.02,3.58,3.11,2.68,2.32,2.05,1.79,1.60,1.47,1.37,1.29,1.38,1.19,1.15,1.14,1.14,1.15,1.16,1.19,1.20,1.21,1.22,1.26,1.32,1.43,1.64,1.72,1.66,1.53,1.68,1.56,1.53,1.65,1.47,1.52,1.48,1.72,1.25,1.31,
Right Percent:
50000.00,683.99,586.81,527.82,531.37,526.12,515.78,501.19,499.27,501.02,20.88,11.02,10.32,8.15,7.25,6.75,6.40,6.01,5.75,5.27,4.68,4.32,3.96,3.65,3.44,3.16,2.90,2.74,2.67,2.72,2.91,3.09,3.15,2.87,2.60,2.39,2.30,2.21,2.20,2.22,2.25,2.28,2.37,2.43,2.48,2.52,2.68,2.99,3.13,2.64,2.58,2.69,3.02,3.70,3.51,3.49,6.57,12.13,34.82,53.33,15.10,2.80,5.43,
Left Percent:
50000.00,36.89,22.62,22.44,22.36,21.78,19.63,16.70,14.60,14.02,12.02,9.53,9.20,8.01,7.16,6.69,6.35,6.00,5.75,5.45,5.16,5.02,4.82,4.57,4.33,4.04,3.66,3.29,2.95,2.68,2.39,2.02,1.86,1.73,1.63,1.38,1.47,1.38,1.35,1.37,1.43,1.43,1.43,1.42,1.47,1.66,1.76,1.83,1.89,1.96,2.04,1.73,1.64,1.80,1.63,1.46,1.53,1.64,1.87,1.85,2.28,1.65,1.43,
Right Percent:
50000.00,836.22,804.24,686.83,684.88,699.30,680.03,601.22,613.93,617.58,222.16,30.39,28.19,17.59,13.10,10.88,9.36,8.05,7.12,5.92,5.17,4.68,4.26,3.91,3.68,3.58,3.59,3.52,3.15,2.92,2.73,2.66,2.63,2.59,2.72,2.97,2.91,2.87,2.86,2.78,2.70,2.70,2.73,2.84,2.84,2.72,2.67,2.59,2.55,2.53,2.56,2.62,2.96,3.47,3.39,5.56,28.55,70.88,64.09,68.86,145.74,11.24,53.63,
Left Percent:
50000.00,18.99,14.70,16.82,17.14,16.39,17.40,17.33,16.72,15.64,12.27,9.08,8.50,7.72,7.21,6.76,6.24,5.77,5.41,5.12,4.85,4.52,4.20,3.83,3.51,3.16,2.90,2.61,2.32,2.15,1.96,1.78,1.66,1.56,1.48,1.32,1.28,1.27,1.25,1.25,1.35,1.38,1.39,1.40,1.41,1.43,1.48,1.52,1.58,1.68,1.71,1.57,1.43,1.53,1.39,1.58,1.69,1.85,1.65,1.56,1.85,1.51,1.54,
Right Percent:
50000.00,523.42,459.11,439.76,441.66,429.66,417.22,412.77,412.44,407.17,80.15,47.83,68.91,41.76,31.44,25.08,20.71,17.46,14.99,12.96,11.15,9.74,8.21,7.00,6.03,5.00,4.38,3.90,3.67,3.43,3.22,3.07,3.02,3.03,3.18,3.74,3.53,3.38,3.55,3.47,3.40,3.41,3.40,3.41,3.54,3.49,3.34,3.22,3.20,3.15,3.07,2.83,3.45,6.37,5.00,8.92,34.07,50.84,49.80,50.33,52.93,4.63,9.22,
Left Percent:
50000.00,45.68,24.96,25.35,25.05,22.44,20.53,18.41,17.42,13.49,11.35,9.71,9.39,7.80,7.05,6.55,6.23,5.87,5.68,5.40,5.27,5.06,4.77,4.32,3.93,3.58,3.24,2.89,2.61,2.40,2.18,1.96,1.80,1.57,1.49,1.28,1.34,1.30,1.27,1.26,1.27,1.29,1.41,1.45,1.44,1.47,1.51,1.56,1.71,1.75,1.79,1.63,1.46,1.51,1.52,1.34,1.13,1.21,1.39,1.37,1.58,1.06,1.00,
Right Percent:
50000.00,887.92,813.59,678.28,697.79,712.18,682.45,678.09,678.13,603.16,216.82,36.08,28.15,16.27,13.04,11.19,9.93,8.88,8.00,6.99,6.57,5.56,4.97,4.37,3.87,3.48,3.19,3.04,2.97,2.97,2.66,2.42,2.28,2.17,2.18,2.59,2.23,2.17,2.21,2.19,2.18,2.15,2.10,2.16,2.24,2.28,2.28,2.30,2.34,2.46,2.64,2.85,3.07,3.73,4.00,5.42,22.11,63.84,59.93,64.12,103.41,5.12,21.13,
Left Percent:
50000.00,852.80,1079.48,812.51,854.08,852.46,820.27,812.62,830.55,858.04,283.99,331.27,505.39,721.66,1073.10,1509.55,1897.56,2465.38,2647.33,1290.28,351.05,205.01,104.16,59.50,34.39,23.11,14.51,9.61,6.57,5.29,4.35,3.88,3.62,3.34,3.20,2.69,2.80,2.81,2.83,2.84,2.88,2.89,2.95,2.99,3.06,3.13,3.28,3.60,3.48,3.27,3.40,4.66,3.69,3.12,3.55,3.63,4.05,3.38,2.56,2.00,2.99,6.42,3.80,
Right Percent:
50000.00,844.75,1074.24,808.22,849.15,847.45,815.45,807.70,825.47,852.76,282.44,329.62,502.34,570.67,390.32,179.38,108.40,34.49,25.79,19.43,15.35,12.55,10.32,8.83,7.20,6.07,5.15,4.27,3.96,3.63,3.15,2.80,2.58,2.32,2.20,2.20,2.07,2.03,2.02,2.01,2.00,2.01,2.02,2.06,2.10,2.15,2.21,2.51,2.68,2.97,3.22,3.35,5.40,25.65,59.12,180.02,125.92,77.61,70.57,75.63,243.51,90.21,286.46,
Left Percent:
50000.00,1157.86,1154.02,664.30,633.57,887.83,864.95,805.18,162.41,240.79,129.10,31.75,21.39,20.27,18.65,16.68,13.98,12.91,11.71,10.33,9.53,8.53,7.44,6.59,5.90,5.31,4.52,4.12,3.83,3.51,3.24,3.13,2.96,2.78,2.49,2.36,2.39,2.36,2.33,2.30,2.27,2.22,2.21,2.24,2.29,2.62,2.70,2.72,2.81,2.58,2.46,2.57,2.35,2.36,2.48,2.82,4.03,7.13,9.06,7.36,16.53,21.13,8.91,
Right Percent:
50000.00,1146.40,1142.99,894.42,874.56,880.44,857.66,798.77,925.56,892.12,276.81,323.01,492.15,725.24,939.46,470.56,150.24,75.23,52.33,34.55,25.67,18.25,13.28,10.41,8.24,6.52,4.66,3.93,3.41,2.89,2.55,2.38,2.25,2.16,1.94,1.92,1.85,1.82,1.81,1.80,1.80,1.81,1.82,1.85,1.88,2.00,2.10,2.18,2.22,2.39,2.74,3.25,4.28,10.89,38.46,193.17,127.34,85.57,74.06,79.93,931.64,3545.67,1743.21,
Left Percent:
50000.00,859.57,1013.26,493.77,257.62,250.68,304.49,335.73,345.37,343.20,180.39,28.28,16.87,14.44,11.74,10.34,9.36,8.38,7.67,6.28,5.70,5.28,4.79,4.36,4.06,3.80,3.57,3.33,3.06,2.66,2.35,2.11,1.97,1.88,1.75,1.58,1.71,1.68,1.70,1.72,1.73,1.78,1.81,1.81,1.82,1.87,1.89,1.85,1.81,1.89,1.78,1.61,1.44,1.57,1.38,1.34,1.45,1.57,1.52,1.40,1.91,2.27,1.59,
Right Percent:
50000.00,872.02,1035.38,817.01,850.87,842.15,806.19,809.92,815.14,860.01,291.30,321.59,452.05,626.01,679.43,745.59,757.67,717.58,624.52,450.42,375.06,321.98,241.41,57.60,30.67,20.28,14.03,9.86,7.00,4.55,3.76,3.16,2.94,2.76,2.46,2.53,2.48,2.29,2.21,2.15,2.11,2.09,2.08,2.10,2.13,2.34,2.65,2.69,2.79,3.21,3.46,3.54,4.44,8.27,7.53,19.44,74.97,59.46,56.95,60.10,148.96,181.60,113.03,
Left Percent:
50000.00,915.51,1130.92,822.60,839.61,866.46,832.50,839.53,840.34,894.30,290.20,321.71,159.97,73.41,44.29,28.65,21.54,15.61,12.39,10.16,8.33,7.40,6.50,5.87,5.39,4.98,4.30,3.41,2.97,2.63,2.45,2.34,2.29,2.26,2.27,2.25,2.30,2.10,2.28,2.34,2.35,2.40,2.40,2.47,2.60,2.63,2.48,2.30,2.05,1.95,2.29,2.31,2.27,2.34,2.22,2.18,2.18,2.19,1.87,1.56,2.38,3.77,2.70,
Right Percent:
50000.00,895.53,1105.29,812.77,827.68,854.17,821.32,827.52,828.37,878.06,287.85,55.66,28.59,19.25,14.92,12.02,10.59,9.21,8.79,8.28,7.80,7.42,7.22,7.01,6.47,5.74,5.04,4.24,3.58,2.97,2.56,2.21,1.93,1.76,1.59,1.48,1.39,1.22,1.31,1.35,1.36,1.38,1.41,1.46,1.54,1.66,1.85,2.08,2.39,2.91,4.41,5.30,7.29,90.44,98.12,124.57,94.20,66.83,6.68,10.20,8.62,8.57,128.97,
Left Percent:
50000.00,30.18,18.84,19.74,21.00,21.01,19.55,18.82,13.33,13.35,10.89,8.41,7.93,6.73,6.16,5.79,5.50,5.19,4.89,4.66,4.36,4.11,3.79,3.51,3.22,2.98,2.68,2.38,2.12,1.89,1.72,1.57,1.45,1.35,1.27,1.23,1.20,1.16,1.14,1.15,1.15,1.17,1.18,1.20,1.21,1.23,1.25,1.32,1.41,1.54,1.54,1.38,1.30,1.42,1.36,1.42,1.86,1.59,1.59,1.55,1.81,1.37,1.42,
Right Percent:
50000.00,879.68,673.49,595.44,602.96,602.57,578.26,566.92,118.25,97.72,20.20,9.91,9.15,8.12,7.19,6.57,6.19,5.89,5.47,5.42,5.09,4.83,4.56,4.42,4.29,4.18,4.20,4.00,3.68,3.34,2.98,2.58,2.28,2.04,1.85,1.74,1.67,1.61,1.59,1.61,1.62,1.65,1.68,1.71,1.76,1.82,1.88,2.11,2.46,3.02,3.27,3.54,3.95,6.73,4.14,3.68,6.22,7.79,8.97,23.13,5.82,2.06,3.68,
Left Percent:
50000.00,872.20,1127.03,484.43,591.26,705.99,526.37,250.95,50.74,52.93,30.03,13.98,12.22,10.24,8.95,8.09,7.43,6.85,6.28,5.79,5.46,5.16,4.86,4.64,4.41,4.27,4.24,3.84,3.33,2.85,2.28,2.00,1.81,1.67,1.58,1.62,1.44,1.39,1.40,1.39,1.40,1.42,1.49,1.49,1.50,1.55,1.68,1.78,1.87,2.06,2.11,1.67,1.61,1.87,1.55,1.41,1.44,1.70,1.77,1.69,2.20,1.85,1.51,
Right Percent:
50000.00,893.66,1165.77,862.52,874.68,901.31,867.09,807.60,859.41,847.15,127.11,29.44,24.73,17.22,13.33,11.05,9.42,8.05,6.91,5.92,5.34,4.79,4.27,3.83,3.49,3.24,3.08,2.87,2.60,2.38,2.24,2.20,2.25,2.24,2.31,1.73,2.22,2.12,2.14,2.14,2.17,2.21,2.29,2.38,2.39,2.35,2.20,2.16,2.09,2.09,2.14,2.27,2.52,3.33,4.01,7.34,28.70,53.48,62.54,66.66,109.98,12.14,52.66,
Left Percent:
50000.00,87.60,32.43,31.64,33.23,33.44,29.57,26.04,22.71,18.35,15.27,11.00,10.12,8.58,7.78,7.27,6.83,6.44,6.05,5.68,5.33,4.94,4.37,4.03,3.72,3.43,3.06,2.71,2.37,2.14,1.90,1.67,1.52,1.37,1.30,1.29,1.22,1.17,1.17,1.18,1.19,1.21,1.30,1.32,1.33,1.35,1.36,1.39,1.46,1.59,1.68,1.54,1.41,1.50,1.48,1.54,1.43,1.21,1.22,1.17,1.61,1.44,1.23,
Right Percent:
50000.00,886.31,821.01,680.79,683.61,694.96,672.60,665.47,658.60,617.83,77.08,21.81,19.20,12.27,10.03,8.65,7.79,7.08,6.52,5.87,5.71,5.03,4.60,4.20,3.81,3.52,3.31,3.10,2.89,2.80,2.84,2.97,2.85,2.36,2.15,2.00,1.94,1.84,1.85,1.87,1.89,1.93,2.13,2.20,2.22,2.31,2.42,2.63,3.03,2.69,2.49,2.52,2.86,4.19,3.85,5.13,16.84,32.76,59.22,62.19,95.79,17.79,29.20,
Left Percent:
50000.00,921.50,47.03,40.58,45.10,45.88,41.96,35.86,20.59,19.09,15.02,9.66,8.94,7.64,6.83,6.32,5.96,5.53,5.23,4.91,4.47,4.24,4.07,3.87,3.67,3.56,3.48,3.29,2.85,2.54,2.21,1.83,1.70,1.55,1.49,1.36,1.38,1.33,1.32,1.31,1.35,1.40,1.40,1.41,1.44,1.51,1.61,1.64,1.70,1.82,1.78,1.46,1.38,1.65,1.33,1.23,1.27,1.24,1.29,1.25,1.51,1.11,1.09,
Right Percent:
50000.00,918.72,1081.40,831.29,846.18,864.08,827.32,835.25,728.12,780.04,185.85,30.67,26.05,16.66,13.06,11.20,9.72,8.28,7.51,6.62,5.48,4.97,4.60,4.20,3.68,3.27,2.89,2.59,2.32,2.20,2.18,2.33,2.26,2.22,2.23,2.16,2.41,2.30,2.29,2.27,2.28,2.25,2.25,2.32,2.36,2.24,2.27,2.26,2.20,2.06,1.97,2.04,2.29,3.67,3.67,5.49,21.37,61.82,62.41,67.35,123.01,5.89,32.20,
Left Percent:
50000.00,51.18,23.15,23.23,23.28,22.56,23.11,21.24,19.63,18.54,14.90,11.23,9.73,8.45,7.60,7.14,6.80,6.38,5.98,5.22,4.69,4.48,4.13,3.79,3.50,3.23,2.95,2.67,2.39,2.21,2.01,1.81,1.64,1.53,1.49,1.28,1.32,1.27,1.28,1.30,1.29,1.31,1.33,1.46,1.48,1.51,1.53,1.58,1.60,1.60,1.62,1.47,1.31,1.39,1.33,1.37,1.59,1.49,1.51,1.46,1.71,1.29,1.35,
Right Percent:
50000.00,729.91,644.72,553.95,565.47,561.91,554.74,540.40,544.79,548.47,232.68,138.08,92.43,36.47,24.28,21.17,18.06,15.34,13.03,10.61,8.27,7.43,6.15,5.23,4.47,3.86,3.34,2.92,2.61,2.48,2.42,2.49,2.48,2.39,2.46,2.98,2.66,2.62,2.62,2.55,2.53,2.49,2.47,2.46,2.57,2.55,2.55,2.52,2.55,2.33,2.19,2.30,2.53,4.09,4.25,5.28,17.89,56.75,54.05,56.68,105.86,6.13,21.34,
Left Percent:
50000.00,984.08,733.26,277.36,368.65,522.93,346.35,88.31,39.29,42.14,25.68,11.67,9.93,8.67,7.65,6.90,6.41,5.79,5.36,5.03,4.74,4.49,4.26,4.06,3.91,3.69,3.52,3.43,3.27,3.25,2.90,2.58,2.28,2.02,1.86,1.54,1.59,1.55,1.55,1.54,1.53,1.56,1.59,1.56,1.63,1.75,1.82,1.95,2.22,2.30,1.82,1.46,1.41,1.74,1.41,1.25,1.25,1.45,1.58,1.48,2.01,1.63,1.31,
Right Percent:
50000.00,985.63,1139.51,870.00,867.40,882.37,854.18,788.30,834.43,825.21,279.51,57.66,42.39,29.70,21.61,16.81,14.12,11.32,9.42,8.54,7.45,6.45,5.36,4.58,3.94,3.42,2.93,2.47,2.15,2.03,1.98,1.99,1.98,1.97,2.01,2.33,2.13,2.07,2.04,2.03,2.03,2.03,2.00,2.08,2.08,2.04,2.02,1.94,1.87,1.79,1.87,1.94,2.29,3.99,4.83,9.48,66.25,63.50,59.60,63.85,160.30,51.26,87.45,
Left Percent:
50000.00,838.63,117.94,85.38,70.63,67.39,67.77,61.09,55.15,49.43,21.85,11.03,9.83,8.40,7.42,6.84,6.43,6.02,5.66,5.35,5.02,4.70,4.40,4.24,4.21,4.13,3.98,3.45,2.88,2.49,2.16,1.79,1.60,1.50,1.40,1.30,1.24,1.18,1.21,1.21,1.20,1.21,1.23,1.28,1.36,1.41,1.44,1.53,1.62,1.78,2.04,1.75,1.67,1.73,1.55,1.34,1.34,1.40,1.42,1.35,1.89,1.70,1.37,
Right Percent:
50000.00,832.10,1049.44,788.67,802.01,812.78,782.74,780.50,791.54,806.56,227.27,48.62,38.27,22.77,16.34,13.03,10.92,9.13,7.76,6.65,5.67,4.67,3.83,3.35,3.02,2.75,2.55,2.44,2.47,2.56,2.54,2.94,2.75,2.47,2.16,1.92,1.83,1.74,1.81,1.81,1.82,1.82,1.86,1.96,2.20,2.36,2.54,2.94,2.85,2.49,2.26,2.25,2.28,3.64,5.18,9.52,24.32,31.64,39.77,55.93,22.94,8.34,20.51,
Left Percent:
50000.00,28.48,13.72,14.09,14.49,14.56,14.47,14.14,13.39,12.76,9.20,7.88,7.72,7.15,6.69,6.44,6.37,6.14,5.96,5.80,5.82,5.81,5.75,5.63,5.69,4.83,4.11,3.45,2.83,2.52,2.16,1.91,1.70,1.52,1.38,1.35,1.26,1.21,1.17,1.18,1.20,1.31,1.35,1.37,1.41,1.41,1.45,1.52,1.73,2.02,2.14,2.16,1.81,2.12,2.09,2.07,1.66,1.69,1.97,1.94,2.36,1.69,1.50,
Right Percent:
50000.00,475.61,205.87,194.79,171.29,155.60,143.66,117.71,97.51,85.06,37.87,14.24,12.88,10.25,8.42,7.16,6.17,5.55,5.11,4.72,4.39,4.06,3.75,3.40,3.01,2.68,2.48,2.34,2.23,2.28,2.46,2.65,2.84,2.76,2.42,1.97,2.13,2.09,2.05,2.10,2.17,2.40,2.49,2.58,2.72,2.79,2.92,3.00,2.83,2.35,2.13,2.05,2.30,3.28,7.54,15.56,15.18,3.23,1.43,1.02,1.88,3.00,7.32,
Left Percent:
50000.00,43.96,25.74,25.01,24.48,21.68,17.04,15.99,15.76,14.91,12.10,9.13,8.72,7.62,6.91,6.40,6.02,5.57,5.37,5.07,4.90,4.70,4.38,3.98,3.62,3.32,3.04,2.76,2.45,2.11,1.93,1.79,1.62,1.53,1.44,1.29,1.31,1.28,1.28,1.29,1.28,1.28,1.34,1.37,1.38,1.41,1.53,1.62,1.66,1.68,1.73,1.58,1.49,1.61,1.54,1.45,1.58,1.60,1.69,1.64,2.11,1.65,1.47,
Right Percent:
50000.00,756.16,661.14,576.51,571.16,522.25,117.87,148.79,258.33,313.49,30.48,12.52,11.10,9.77,8.60,7.59,6.66,5.64,5.17,4.61,4.25,3.85,3.50,3.17,2.91,2.68,2.49,2.33,2.19,2.10,2.03,2.02,1.97,1.90,1.87,2.11,1.87,1.86,1.85,1.84,1.83,1.87,1.84,1.89,1.92,1.96,1.92,1.92,1.86,1.87,1.84,1.93,2.00,2.66,3.43,5.07,33.48,61.80,58.35,61.30,214.13,58.28,123.87,
Left Percent:
50000.00,23.94,17.56,19.51,19.73,18.54,18.50,19.22,19.01,18.70,12.70,10.17,9.47,8.48,7.86,7.40,6.95,6.32,5.79,5.44,5.05,4.73,4.42,4.12,3.74,3.41,3.12,2.82,2.52,2.19,1.93,1.73,1.57,1.44,1.34,1.29,1.30,1.20,1.17,1.14,1.14,1.14,1.15,1.20,1.24,1.27,1.32,1.39,1.50,1.67,1.72,1.59,1.51,1.67,1.65,1.95,2.20,2.30,2.48,2.35,2.75,1.78,1.88,
Right Percent:
50000.00,376.42,305.74,318.09,324.89,271.15,239.01,229.81,216.86,200.25,66.62,19.01,16.18,10.76,8.20,6.56,5.59,4.79,4.42,4.09,3.91,3.79,3.68,3.61,3.66,3.87,3.56,2.73,2.20,1.82,1.56,1.39,1.24,1.12,1.03,0.99,0.91,0.93,0.91,0.90,0.91,0.91,0.93,0.97,1.01,1.05,1.11,1.19,1.30,1.46,1.58,1.65,1.94,4.20,8.71,12.19,14.41,3.39,2.06,1.84,4.33,1.59,2.40,
Left Percent:
50000.00,64.88,24.32,21.08,21.70,23.09,22.88,23.22,22.56,13.18,10.00,7.48,7.15,6.45,5.95,5.67,5.46,5.25,5.01,4.75,4.46,4.13,3.91,3.70,3.56,3.48,3.47,3.53,3.62,3.60,2.95,2.45,2.20,2.03,1.88,1.94,1.65,1.57,1.57,1.55,1.58,1.64,1.65,1.68,1.72,1.86,2.01,2.13,2.30,2.59,2.30,1.86,1.74,1.76,1.59,1.33,1.36,1.58,2.03,2.06,2.86,1.76,1.38,
Right Percent:
50000.00,719.88,950.37,694.75,602.82,508.21,380.47,292.81,253.88,117.77,55.82,25.27,20.47,15.68,11.98,10.60,9.39,8.41,7.44,6.44,5.80,4.81,4.28,3.70,3.18,2.81,2.47,2.22,2.07,2.07,2.20,2.44,2.67,2.76,2.47,2.10,2.16,2.08,2.12,2.15,2.21,2.33,2.36,2.42,2.49,2.75,2.83,2.64,2.38,2.09,1.92,1.96,2.49,5.44,17.01,43.63,61.47,62.73,61.72,70.21,187.82,109.22,54.80,
Left Percent:
50000.00,35.52,15.33,15.47,16.18,16.30,15.92,15.45,14.74,13.94,9.79,8.37,8.27,7.61,7.04,6.77,6.53,6.29,6.08,5.93,5.81,5.70,5.59,5.58,5.70,5.73,5.05,4.13,3.56,3.09,2.58,2.15,1.72,1.58,1.46,1.16,1.18,1.12,1.16,1.17,1.16,1.15,1.18,1.27,1.41,1.43,1.55,1.68,1.98,2.38,2.65,2.51,2.15,2.50,2.41,1.83,1.65,1.69,2.03,2.02,2.50,1.75,1.45,
Right Percent:
50000.00,595.96,182.09,192.59,190.35,165.88,142.89,116.86,103.55,90.85,29.46,15.74,16.21,13.37,10.70,8.87,8.04,7.29,6.71,5.98,5.45,5.01,4.59,4.15,3.64,3.18,2.81,2.46,2.29,2.27,2.34,2.41,2.30,2.28,2.30,2.57,2.41,2.36,2.34,2.35,2.31,2.31,2.31,2.29,2.37,2.39,2.39,2.45,2.49,2.23,2.09,2.00,2.24,3.64,7.14,12.86,34.13,12.66,4.08,2.22,4.37,6.29,10.19,
Left Percent:
50000.00,46.99,21.23,20.71,20.31,20.43,18.79,14.48,13.16,12.91,10.44,7.72,7.25,6.44,5.81,5.40,5.08,4.79,4.53,4.24,4.06,3.89,3.72,3.57,3.43,3.31,3.25,3.06,2.77,2.50,2.25,1.95,1.84,1.74,1.68,1.56,1.46,1.42,1.42,1.40,1.39,1.41,1.49,1.46,1.48,1.54,1.77,1.87,1.84,1.83,1.62,1.33,1.30,1.63,1.27,1.20,1.25,1.45,1.60,1.55,1.89,1.62,1.27,
Right Percent:
50000.00,788.03,795.90,674.12,675.33,686.40,664.08,576.04,460.00,429.91,46.04,15.29,13.06,10.53,8.74,7.58,6.69,6.10,5.55,4.89,4.52,4.20,3.88,3.56,3.25,2.96,2.75,2.58,2.44,2.44,2.46,2.38,2.44,2.43,2.41,2.19,2.21,2.15,2.16,2.15,2.14,2.17,2.27,2.28,2.32,2.42,2.41,2.37,2.30,2.30,2.12,2.18,2.30,3.08,3.19,4.94,12.41,30.90,55.57,61.12,80.30,6.17,14.79,
Left Percent:
50000.00,47.95,21.19,20.71,20.65,20.50,18.81,14.45,13.16,12.91,10.46,7.72,7.26,6.43,5.82,5.46,5.08,4.80,4.52,4.28,4.04,3.88,3.72,3.57,3.41,3.31,3.23,3.06,2.77,2.50,2.25,1.96,1.84,1.74,1.68,1.53,1.46,1.42,1.41,1.39,1.38,1.40,1.48,1.46,1.49,1.55,1.77,1.87,1.84,1.83,1.62,1.33,1.30,1.64,1.27,1.20,1.25,1.45,1.60,1.55,1.88,1.58,1.27,
Right Percent:
50000.00,800.34,796.07,664.24,671.80,688.34,664.73,575.81,460.02,430.51,43.95,15.28,13.09,10.57,8.79,7.80,6.69,6.12,5.52,5.01,4.51,4.19,3.88,3.56,3.25,2.95,2.72,2.58,2.45,2.42,2.46,2.40,2.44,2.44,2.41,1.93,2.21,2.15,2.16,2.14,2.14,2.18,2.26,2.28,2.33,2.41,2.42,2.37,2.31,2.29,2.12,2.20,2.29,3.09,3.20,4.92,12.39,30.26,55.44,61.23,78.46,5.71,15.23,
Left Percent:
50000.00,46.34,21.39,20.65,20.48,20.38,18.65,14.47,13.17,12.91,10.46,7.74,7.34,6.44,5.79,5.39,5.07,4.79,4.53,4.26,4.04,3.88,3.72,3.61,3.43,3.31,3.23,3.06,2.77,2.51,2.25,1.96,1.84,1.74,1.67,1.51,1.46,1.42,1.42,1.40,1.37,1.40,1.48,1.46,1.49,1.55,1.77,1.87,1.84,1.83,1.62,1.34,1.30,1.63,1.27,1.19,1.25,1.45,1.60,1.55,1.89,1.61,1.26,
Right Percent:
50000.00,815.47,788.88,674.36,669.69,680.68,663.60,576.27,460.92,430.05,43.98,15.37,13.89,10.51,8.67,7.54,6.69,6.11,5.53,4.88,4.51,4.20,3.87,3.61,3.25,2.99,2.75,2.58,2.44,2.45,2.45,2.40,2.44,2.42,2.40,1.89,2.21,2.16,2.17,2.15,2.14,2.18,2.26,2.28,2.33,2.42,2.41,2.38,2.33,2.30,2.12,2.22,2.31,3.10,3.17,4.90,12.39,30.64,55.44,61.19,70.47,5.95,14.31,
Left Percent:
50000.00,837.95,1104.57,831.77,829.75,863.09,828.65,837.27,834.15,939.12,284.60,56.59,31.85,22.67,17.74,14.70,12.71,10.61,9.33,8.41,7.51,6.84,5.85,5.11,4.45,3.99,3.61,3.22,2.93,2.88,2.92,2.92,2.65,2.43,2.31,2.08,2.09,2.05,2.05,2.04,2.08,2.11,2.12,2.16,2.27,2.31,2.35,2.43,2.68,2.07,1.79,1.65,1.49,1.58,1.46,1.54,1.71,1.91,1.97,1.83,2.30,1.92,1.72,
Right Percent:
50000.00,842.45,1108.80,841.79,839.35,872.03,837.56,845.83,842.55,944.10,160.99,38.26,30.87,21.28,16.39,13.38,11.29,9.42,7.91,7.01,6.24,5.68,4.94,4.44,4.01,3.71,3.57,3.19,2.86,2.78,2.77,2.68,2.55,2.48,2.44,2.21,2.51,2.45,2.46,2.44,2.45,2.46,2.43,2.50,2.50,2.53,2.53,2.52,2.58,2.46,2.46,2.61,3.01,3.88,4.91,8.50,43.59,58.49,55.32,58.63,120.29,13.99,80.74,
Left Percent:
50000.00,696.95,61.63,56.53,52.42,50.85,54.06,48.32,47.54,47.07,18.82,13.27,12.97,11.06,9.76,9.05,8.60,8.02,7.59,7.38,6.97,6.67,6.21,5.66,5.13,4.70,4.28,3.90,3.35,2.93,2.68,2.44,2.25,2.11,1.98,1.66,1.71,1.66,1.64,1.63,1.63,1.63,1.67,1.68,1.68,1.76,1.91,2.05,2.13,2.15,2.21,2.01,1.69,1.72,1.77,1.70,1.60,1.97,2.46,2.41,3.59,2.36,1.73,
Right Percent:
50000.00,985.63,1032.49,780.15,792.69,811.77,791.07,785.29,796.16,817.82,269.65,307.09,404.82,490.95,346.80,247.24,175.23,126.63,91.46,63.57,35.16,24.68,17.88,13.38,9.61,7.64,6.19,5.15,3.82,3.10,2.92,2.88,2.68,2.48,2.38,2.49,2.35,2.29,2.27,2.26,2.25,2.24,2.26,2.32,2.33,2.36,2.49,2.57,2.72,2.62,2.79,2.54,2.76,4.91,7.13,22.56,92.45,81.70,70.94,75.20,220.39,111.29,75.62,
Left Percent:
50000.00,17.78,14.87,15.17,14.70,15.31,15.65,15.93,15.92,15.35,11.73,9.50,9.10,8.30,7.74,7.07,6.78,6.52,6.27,5.94,5.58,5.23,4.52,4.18,3.88,3.49,3.12,2.76,2.44,2.21,1.94,1.73,1.58,1.46,1.28,1.25,1.17,1.12,1.12,1.12,1.12,1.22,1.24,1.26,1.27,1.28,1.32,1.45,1.61,1.79,1.82,1.74,1.62,1.93,1.82,2.06,3.09,3.02,2.99,2.92,3.70,3.59,3.53,
Right Percent:
50000.00,400.94,352.99,335.40,324.88,320.48,313.12,307.66,306.32,301.95,176.99,160.32,167.71,113.10,68.06,36.37,25.93,19.57,15.68,12.47,10.59,9.02,6.74,5.65,4.91,4.73,4.49,4.52,4.80,4.22,2.85,2.22,1.83,1.59,1.32,1.07,1.15,1.09,1.11,1.12,1.13,1.28,1.33,1.38,1.44,1.48,1.58,1.87,2.26,3.33,4.38,3.71,4.76,9.16,42.85,42.54,13.51,2.12,1.11,0.92,1.41,2.48,5.65,
Left Percent:
50000.00,62.57,21.23,20.58,22.04,22.19,21.12,20.18,19.07,13.40,11.13,9.30,8.75,7.78,7.26,6.71,6.37,6.08,5.80,5.60,5.35,5.16,4.99,4.86,4.81,4.19,3.68,3.24,2.85,2.49,2.21,1.94,1.73,1.57,1.48,1.40,1.20,1.19,1.14,1.23,1.24,1.25,1.28,1.32,1.34,1.33,1.42,1.54,1.74,1.91,1.97,1.95,1.70,1.90,2.02,1.76,1.76,1.83,1.93,1.86,2.37,2.00,1.71,
Right Percent:
50000.00,692.77,693.02,489.35,443.37,387.30,321.05,285.81,253.34,123.44,57.59,20.57,15.17,11.75,9.99,8.53,7.38,6.51,5.80,5.21,4.74,4.33,4.01,3.71,3.48,3.34,3.27,3.33,3.55,4.02,3.68,3.21,2.76,2.34,2.01,1.79,1.46,1.50,1.45,1.55,1.59,1.65,1.72,1.80,1.88,1.94,2.12,2.49,2.96,3.68,3.96,3.18,3.55,4.34,9.59,22.39,40.07,20.24,5.20,2.67,5.14,12.94,32.81,
Left Percent:
50000.00,986.93,1125.27,877.10,872.52,893.44,859.05,865.44,803.11,991.34,277.59,231.11,63.36,33.44,21.37,15.58,12.51,9.53,7.86,6.83,5.96,5.34,4.70,4.27,3.91,3.65,3.47,3.21,2.95,2.82,2.74,2.57,2.33,2.14,2.03,1.77,1.81,1.75,1.74,1.73,1.73,1.75,1.77,1.77,1.84,1.98,2.06,2.13,2.22,2.02,1.78,1.43,1.36,1.62,1.34,1.24,1.34,1.66,1.83,1.67,2.23,2.10,1.52,
Right Percent:
50000.00,978.19,1121.97,873.90,869.10,889.61,855.16,861.50,798.28,986.63,143.62,27.14,21.60,16.08,12.74,10.68,9.20,7.98,6.88,6.14,5.64,5.13,4.68,4.37,4.08,3.78,3.32,2.91,2.68,2.58,2.40,2.29,2.22,2.16,2.16,1.64,2.17,2.17,2.18,2.22,2.21,2.19,2.20,2.28,2.29,2.29,2.26,2.21,2.20,2.25,2.34,2.51,2.89,3.37,4.40,11.13,88.30,68.23,64.21,69.51,250.28,7.72,133.31,
